2.2544107383371386
2.3996785340299343
2.579410280385897
2.7281249502041174
2.8740720820895103
2.9094618326024038
3.129400986068077
3.4663662083070075
3.8942740460659646
4.6596383080629575
5.368089928834069
5.896745509230003
6.286252885601438
6.674851074736501
7.143337592614187
7.635712929719606
8.085450496714621
8.463627102393975
8.836822674111001
9.147059952068217
9.417204499848497
9.619145173003387
9.816373495086374
9.999144906623805
10.142527363612809
10.186657336759193
10.155006764050507
10.072488188426394
9.95091269066539
9.798249162113306
9.574147155533916
9.255317380388588
8.811979095343123
8.153259313546322
7.333020995688214
6.510821005654739
5.7752888762967585
5.11661481350176
4.490680142433627
3.9271559110169676
3.399992481235417
2.8921348426130273
2.7169307423575453
3.1563610738330254
3.8194944578676466
4.427852117889523
4.952429122781803
5.5660155131774705
6.268686924419903
7.206261145683644
7.251896380942182
6.83720319985965
7.125842956397692
8.040951472941265
9.177061073630243
9.98173872253557
10.185754646409935
10.250689239613738
10.49559563674634
10.88334357649861
11.2107057215603
11.245169322199505
11.124760982380115
11.200038529886847
11.59344636455358
12.189285423661156
12.819172282876067
13.226572129772027
13.349219458779604
13.458956404708092
13.881363140419674
14.642984004568614
15.465141627664543
12.62771771603815
12.828371069419369
13.569405663818305
14.63836314660676
15.546723432660176
10.511665522498845
10.977621561831189
11.545293916154394
11.74049833755554
11.429717646425404
10.888925240805534
10.469398235772445
10.227794298475297
9.827408146448851
9.06083073760466
8.019357382906003
7.064428550995949
6.4319705471213
6.083404313316909
6.028539932247814
6.170695420121754
6.436100488732465
6.481055444288455
6.756975067742456
6.857507347133573
6.869625577725734
6.73601227292671
6.608301203342792
6.72097111432814
6.723951775999392
6.647937688559049
6.581873646561377
6.5362241978404825
6.477228738257157
6.342698282717399
6.187301273238786
6.043097420076817
5.92713118569096
5.845612456390834
5.766112091157414
5.6955360410602704
5.645493913485186
5.6138253482695
5.608045386245406
5.669982493491238
5.649652592468285
5.6676380609110195
5.583528989677149
5.622677575574444
5.609548960135546
5.4656061150578195
5.528727936515846
5.599138275617657
5.732695334933746
5.694725990259841
5.69290815609258
5.691783556806924
5.657993202394782
5.631875571241752
5.537611297491196
5.408341348026712
5.062245011327315
4.781623701910726
4.676262650516292
4.83829694324732
5.012056328890781
5.151414896671207
5.193755650912122
5.1272914367534455
5.015324378663757
4.908042147165259
4.798847022856643
4.658931525443598
4.451068657764929
4.172942536918099
3.847710900752703
3.5392490519881696
3.2347016803126816
2.996273217082422
2.915240813617558
2.9501926248326553
3.0282700824287545
3.0754037775947305
3.058494869243465
3.0183311321087403
3.0170361640430805
3.0739498125773626
3.147230626945473
3.160595440373349
3.2779989445850277
3.5859200797495774
3.9621327702181244
4.252978885609476
4.343003029984318
4.225831436979912
3.9405235064948405
3.558337638542054
3.1582851347068925
2.87888033653213
2.8281238945975655
2.9812599902992725
3.2093201092988712
3.42597702121673
3.467674701587791
3.3944542239275015
3.296432067463902
3.216906219252512
3.139494439310817
3.043352820635468
2.99276270493925
3.00861505207453
3.0858882951803355
3.1285293977390904
3.099888756933986
3.019274379975003
2.917447667801525
2.813447146492282
2.706976806133676
2.5998978853571613
2.5455388741670193
2.6179054695893234
2.717234400585572
2.783074595378494
2.81750844551897
2.815410561483662
2.8612314424561016
2.884083362979339
2.8380991588167594
2.7347658377767927
2.6261482724266973
2.5861680762936556
2.62057849553369
2.6991258174429724
2.7862364692927617
2.8672952716699087
2.933251389698283
2.9535123486290806
2.909982062169222
2.814233800688325
2.70756883430505
2.6227301888090913
2.5782949312432235
2.571993019173749
2.6015891768984303
2.649065331830602
2.698192717004905
2.725328831363783
2.723240893445885
2.693932071389579
2.653409642048593
2.613198697103084
2.5924548070577718
2.5639741670915703
2.5083351782030188
2.476710780173307
2.4866041240458254
2.579810050594105
2.660087815833798
2.668445393588916
2.6141210157883363
2.5498917268202503
2.509992220658026
2.4921320409868057
2.4810565023123865
2.4824065684193735
2.5279157122975575
2.6026898727215686
2.6766213219166173
2.707562723326557
2.6929293932241665
2.6565105121858155
2.620724941398815
2.5844342281605517
2.5401100694785987
2.497364875994074
2.4571730711100446
2.4185076116996505
2.3822793933348074
2.3731067660409457
2.401839266584637
2.470433194548505
2.540226124810596
2.574158901142011
2.6240672941158936
2.769124704823803
2.8730809074378754
2.84465598655014
2.940108593363185
2.762674909023691
2.1897447071702203
1.9780815485278525
2.1353352834697485
2.49782207579504
2.7486720018895845
2.7476282328312163
2.7441468880671405
2.5366054424774265
2.458147816672295
2.549044741876864
2.79531167240218
2.9260345791164095
2.766283352345863
2.6800223268009047
2.747926834404877
2.7023740477240845
2.5867040057047297
2.4928907198072774
2.4951489350238694
2.5887608387640135
2.586581611642121
2.643686550243167
2.6410902610425664
2.690943401425536
2.7332687053628355
2.861302985956219
2.8730699347663324
2.8319468897952005
2.8194178478869074
2.7809729685798708
2.8016398531866495
2.7304373286375845
2.5083191058156014
2.3677381947442333
2.4859620434014267
2.7677038416058064
3.4682261863960435
3.556571730265857
2.921754613450658
2.244023575433844
2.1835458866170363
2.8442498219163177
3.4775983713033782
3.6873120965007855
3.64793000446588
3.6544100072254815
3.7051641883538067
3.6916082440101663
3.5969351269887526
3.442255244529416
3.2889076471238945
3.175781554616591
3.164232675639169
3.242204954572982
3.2675709710329786
3.2386422340377012
3.230720974897709
3.253627076776685
3.2482053003483844
3.1369674649138264
2.965263457976951
2.8309430075375213
2.776186622133595
2.7564090527562204
2.755742133739119
2.785403743030209
2.818400016908788
2.827868962646724
2.839703386008908
2.8675051291602967
2.917235131442932
2.919457860483638
2.9155583685987265
2.9196722130510775
2.9440946248078954
2.970029223540551
2.9444428979933686
2.911931717176725
2.8971782183686936
2.9279712027064653
2.974509303126224
2.9978053845520565
3.018717586669001
3.7833711753998127
3.686275998513202
2.9390838941981867
2.27850618022869
2.7781841663384648
3.405337203417484
3.434332232971566
2.961829264120622
2.600437313197108
2.630741900600386
2.899889437224537
3.140195653078939
3.0149868784656255
2.7590451051356664
2.5361274436489296
2.631195038621044
2.7814085758425984
2.9883456973184264
2.843965064807323
2.4266701658838357
2.3969723945624746
2.7158001462114827
3.104873992232156
3.1623287103634463
3.0054695563497247
2.613284951240663
2.4408249703427787
2.7031436397904254
3.2432801014968415
3.9735452911283766
4.75014428735539
5.611403605577927
6.464938367068989
7.166610858981982
7.809330183702833
8.531975533935901
9.380366455576217
10.318145038776626
11.265995363667916
12.206677285698653
13.13270850667388
13.983844719516735
14.629194198797236
15.04672087921012
13.714867329106408
14.382223076744873
15.605204886488371
13.942300802176439
14.340211011433484
15.047095387681463
16.03098750082343
18.211945773889788
17.494950513753015
14.860339599202401
15.20025123752229
10.143226122733532
10.32970990880043
10.243656679873661
9.907601334522637
9.535985561484566
9.253652885928537
9.018981608499743
8.69127446838253
8.232938278674249
7.623681471116018
6.737347019747564
5.802301080140075
5.033992923408322
4.55775067506902
4.2571090285019055
3.9824004928382246
3.6755886007950442
3.4048910878743515
3.1084704851250247
2.7799623349863953
2.4772741840068098
2.586616676880284
2.889012619123574
3.233493958466583
3.420352646423002
3.4217873506508227
3.335151870351152
3.2222325910826877
3.0736094194532892
2.8692399603247662
2.6262894981456615
2.5767775650711644
2.7291221532660512
2.966873222749552
3.129757039764967
3.15006352869751
3.073645030510856
2.971063377328994
2.8742351520749634
2.7773017343541873
2.5788192597837183
2.396551738969053
2.365176690412387
2.549376031738635
2.798906234892952
2.976567916442634
3.0270212043730123
3.0113771024906084
2.990547422346407
2.9606174732626673
2.8679324459431386
2.7181983835960333
2.590290025648335
2.564083665595033
2.654123344398523
2.7769525652162086
2.8622450842714113
2.893327335341864
2.8837619811533313
2.846269324286612
2.780822775433602
2.6840349780446577
2.574735395715347
2.495027248486607
2.4797288074331525
2.521092159775745
2.5746464511594738
2.61421475987808
2.648709869086431
2.697233462457767
2.7568940716923556
2.8059920649232177
2.8302353417740407
2.8204465480378675
2.7861389584937175
2.6405904269934886
2.454889092962167
2.3433358665506048
2.327771835623945
2.3746080067779642
2.4341038036926417
2.4638232931932174
2.4754015769091473
2.500588147229117
2.5565484846972315
2.6156675176974846
2.6540963910513407
2.6684789952415358
2.677613955129443
2.637212527748311
2.5388551194242703
2.3678361055286645
2.13877605217276
1.9420544571037335
1.8619809226009283
1.9009057700906853
2.0972708317953863
2.3584997338538365
2.5692810714052055
2.6805039666320325
2.7364885680410036
2.7539183048086544
2.774979646837181
2.7790276193843337
2.7441019859516387
2.6602839980759083
2.5243228775017834
2.333829399519667
2.095253501933586
1.8780461674250792
1.8181654643478098
1.9897640765234617
2.295167640161035
2.5049101993580654
2.432631461220199
2.275015225891481
3.0124852993058617
2.5994838590239806
2.3014543645947434
1.8677364371149032
1.9676161964157797
2.489017959502451
2.6930081968631323
2.725255517999211
2.9844062367451722
3.1250984055441955
2.9237356769292155
2.6972018839561103
2.2249463001812826
2.2323633853026204
2.9351441616302947
3.253960715876152
2.9957180566540726
2.6797446249742776
2.479797536380065
2.4795425950827252
2.8422591573194245
3.0179108160936554
2.7290936121225973
2.283554789844268
2.3948967357418445
2.8153413572806305
3.4128343660293314
3.8685555435313392
3.9116045536543536
3.5642075608333394
3.0521347562540404
2.7808753461059177
2.9998278268408347
3.1661129067462594
3.01703011737871
2.9635537015886753
2.744656160281002
2.620788741588994
2.7002250564373087
2.7437209810845578
2.7177205552156734
2.658524724288152
2.550917765110189
2.934497530627946
3.6265142256900904
4.24124979885103
4.426141932053259
4.245999933079957
3.9416697653381743
3.8045030863064895
3.9508940302990125
4.285284938064725
4.842667465877
5.820441789996667
6.511411835463408
7.058725349558263
7.538374181341247
8.132681265853437
8.869615801922208
9.793030530749771
10.700907751962323
11.60804141079792
12.487027255830908
13.318988839302795
14.045516891239897
14.67727138706509
15.243236670706048
17.56838697225469
25.68078336479047
25.50817227678665
20.746844827905523
14.144566231334847
14.117786483530182
14.003948278846318
13.636021730515957
13.089073311333197
12.561788608608966
12.036750551626815
11.372010375186926
10.520666935693571
9.474125437202378
8.068889568728471
6.4786622892045855
5.061319720227922
4.01207162255082
3.266152226584031
2.8134554645275256
2.695052283736169
2.9848283190139733
3.50784118462719
3.996055168028817
4.443885551266837
5.025255143910195
5.378817136315332
5.892892528296769
6.14675251362548
6.225769587001497
6.327957152344683
6.5762694792368235
7.0155843564063
7.603062971199503
8.21946194577821
8.797831633405112
9.349732191951627
9.927575321371071
10.518527035892399
11.097309629416761
11.63071877729604
12.136360790086595
12.66035477511967
13.145701001856121
13.507624062731287
13.717188410154748
13.801794017587255
13.846990846119493
13.952558576611395
14.193614635007357
14.529979491305067
14.867139267407325
15.16459670145744
13.313489124359164
14.044587379983975
15.48621610995894
13.331681961723147
14.398503724426595
15.448966301905509
10.903156231086614
12.24273536329417
13.03624901180062
13.205348087700118
13.098130540770217
13.10160195895556
13.240424546262478
13.40724061595821
13.573084194796223
13.516165254537515
12.947710410092773
12.046238873936904
11.17708911955063
10.635276819524659
10.451191227599658
10.501824429631826
10.566207466931026
10.395290971755673
10.066765330271588
9.722735613644213
9.49523772899135
9.36590314137118
9.27893862480311
9.150825513164365
8.918751270139623
8.650543535453718
8.41778566678585
8.228382981561436
8.061691135573218
7.914608801677436
7.72413290402203
7.5021832447519685
7.29974432846691
7.128452565252024
6.971866726871026
6.8231539756390225
6.677781254897391
6.523442138252506
6.3706641889291005
6.232642949653609
6.110585272999649
5.984638059513886
5.847407993051944
5.716361306899295
5.591611812627197
5.451289119200626
5.282372122525756
5.085285454356138
4.875247505585305
4.656301564763518
4.448730261716529
4.274517588884198
4.070694645206579
3.8554882433440025
3.6934997560723204
3.5836975948706336
3.5335134961758543
3.4964871494477014
3.3637248596128013
3.1546908294214764
2.9232734509204827
2.811073458671633
2.579867987081082
2.4823897807740956
2.6084912032544993
2.7474965837817784
2.8785118083904093
2.852681609254577
2.7977291293781006
2.6101677767932636
2.6467421321236975
2.799183545790063
2.6930045298398237
2.521845926744206
2.400740829265273
2.437732577753799
2.76679238371431
2.8494053171977503
2.912009203339297
3.2766157093011166
3.6262507294737043
3.5119022154909105
2.8825403249684816
2.2396754299704096
2.452276185725109
3.189185650781081
3.743578304982047
4.2959945002001545
4.828853788415695
5.306683709046194
5.802111616535238
6.376340099162464
7.085948733334541
7.877974491290738
8.676244037065477
9.400304800789138
9.89836842543493
10.295020959163798
10.661037991057738
11.046871954524343
11.425141688410427
11.779873263990032
12.151076429191487
12.592848918544897
13.11548190406218
13.632343388075912
14.044063430817157
14.31522484924975
14.480901360384818
14.61994181483579
14.785437620712704
15.039572368561194
11.591865815645884
11.460959104315691
11.538113827489862
11.519335672651119
11.29545673894051
10.967853087209395
10.222135224434744
9.87433685207327
9.860000612916524
9.747544351695671
9.473539766888315
9.10186268924101
8.706267653659177
8.345899878154487
8.002767528822005
7.747796269053386
7.572195817672357
7.474235570184454
7.357438406175188
7.191875235420382
7.0480027205416835
6.996630765971027
7.004621080283686
6.889597327639601
6.970391715905847
6.816769726420711
6.906399451337858
6.851286365199443
6.682098677434391
6.665994129639123
6.659580683286087
6.897775718058619
6.934994526312381
6.708346404304858
6.732079955789318
6.843975616794228
7.137404491730373
7.489861295281533
7.9260320879485855
8.551061090116315
9.244829318829257
9.968111446861455
10.68154708678199
11.505618579931983
12.364235638070129
13.146811089708065
13.798438453792091
14.381579857327935
14.956705295113721
15.541677136805205
13.938859561149911
14.336572538653222
15.276883053017745
8.392771816803807
8.552186466860618
8.883962158902234
8.770888220955317
8.251390365346793
7.722365388683275
7.32646623781258
6.911443860337971
6.320562901186833
5.448975957816697
4.577037004244906
4.056740751455609
3.841438142860901
3.666518356516953
3.4548586132585766
3.336360348572877
3.2494590744297294
3.095191169257119
2.882367277716503
2.7665038003512166
2.829673673936021
2.9509779458194987
3.0137464769282962
2.9967136038862714
2.9795648347608354
2.9810183581155396
2.9617385868152635
2.882942762982377
2.7770219572267583
2.718709104878833
2.760028402532282
2.8568659333510427
2.9471386212321926
3.003510006287415
3.043816902384892
3.009410963692581
2.901312946755058
2.7722361163849687
2.7134750824675957
2.725489169209973
2.742453914126827
2.740904969053973
2.723229638246731
2.721011827556097
2.744982607539545
2.7708136458365984
2.7826925682465964
2.776047747962906
2.76147635556707
2.75005464988942
2.7448363483218734
2.7215736393802383
2.694494074327877
2.672159079595765
2.668054407240174
2.6809940290348933
2.7053881064517964
2.723681420833542
2.7261990266199194
2.7118536490852163
2.678891389981081
2.638166197868375
2.601144904176076
2.569935075455262
2.551434539648168
2.555249499667213
2.5176743354355966
2.486390530675288
2.502318146761402
2.5502330940715483
2.6360031938450037
2.6706322041483825
2.650130277206808
2.5947422115531587
2.5352224672117547
2.4534979810787867
2.3605304445875026
2.35890139273106
2.455511158324772
2.608923117117493
2.7192137451258915
2.754937588384552
2.7283158114481116
2.6728450290359693
2.6140028903071206
2.5356175151420532
2.428836035495358
2.319359799324091
2.255271010997271
2.282391309430137
2.3928824632602206
2.529413370746959
2.6446458745629258
2.7166198266337704
2.743499766500992
2.7389849223661518
