2.2398116896963605
2.38792523378472
2.5768191360219617
2.7193073153860428
2.8618694676649334
2.9045137688712725
3.1124915534363993
3.458503732765805
3.856540181229946
4.613484110912254
5.330964158261716
5.865324961673845
6.258943223427887
6.650338033432248
7.113737952965438
7.60773206132794
8.067610900365553
8.44734551837372
8.811286671253683
9.13392769394777
9.407975824413906
9.611268949075253
9.810342974107282
9.995749873133294
10.139973925601188
10.190454335466423
10.157684815728677
10.076969196244988
9.964935795793815
9.808848236750048
9.590291573307795
9.279351258109074
8.837779161406614
8.188329896505177
7.369159581787962
6.550400775986601
5.813119100880764
5.146725791493635
4.515492514838172
3.949844453351178
3.4136273036898044
2.8971471666290234
2.7001969705199307
3.1362827541658804
3.7891623962380403
4.403025790090043
4.934058687943739
5.5515330059602075
6.251383342266721
7.2037261881228325
7.262303863107425
6.839501730557148
7.10994399037022
8.095328507867439
9.417698694576199
9.456758750922946
9.184309881297066
9.704767872782634
10.512497043016289
11.197038557742859
11.33981782073561
10.600816157833618
10.435170844105503
11.111399651299523
11.445999114497068
11.960363903406133
12.642780965936089
13.524521722505138
14.231852425732844
14.67947621176143
15.00845715487768
15.295918587844499
15.46030299162376
15.361269032996798
15.001240527313664
14.692970599369048
14.75986342583069
15.10385161462596
15.322971405992904
15.071144379743549
14.390918568268956
13.704063910906049
13.661013547060714
14.347861142296376
14.697519490847727
14.062900507817961
13.28993493274616
13.172686667498281
13.276872538040367
12.981767127671775
12.196966693383603
11.228695095763154
10.420382805995693
10.037829070558871
9.988293563782607
9.974165733121144
9.763396718018388
9.270216191758832
8.652563052484995
8.28600103532846
8.113469756236512
7.903856145104138
7.525538044586339
7.027507768887969
6.544102831875004
6.167387205276332
5.865318469353741
5.518470743755756
5.055878302205085
4.474743132563523
3.9661191802030986
3.667903655164575
3.5202389293163203
3.4490177293028212
3.366744192184319
3.252065697767322
3.126045698574543
3.001186626909547
2.8434965921322353
2.6406210757099644
2.427462503146239
2.374349814179086
2.5430115019273445
2.809299761881884
3.0211526603168997
3.103377966572006
3.0849054491479113
3.0351164956839187
2.995237854050484
2.9352976129973216
2.8298394032343315
2.7093842791317764
2.661246223952817
2.737541370266789
2.8633139376403336
2.962184201283728
2.998575791494685
2.9891391546909056
2.9571691468892727
2.900014479518619
2.796069089794244
2.64824006243128
2.531108186233422
2.514242585695961
2.6041922195166873
2.742605260508791
2.8597955876429664
2.9205851970351904
2.926829335697959
2.887668064209732
2.832318206536108
2.7396343115069257
2.631011973562501
2.539821619905689
2.5268430217431592
2.5907630968032325
2.675893185560547
2.7409018289337657
2.775299156465576
2.7757041706580896
2.7505246351167596
2.706106274073093
2.635223867856893
2.559321301839263
2.4719874332410012
2.3862727545726
2.3636726872359666
2.405443239546519
2.540416444435947
2.660768095973067
2.715044520366632
2.6988765399942
2.640805873650277
2.5754581006859145
2.469047995485636
2.404064355443387
2.4055580361994084
2.492470117549444
2.586935738815065
2.6491526926852096
2.648742375833739
2.6171567675894702
2.5792170455453096
2.5453629170174827
2.501894752428122
2.450151092896008
2.411542346952056
2.4181662499940955
2.4674767791962666
2.5370916480710073
2.592168628417943
2.6218388646692143
2.6314414954356145
2.6284358576435447
2.6126414357388956
2.5853710871865414
2.548858472224099
2.4967411081069915
2.4416824759728626
2.385892357026755
2.308519999866595
2.2753728935563333
2.325472133698269
2.4455746922646346
2.555256881408396
2.5789490469976406
2.527707638962202
2.4297218029286705
2.319095584322901
1.7309628557802739
1.5763937475132277
1.8073025150095587
2.3006565310626272
2.6534878768147836
2.514905753724865
2.4824497352464303
2.570080586443237
2.3797313773101
2.4430218332448517
2.53618063673975
2.574896921555919
2.3983130846313756
2.2837985277475172
2.3112081840947165
2.537867385297366
2.699646374361977
2.7249834587407986
2.554399778658064
2.4984628728532465
2.484614683246373
2.6608376051123064
2.6239874197542665
2.4956759372217032
2.555564714146168
2.504959052122899
2.432459978919618
2.395039482395346
2.5094047225177665
2.6832493342893997
2.704080584654543
2.732109336185657
2.6836749522553727
2.564519751262975
2.2125426946355535
2.2887191740778636
2.7507132565373813
2.748325865984881
2.5438707937237717
2.925609738673513
2.7770322174326076
3.475235821094786
4.222872603425491
4.348134552176082
3.9223880012828785
3.2677214552105998
2.8261919800381983
2.8861464708041877
3.1601560978578953
3.195338962186536
3.0641095064090886
3.026105400950788
3.1947894767768656
3.4682566632576517
3.6286114042293014
3.5352315628676374
3.7106713762811294
4.459358162343806
4.677234912434051
5.140869613638035
5.2047364626485715
4.820886310283129
4.38180979823261
4.2544570216736375
4.414161208391829
4.540478687783756
4.491924334126325
4.452145065438518
4.52902281495353
4.63847071356768
4.764674097505343
5.025954279853121
5.390147676311035
5.621463732915501
5.969723412341734
6.1468687328599865
6.051046745519045
5.879547894018934
5.821496019465102
6.067638740107018
6.551337184816991
7.046580442691749
7.402003025462771
7.615371719339284
7.74940715126658
7.895920316415023
8.131632953658347
8.371878822369327
8.64609135108466
8.954146341195333
9.2715540149729
9.629837720137784
10.03988403479483
10.52743984457625
11.07405320753719
11.653912835087102
12.231409765324843
12.815332464833611
13.386391602687064
13.987336363940612
14.593837239295668
15.230984444429849
15.902822224473102
16.543906969347272
17.123419070336496
17.581969648620817
17.8822827464953
18.044626257287522
18.081785876815456
17.992705634459924
17.77755425832979
17.50743555180333
17.19798248651113
16.951124131737032
16.773562408449738
16.64936004443378
16.5081083689049
16.32581285639679
16.171746462262643
16.140203052383686
16.248806324702127
16.255860321747843
15.915896842364774
15.40069107741791
15.012213329960591
14.682467851879574
14.156048338971775
13.361404262062692
12.42123297833998
11.563586299447573
10.931754432515177
10.520631415736673
10.149521352445328
9.703109834238374
9.130274515835259
8.524357688188193
7.972635507984692
7.515332586306194
6.9639648953312205
6.362452710756929
5.944942312495634
5.762345765585618
5.677285182245245
5.452309251638482
5.062034449090965
4.686576850496198
4.457274702898255
4.323249270662935
4.064896921795357
3.667355145003297
3.466786182578635
3.6170851054864763
3.9133430293913642
4.090683517738181
4.095267058399004
4.008667521093945
3.9491335090302755
3.937725801449819
3.860240197780485
3.7511218930279693
3.7130767213057645
3.787763446161669
3.9223564474215618
3.9710862092876287
3.8806000914470076
3.7135427003389867
3.570752858848472
3.465175052906996
3.3065725704501525
3.0437922920126588
2.7796401783354665
2.667868568265135
2.742048773415259
2.8875555977885847
2.9707228123134914
3.0265975540652015
2.990016064968789
2.9273519290529526
2.823916778668402
2.6529260296265345
2.5261374077549053
2.482898856677902
2.5282177842135365
2.584344370164478
2.598097838968564
2.561353895911357
2.53097661121444
2.543774049172313
2.5763993298439822
2.5823472442058923
2.6893792098448124
2.9518347618979375
2.8631543983743106
2.6777741324078526
2.381542818895296
2.251045066806706
2.4127739082597417
2.6427310465588274
2.6646809429233858
2.6220919247998387
2.624948792060738
2.7319839226940217
2.7827200228977453
2.679165449353286
2.613973135442492
2.676197186087754
2.8120223952901857
2.8866911881188737
2.876256078750003
2.8602757999959945
2.8528222933343512
2.850304885541505
2.864961675334812
2.883308937404573
2.890758898253811
2.887278270007564
2.8612311003966093
2.828416086723574
2.8109026546075127
2.798092605366937
2.7930803946118647
2.7973817201285716
2.7991195298163194
2.7985877442141813
2.802128562070971
2.8017872633780443
2.7916230038798435
2.78390296283913
2.7712672307676582
2.7671435737284247
2.7801287643476122
2.7787153786913534
2.7646827195767245
2.7638428436801497
2.77141723839409
2.7702674518768364
2.749470724374115
2.738952068991659
2.7099684708489122
2.7108216197455133
2.7308642447408653
2.7361704562260685
2.6973742960811045
2.5049305393148567
2.3293777666982227
2.4494107825880356
2.538972502298301
2.6632023677225183
2.812261853359226
2.9133776031421013
3.0090564160234736
3.0272434630396483
2.924708983593621
2.86731968927726
2.81135838857742
2.6883339437958775
2.606128654604435
2.616650346582661
2.600280280983423
2.609956397086197
2.5681286000030417
2.2870923725672507
2.381334179549991
2.7633187812105353
3.0029305939974624
3.007151429540017
2.8013931716092757
2.485976920472039
2.368617355870473
2.208607882545825
2.1415695021485766
2.3650775262382586
2.7585414097823344
3.2269147487292984
3.5265454306040604
3.57725563581761
3.474816323914563
3.39449111673974
3.383167232521665
3.4111141518285244
3.3365382475499934
3.153236174720892
2.8989426545160777
2.728650433079608
2.6466603838066196
2.6278120817007213
2.7468661858448966
2.933540089203932
3.1473328251348462
3.286648266636175
3.3215773060295835
3.261866007730275
3.1670042954383057
3.0793476016090273
2.9478013518700674
2.7608962506577335
2.7743220218267535
3.000570262173836
3.3089132477567587
3.519976197716545
3.5757583684954852
3.492712402858171
3.317010157735936
3.1047045840579526
2.9090745080202947
2.815131254843942
2.861491389455463
2.984628042345438
3.163498596378347
3.2448521024226724
3.1829575982322784
3.056930360089653
2.9254118791184096
2.8527666802552467
2.770168555108471
2.733508545409926
2.7698561016159386
2.8915851437212168
3.0123485310655753
3.0665530280485926
3.036031675184366
2.9535404849402576
2.8648368496571166
2.795226962483113
2.726311038441861
2.657457715589044
2.681740766954424
2.7246324313764863
2.760064054241419
2.7847123795287794
2.797925577378161
2.8616903474370963
2.896087963300332
2.8686290325854475
2.77916357255656
2.6674100316378513
2.603228351095522
2.6063956798154684
2.6609229095082996
2.7337182142630687
2.800491097126076
2.850996703931741
2.875088406629505
2.8546994265258716
2.792702641227238
2.7167118978878393
2.65766281637968
2.5966104531611482
2.471828726893404
2.3256827628781562
2.303136581033252
2.4396637983945886
2.563252908862095
2.4795925553091434
2.5762201638018327
2.4916922191586623
2.5185728308931234
1.9481432807668841
1.7132815939491248
2.154045370010728
2.7613240267479693
2.61869794186908
2.5412260143989513
2.350783979424232
2.4641038534983655
2.6064768014963025
2.767267730158276
2.6918709221709776
2.6219386135550904
2.7234317871357954
3.044609455889678
3.3419163464390063
3.422060260370505
3.3019707158635034
3.1619769191557663
3.207678675951183
3.3272547491941977
3.9674320553633704
4.358939807574279
3.860294206128106
2.8368271986133697
2.782404607078785
3.3431106709884966
3.217928909588253
2.584682142455707
2.406770296952841
2.9780477126874048
3.1548363323663775
3.3488149776179674
3.5553094155608895
3.7109458561155435
3.7994567974594475
3.895676446395898
3.998169747439842
4.117159298469437
4.2453544243210395
4.45643816920672
4.9139572894732435
5.698413245117302
6.313313275743363
7.145890260012168
7.916332031855702
8.570322697012845
9.17273257031698
9.879101629064275
10.634469975619409
11.47327889264085
12.373710743127152
13.245606813381995
14.050688650374578
14.761977083077841
15.412114775962209
16.127140519719614
16.884151729967616
17.64786780652685
18.401741398280084
19.139217502816777
19.842248334934574
20.505146100103808
21.28331030579532
22.107392743962727
22.855434310030326
23.47224103535181
23.98255197018013
24.3970693955032
24.78947164220334
25.25320111861944
25.806206505175922
26.321968813487032
26.648634194121893
26.67293248519795
26.470218231218315
26.117292038652003
25.689793052800855
25.264945479755173
24.791313794083162
24.088155855449333
23.080204460950473
21.868377581264152
20.6058248628986
19.433724824967445
18.438395728954045
17.627864474972974
16.988419263020027
16.19954214260209
14.700354492078795
13.74026090855553
13.598107415821227
13.40631315666513
12.820869795663517
11.584317216038341
9.981619805873839
8.803058687519478
8.465057460496748
8.67125589947192
8.784815264737444
8.231310289147805
7.030383999346982
5.919881932662845
5.392961681634664
5.123266548640276
4.999526791880581
4.90738779649992
4.986874058118479
4.8310163285499215
4.2702464580352215
3.4998788416859328
2.8233473133439806
3.0894574282778806
2.7488875641513686
3.101903733400264
3.9380811201494703
4.912955248660662
5.663203811879171
6.16097500534456
6.575953986380795
7.004037422381125
7.481550690519773
8.02263096374697
8.648229327586488
9.3953035635661
10.14988253681866
10.73707231935799
11.19704350931327
11.598471726766494
12.053543604621696
12.647884398872401
13.400194848832543
14.22276273090866
14.972495733581697
15.540510553885266
15.898701545829292
16.157504507544374
16.403518552162836
16.676198844769317
16.93015012188932
17.10982528662142
17.248645252293112
17.380556369352004
17.551867782631884
17.726706082716476
17.874463912682415
17.923960998787443
17.896223803666455
17.838731488345896
17.761596514667044
17.672896537535635
17.578117079977442
17.579028331012054
17.444657257515413
17.054745648949876
16.459768044454727
15.8417818750028
15.275026589033592
14.787122046222342
14.377507630470587
14.150802836987186
14.07108026039784
13.91108516837906
13.445227529941787
12.788946604514713
12.192492039041625
11.78848347473445
11.627907346910252
11.617209050818028
11.737298520433121
11.834536860139442
11.66708270062876
11.336238936254544
11.006849358192595
10.800823638441527
10.715304393162496
10.719693492128652
10.824146380033012
10.848966580967959
10.67493095985366
10.415381632042712
10.188400514675328
10.064374801130498
10.00525258460745
10.033370379962664
10.03845512019121
9.895498830041474
9.67417296687235
9.428349850494241
9.227338983075757
9.086733965223054
8.985021957874416
8.861064882716402
8.66947028007947
8.45155783153855
8.239611414811362
8.056349485616442
7.8809898337063515
7.710017708241769
7.513482256707703
7.303682100306128
7.109776787108021
6.946977179348892
6.8001820454243855
6.647169092131065
6.501527670967418
6.362184880495703
6.231871092820184
6.097505528302194
5.967504023105261
5.84322851917787
5.7045965747164
5.55015852789973
5.390282607470837
5.233903433121891
5.07049893644566
4.884489479760849
4.670914190028757
4.467405553161565
4.2847454026885
4.129674645019105
3.9071698393798573
3.657546963127226
3.479462540949799
3.381382085755706
3.3736336063803667
3.3764123852836607
3.277856268295871
3.0839487688585154
2.7584433446638155
2.389206143714791
2.325154200255667
2.5440738262154183
2.5930876553036692
3.6093822995568363
2.6366402748332978
2.7211571322610935
2.4596722849020725
2.2461750745812554
3.0696925448060224
3.6813294564602286
3.250402236444889
2.3410667727327255
1.8997473693164162
2.190397788544014
2.8730908858821618
3.318364297594544
3.4008147106995774
3.3543579796679337
3.204205474938995
2.95445924416146
2.7014286184564695
2.1111629236479765
2.355782456272983
3.070957238282683
3.9887832604676294
4.809855859016852
5.3237771361704205
5.692529211044548
6.11583020839971
6.734797262315604
7.535039263146031
8.401650179782893
9.160604330236518
9.695268005228867
10.124887467564808
10.549360847390355
10.96736893478799
11.353047743009618
11.685804411658507
12.045604974307777
12.481654678124665
12.980128831519071
13.433780692993995
13.74696304132176
13.887955531934658
13.928315280896356
13.981162799448464
14.178204293609424
14.561516624909286
15.0755663827757
15.515069975035514
15.760224234488192
15.735533739046042
15.55928234967202
15.301269939987382
14.986695313210499
14.629148488152321
14.251258709284302
13.924586535686359
13.689540178993536
13.465266753086377
13.242817909934963
12.998177953672991
12.78678177622196
12.58326754014263
12.37502098338036
12.122661127543433
11.773330083672569
11.360475362337999
10.947022261625438
10.516764160238493
10.042682497986197
9.53944222287788
9.118965050663219
8.76867387305828
8.452173234294163
8.18327003408023
7.941588109203796
7.704651576803906
7.469323078166854
7.19354846032527
6.835038137836928
6.45420231844926
6.1609743547732085
5.94895255022915
5.728148121616386
5.449796386304493
5.130746455061398
4.739623980553834
4.3134486800497935
3.9171704762923114
3.5052843077012006
3.1081356374480578
2.81101163230119
2.7450126380620703
2.806309137239945
2.8856106544146396
2.998288984345528
3.110896184886303
3.2059348314634297
3.2188123206909167
3.1327030226286388
2.9945430040161773
2.8589498754952363
2.7605208239161465
2.7288041749752088
2.7585778673478667
2.850129382224418
2.979965170763114
3.0812829270181123
3.121634733315266
3.0808558514455515
2.983310682222485
2.893034757036297
2.75938655464835
2.6294039321970306
2.5578852694907908
2.6194595123241817
2.7530844199420237
2.852447138380492
2.8799752867369763
2.8432999500514717
2.7991427270803553
2.7662508401953243
2.7266820157142186
2.6732992379320755
2.637128549239473
2.650912587836108
2.705033940435956
2.7611733797409315
2.7857115588995396
2.7904681136732186
2.771080490146552
2.7506372900612797
2.7276672996159093
2.700690185160361
2.67134712245374
2.6373243780325413
2.6143417634843487
2.605929704570548
2.6127389077397782
2.623221833646524
2.622468152607253
2.614041497776563
2.6183153447052465
2.5673335919683034
2.513179289588873
2.48177649355209
2.490132685681948
2.570342035786594
2.624342022368008
2.61819608487672
2.5633365598945717
2.489270851046386
2.458832267621941
2.4856558705952274
2.5477391662715525
2.608731823947973
2.6435432193674733
2.657941804673334
2.6630032450398566
2.6387008151637903
2.5895164342768875
2.53228896721154
2.4869206102980734
2.468601151760031
2.4804212236962893
2.507638635645749
2.54787769555955
2.5892632996933305
2.6190084650966043
2.628467050770802
2.621564683555731
2.5931839586461125
2.556899365599551
2.5239572237718026
2.4956963992459644
2.4646195942444065
2.403653447210383
2.2833800607861385
2.225208914544316
2.3255342676592052
2.479775300632995
2.5772822973860507
2.6131899297110395
2.6421779148777182
2.6495959453069617
2.467841289482981
1.9235447580118605
2.0539786742682775
2.5605587312276756
2.8629994719623615
2.8741684250814195
2.808986587495916
2.759445148491368
2.7251677893499173
2.688466068237354
2.701157685000089
2.731998582180567
2.748043783671021
2.7441332935740195
2.7580117178315295
2.731190270572513
2.687381653757025
2.5977246825801847
2.6045933313427145
2.5680250157026645
2.4344633836632505
2.4841195532549563
2.5064475436985543
2.5228305688545136
2.5303691675156927
2.5358812851974406
2.5444640049844
2.4442127819470585
2.447632125859716
2.5694215651260626
2.655758867209717
2.6932699157558817
2.71800355986066
2.689312601861094
2.320189924270027
2.111799108596315
2.0946455839318734
2.3614796471638373
2.5154863281586524
2.5773061161036717
2.369756891896413
2.388941847694497
3.3866995415560397
4.339289683109959
4.779490637255396
