2.2615015100919327
2.4065258541425307
2.590032237475856
2.7346641573590644
2.8765784357498507
2.913636213754963
3.1312092770895914
3.46843572083806
3.8843418651592074
4.64633117884136
5.35839545023859
5.888663262692806
6.277960825832492
6.666529775033435
7.132644298306277
7.626529535304026
8.0795768688926
8.458240307789067
8.829116532716172
9.14174112532812
9.414823388834108
9.615487107075237
9.814886865357447
10.000617981995333
10.14430439126524
10.185490035697955
10.15119902029453
10.069912433409346
9.950822218646081
9.800008925669639
9.579150748613623
9.263202864546574
8.820930018319686
8.16227845593372
7.343233809337861
6.524013161409085
5.787693384201897
5.127232987401542
4.497306903278864
3.932400798138429
3.4023696012804625
2.8936120576312896
2.71469595132886
3.1513957472056306
3.8093289357488644
4.419250098479245
4.947757451639557
5.565885017898558
6.271767184528557
7.2112741029116245
7.255929747880957
6.832551266068852
7.114926821094982
8.027619310222407
9.164962044530215
9.974141323307908
10.180237218134689
10.241939432278619
10.485366026145039
10.873451145210788
11.20399126554984
11.243104592760295
11.12740164553345
11.206425755236532
11.603963639236206
12.214949754522005
12.841968820725103
13.230672156746209
13.337008782227537
13.448939770899685
13.887288256675577
14.661945384835104
15.484840926029221
12.599378965695966
12.794929081996749
13.536365498815702
14.607476267184568
15.514992784802368
10.528967312247667
11.031317044651626
11.729222657193711
12.06918831694643
11.866822059445282
11.377064757398752
11.02771646952646
10.89104420828098
10.522879894099292
9.658562853638122
8.659479797653788
8.013473998191131
7.713028624374656
7.458385291584257
7.040218671368433
6.522763873168022
6.0645320297734155
5.704694914530276
5.364344140314723
4.920334813299852
4.355304564432624
3.8055192336948918
3.427614629881584
3.2508433028965986
3.176086322364054
3.1208020818525637
3.0609323657732785
2.9211760118254735
2.8004552482687477
2.7431151687663426
2.6928353000310934
2.70109380745687
2.7196610433473034
2.6747809446175226
2.6028738961520905
2.6265963385912574
2.7789651567834794
2.962966456222708
3.119846604267286
3.1893297257731077
3.1921836238909345
3.1456682001200655
3.052075671019344
2.907139776145777
2.7535399649459524
2.584377170815981
2.5127775189487895
2.592076613065222
2.777612592896239
2.9428531878206448
3.005659397796599
2.975968761870203
2.8936390275823483
2.807456554007389
2.712897485519541
2.601383087297019
2.5289401104207805
2.5480091220111216
2.6605408512945465
2.7973536517161106
2.8886560712217575
2.9059147849087723
2.8701847927658175
2.8162862410370284
2.7613129065744353
2.7006849217588456
2.6277627154032897
2.567265343652245
2.5503441909168703
2.580588201612519
2.640695285220168
2.688040803645123
2.7104339594440936
2.7070041993319562
2.6865543602356485
2.6648113539908658
2.5734668906708476
2.4756232089452337
2.4146858648417293
2.417671326678217
2.5171802618639867
2.5969299432076
2.6132734906918884
2.5877014924412025
2.52505699360655
2.499544838760294
2.5208371740582414
2.5591704532696675
2.6101305512569373
2.643543253011224
2.6437746438671876
2.6167087906917197
2.5718380873268263
2.514383092848053
2.4656928086821366
2.4405801094915636
2.4476924066717873
2.484546472525702
2.5332050584569834
2.5817250017706788
2.6206946378867664
2.6463582439356523
2.648685077621826
2.628270429245171
2.5872670775768083
2.5382399112817517
2.5001241927073465
2.4771015927503197
2.470670948754091
2.455029326539724
2.410299435814856
2.3201658392695985
2.3326310347917856
2.428815053411272
2.53084133365563
2.596596264748584
2.5808414612679726
2.517034044869921
2.7168264960698716
2.052658128746321
1.7043417041012305
1.6559161591888762
2.051580473841566
2.520439978281806
2.588413395557746
2.5494396191661663
2.6934827830628167
2.4184510864481825
2.4243403306518427
2.522420550271314
2.5554809349888696
2.4932424356036242
2.4609495884905215
2.5723791192827172
2.631110656375995
2.5510997927455996
2.4612343525439573
2.4123352308480754
2.382335950029706
2.4027451013113876
2.429959757982815
2.4405224455989116
2.430458551807249
2.4243946127339644
2.3671127521966895
2.311571180199266
2.5027424284650173
2.7564410186182036
2.6720432225829525
2.518536254038982
2.444100802504047
2.4538919370167225
2.075084174541273
2.0721242348103712
2.2594856369280563
2.4829317241122393
2.7086283196301086
3.2097197805280206
3.536735652350151
3.149070437405058
2.7031013983261998
2.9129328373840093
3.4882080520296253
4.024644100158453
3.931534889712475
3.832423111574946
3.7351933467930962
3.7071436041113848
3.680647580442674
3.575246562871741
3.413036139756971
3.3558218434484846
3.407867294347427
3.488266833126743
3.600184290806795
3.7739102264195803
4.052489911154971
4.406811889364582
4.707374878605378
4.874095581449733
4.887855931962303
4.766339483392037
4.616348984848572
4.5385103875227255
4.520903512941287
4.495745022672717
4.437462092732867
4.321136606476151
4.2394053400773455
4.375823089725991
4.678707880161206
5.0039907409865085
5.234329192268155
5.357310241891138
5.466471601892735
5.6243764074047276
5.860685318437713
6.118562102218222
6.334610889332543
6.494140924342501
6.667145318637734
6.870278519756394
7.088300554278557
7.3100758798156615
7.531012185505765
7.784221638604642
8.097634298812586
8.384031625660713
8.639357108755112
8.876962013335206
9.12156126890142
9.421084946202967
9.862894457337944
10.447963431326597
11.15510814610206
11.908737723348748
12.60308168520463
13.206248817791211
13.701413966085859
14.136703933937959
14.479202570078737
14.723181674914501
14.990387724960545
15.47207699021104
15.766177883394457
14.63485884175094
15.416486346206112
13.447016312577032
13.12919538685444
12.628359381159154
12.327845045276465
12.486801866105099
12.852943551383351
12.885637679529294
12.279021729272085
11.351679444638885
10.582512049541736
9.793012786349365
8.926397472812626
8.04581935022834
7.156998033978018
6.4223107501452645
5.919653015100056
5.635985212908165
5.413067211867986
5.081037524398555
4.617031027678053
4.172186675325781
3.8104118431618788
3.70940869190765
3.7808216241914896
3.9427253966035476
4.0959009787002865
4.156179562940584
4.131830868887657
4.01258747682416
3.836086646998365
3.6811313836505577
3.6052439729668677
3.685822181039258
3.858124910403448
4.044042349093716
4.170419937687358
4.17836942015198
4.069826842821254
3.891921730367203
3.6929211533717923
3.489492119681141
3.246999860824261
2.9652030014567345
2.794805692215616
2.811709920754832
2.959109357413559
3.0958754532605597
3.1344768819787387
3.050700014443351
2.8505586390017887
2.606677148183318
2.407420754872279
2.4314402647353504
2.5768576330451225
2.6925940673843134
2.602579654774462
2.369396697509075
2.3279219129398414
2.7216819381372694
2.7019264793160276
2.693653353081311
2.3250997789928647
2.202384508923351
2.4079412701517926
2.600355316167102
2.6029183709054418
2.6029442317840026
2.6927497465628556
2.8562266360540067
2.633318500783559
2.5691311888433024
2.520134377401927
2.588670753145892
2.711625968160707
2.7237719060113372
2.6721948456159574
2.684212795786166
2.7208008956903904
2.7565398115946467
2.7515936399842555
2.750596190625954
2.756123005479247
2.776825134192247
2.7874775342748963
2.7765076949722083
2.757943199572157
2.7561663815654573
2.7610047445667507
2.7738709017002674
2.7748542482309904
2.7595583059572624
2.7350538303531406
2.721713876137357
2.7258091081717137
2.7462553158366383
2.7694134696931827
2.7847082153532052
2.72801574317311
2.614521080476716
2.3804863902747377
2.3533539744592424
2.3977330165422384
2.4946454246768583
2.599346150079155
2.6837690544358885
2.7834442420669796
2.875592099319779
2.927053189220599
2.945654472067346
2.8660598522042924
2.761325697077311
2.685874615648688
2.668048210761207
2.694535851120789
2.6893845085953183
2.64121437437585
2.5729118362058134
2.5519500867348617
2.5823111744392167
2.6324232506776237
2.6898528246984
2.537201093782333
2.483055380512295
2.679057141908969
2.9600776835982816
2.950073560221554
2.8622507028443374
2.9699129901748673
3.026729780162814
2.9814951969283765
2.819793963644475
2.517853119393459
2.2421554620166546
2.0108657697794894
1.9793401736808744
2.3237507590252737
2.7661176589819383
3.2164379843393944
3.4625721748359255
3.5047161451166198
3.459961381551657
3.4363643491592657
3.4733871379213745
3.4612721615799225
3.3745410137300955
3.1822659946988336
2.9615280135896733
2.80662750927424
2.7185165640589353
2.6746871696748666
2.7809194705102165
2.988922456205406
3.2213110538508953
3.3823790567274745
3.3845182507670533
3.312672004923189
3.2406433488157926
3.1607554892751546
3.014333051186562
2.772712422311746
2.7229451721873987
2.9390352742290884
3.2786005426440967
3.5247350854474453
3.6056122331197114
3.5431310471960575
3.379889903627808
3.166514307644064
2.941413406719542
2.815888489080012
2.8548847100944683
2.993297281289801
3.193779358720529
3.299683450172395
3.2626832691943655
3.1616197464564215
3.0560117755753615
2.996307881684154
2.9015456322577173
2.824303970665581
2.8236067994166443
2.907558790775702
3.0229585857423724
3.0848315329372307
3.062304348257941
2.9800869931913123
2.884838108567812
2.791587620585454
2.6828453365368343
2.579557183723592
2.5880002041695445
2.6309447486859954
2.7090115775174266
2.7745259835560137
2.8094256878015496
2.8798011999826625
2.906295697665503
2.887396838625598
2.7976952380018414
2.6842186189432153
2.61931585616236
2.625492026961192
2.684141374016755
2.7579032674766157
2.8262889612215583
2.8735323414197147
2.8926549733612728
2.872490903474565
2.8175087801862775
2.7367060720833236
2.651919495597762
2.5839784729691915
2.550475519711118
2.5609818767597683
2.607699455727412
2.66982092367688
2.71047613119819
2.726226497202947
2.647412983127276
2.49422352663332
2.36346416404515
2.368103451134461
2.498196830739281
2.6058021699818474
2.5541948828114522
2.4397837984784894
2.6574733206360803
1.8981345887689975
1.858083524866074
2.094676894242089
2.507308148814903
2.799795390533299
2.658285019826808
2.71714651025528
2.541614862746729
2.4955576371638983
2.4953366442322533
2.4577034109176426
2.4403050250668556
2.4266405334512053
2.5826992316338417
2.6639654964438333
2.6130174139753573
2.489614299985262
2.414850260558889
2.601608384636447
2.9751038233946088
3.120704868542482
3.0112068916062382
2.9144320985057877
2.9596139179050676
3.1626462872783625
3.4031973351863525
3.7474399748653697
4.2345912816447555
4.137711531296809
3.287092122667791
2.7969997792547363
3.4116857698819496
3.8720252516427083
3.9621993251094567
3.4557129349046396
3.155257764818929
3.024612822894517
3.165726516634839
3.997592310115862
4.6479738211705675
4.659186372447653
4.269042414031678
3.8206362069345365
3.4903265493081506
3.4177832917940183
3.7681230690427774
4.588136207789307
5.619192606927147
6.546595506026315
7.235653564150313
7.760888880317647
8.291496395490329
8.936970014327771
9.799388254108038
10.653826860513403
11.429077234993155
12.192894254075696
12.985906813725768
13.830117084739014
14.69219771104976
15.531361562949465
18.08836928892255
25.089633106122513
26.03443057864866
20.498259918878635
13.903522543214676
13.829692093611602
13.674422576677152
13.290119374351628
12.797657095308082
12.297863313570069
11.715968681155127
11.0013031246839
10.160717420500422
9.147449438982465
7.760042471557187
6.15709269987161
4.736380650261673
3.7153168063602626
3.021250023497622
2.6144094815770544
2.6542415838343634
3.1333338830955793
3.708091469224928
4.174147456332395
4.630880274961814
5.213742150862045
5.617284053017528
6.108850712244307
6.133550101109446
6.107754815410351
6.250872594856963
6.6852957927385654
7.323040485952353
7.989142083098787
8.543472183191408
9.025040558641994
9.532779530143591
10.110572589847774
10.748347672712365
11.340125490671948
11.856659373619701
12.333882102824964
12.821753231742099
13.238780493447399
13.529523059231243
13.648911314417528
13.67208919469358
13.711667345739636
13.907055502599272
14.259628709974724
14.685181232773916
15.051977308447443
13.490410026643417
14.025982822493338
15.243487248161745
13.258310707208205
14.264921358102235
15.335470072046673
10.655229068959299
12.037554652002422
13.14778382094537
13.511728259229528
13.375427479903513
13.162765888910485
13.14561223769492
13.367071125829419
13.468443129160352
12.724077673897236
11.922320677126553
11.672789179457975
11.710145963500127
11.725419520270943
11.190504819412036
10.065931912946196
9.170909701795727
9.084425356511
9.558988422082713
10.087618461775817
10.077993672345212
9.368852978335397
8.576374928790749
8.403746944893737
8.82693147104876
9.131257931061512
8.859610446131349
8.378966417788067
8.152590113356727
8.155827637450315
8.138198376049441
7.850773821998696
7.350556098781871
6.89206144962428
6.686633585396862
6.73162683941764
6.823474131749256
6.775458376743096
6.558671644038177
6.32970986642071
6.193933229610146
6.074151489435408
5.875719354757131
5.740705436166408
5.6956166619933075
5.698484072859526
5.639487530188411
5.444189297536037
5.176100260815741
4.91355010302927
4.681447693232749
4.428433323385255
4.122415734353314
3.864134403034139
3.6847444843945265
3.6143878968307446
3.650193080698809
3.6672837626009454
3.6484984463183565
3.6073700092530734
3.473163787720147
3.2772383606543847
2.84580474865439
2.1530436094371677
1.8862109981529072
2.1896929710072497
2.6633936062744885
2.7484818833018387
3.565469694270237
2.998536726012215
2.9492426073361835
2.794598010075798
2.7988650973122398
3.048149296624044
2.8049844433468767
2.2846920657525818
2.0215698512531426
2.309275197153697
2.8871527641382673
3.3997673046676953
3.656115400734583
3.5065036965609258
3.134961587278178
2.732587689902115
2.39482412217386
2.427343371060381
2.732403238227598
3.2480319072839015
4.084665287507607
4.989130670335424
5.761765339166213
6.313849670659956
6.746981983147182
7.2302231983984955
7.8934465911006475
8.72607227840286
9.447860786868752
9.988843861886554
10.419272142384388
10.82914828738507
11.233274513329501
11.591084173141404
11.87040024603262
12.171717116193687
12.572191802421335
13.096443325416315
13.660626007909883
14.008154160099618
13.860255565637154
13.228274597422924
13.156066818443055
14.437581572117054
15.144105636631657
11.417508363145718
12.244341377945403
13.065486758951618
14.183029267961855
15.114785232999958
9.176494883542432
8.99042781017757
9.543619832945556
10.660338348629807
11.708059604172487
12.047505549525855
11.5714376458919
10.805828239184253
10.137197551027374
9.597703552176988
9.090477589909911
8.44968678461187
7.662157976805161
6.940000594467923
6.477987562797474
6.297314177605736
6.178739472621185
5.8752781690644795
5.333930433517896
4.680397751911231
4.135042457184004
3.8695664663015616
3.63684019121657
3.52574961227865
3.4738258272185485
3.431203141324868
3.43278338947679
3.4559856079922238
3.301502991555466
2.964454744372191
2.5541216792580097
2.268440436221774
2.4865574754096427
2.89491759534119
3.3118641256461547
3.529614579869631
3.529590421811654
3.411025409849235
3.276355666085401
3.1384838619517956
2.955820482888406
2.699803459820835
2.4428363297101403
2.4690559960499656
2.7020244879106348
2.9555256053710934
3.113725422063518
3.1433607450855816
3.1575542913744825
3.1478302685727226
3.083663061564524
2.9150482298862026
2.6437250201164058
2.378084734336516
2.261807648788836
2.3999665302027005
2.6716031595297522
2.9202621860027795
3.0698545988303887
3.1141338927165116
3.0780825605505555
2.999329077010533
2.87064627871146
2.6853115440305397
2.4880389952560082
2.359733086427785
2.3781188963079685
2.5122605882434788
2.642994897381415
2.7165507519977665
2.7295420059712336
2.696342835950841
2.6263840968946157
2.5547268560057583
2.539279332139514
2.654150056824461
2.8894196911762653
3.0020269256379355
2.956177267225793
2.737616694648994
2.5307207293615326
2.445250292973308
2.557693085684838
2.697590745781066
2.7538814048167564
2.73892749514122
2.692798897183663
2.6234375892325903
2.5842675274448994
2.578319692882381
2.5749843577232165
2.5721496597330393
2.5920341240915548
2.627618288532663
2.681081787507272
2.7646241253101755
2.7711302302725556
2.760896647756474
2.7522456413956013
2.745900390554495
2.7469725265718195
2.737599525502377
2.728872408008091
2.721439315750549
2.7236884384513536
2.727111307886489
2.7408113493714317
2.764119708256146
2.78612253304599
2.8014410879553386
2.795793898206793
2.7959476127565237
2.787584676790418
2.791564624522739
2.796392475223406
2.7886566295007085
2.780560927490683
2.774751006272347
2.767867474002061
2.757975531872741
2.749472284583722
2.755030968452813
2.766097232892707
2.771717305283124
2.7680521376292084
2.7735585831305127
2.7848454791754444
2.7891241366312896
2.774478060711892
2.751302936663764
2.74915962290702
2.769030564570266
2.7948753682973426
2.7805736900567126
2.7449447273476797
2.7320695613218615
2.744536874449322
2.7618732469708878
2.780904453237281
2.8048334092901026
2.7674070273341185
2.6106740986842065
2.4157433999983478
2.3540273620009233
2.344708323813582
2.5173446893468463
2.7270727206659973
2.8678800999440655
2.9635992486250657
2.9966677117982066
2.97683852805153
2.9867475544266977
2.972261479375024
2.8563894105289247
2.7688410121801184
2.7478425875034427
2.7083403710832674
2.644359668460885
2.575489459574781
2.6316027874823864
2.638001056281295
2.6237127930884356
2.6484324417229304
2.500898536305463
2.4603548898447087
2.659492834694497
2.9262247840040163
2.9042275667699666
2.70137497791318
