2.2463575569580536
2.394141787528251
2.5786172538996945
2.7268547394660327
2.8775362818750705
2.9211627582612354
3.133822126812104
3.4637784001194944
3.8850893872585046
4.6515584321376044
5.360865646655279
5.8907628211509735
6.280299970200523
6.670590410297081
7.13774084505649
7.630927754595934
8.082824565423902
8.460622238738399
8.832114568742277
9.143460227249447
9.415375903883783
9.61697356048932
9.815607785822785
9.999330907009334
10.142514264540797
10.184907290695262
10.15269431992492
10.072346640957102
9.95291813938855
9.800920421321598
9.577824571356459
9.261278564342383
8.818687568885931
8.15896893211908
7.340534389748391
6.522630835721323
5.787001737304973
5.125158593870211
4.493070602334204
3.9278280580415057
3.397618121682705
2.8879912880885894
2.7150606647248074
3.1561768850475227
3.81571646575304
4.421856220706944
4.946829617731544
5.566360867202932
6.265379653187915
7.19452581486964
7.2360586438437435
6.839265559236515
7.135192997841923
8.048098115591142
9.176275608692501
9.973432105733243
10.179922340656058
10.250400676034022
10.496426259040794
10.881204351603072
11.203315610953112
11.23423053368996
11.118978032897177
11.204314136969453
11.602509383967224
12.196344890099471
12.817282922827511
13.219136123038156
13.339356462256426
13.453796987412645
13.884681517949321
14.652008395368979
15.473281002907457
15.978727349790972
16.086638231008646
15.941417898312798
15.777542304909788
15.65511670594462
15.486554852549006
15.195885173036116
14.796717525673854
14.436868689765355
14.227729009347945
14.102624119058468
14.005597929868152
13.833923715857132
13.59064509541857
13.291005451555565
12.90273093404001
12.499033150645712
12.220056365872017
11.88471892699561
11.40818444694211
10.820080478957504
10.219407701051425
9.727305842841732
9.383310389698108
9.140393761288939
8.886936110292469
8.541670966727686
8.106326717612234
7.691992700530583
7.355100296574244
7.073146434580152
6.7792739075442485
6.454712347363607
6.0978165175220855
5.7038605189266915
5.296299614422314
4.870003933829057
4.401932975720008
3.912890177587767
3.4810939924757114
3.1885660095067196
3.051709232563224
3.0123637173465925
2.991577857290928
2.8719594490731093
2.754762987940768
2.725654348748057
2.734947888100509
2.797968214977329
2.8280012452725445
2.7441269613448274
2.610520590068979
2.5709229000780813
2.7007334769130322
2.8848348216321766
3.058754382764454
3.1264111241492842
3.0477058432905024
2.8626834321458072
2.673928245312068
2.5760683450515045
2.5480728705153353
2.5669759955320504
2.6668669313771716
2.8625456288308535
3.018988400482978
2.86900878288871
2.915690013632823
2.7038180680545376
2.340729636272235
2.2660582638091613
2.4414742076549016
2.7199171937311766
2.8771362793261126
2.9288508530168924
2.8590748268427397
2.7341858666892276
2.679972036898401
2.695325511625757
2.705272930560839
2.72598380223986
2.7237003665759123
2.7214023411206565
2.7132886202333295
2.7139321779185672
2.712988069823649
2.7261301281989474
2.740550276862739
2.7485822408325618
2.746790062967071
2.7506076965315023
2.7459797169835976
2.7283997829283626
2.7264728559717493
2.7426676048853187
2.752584269792702
2.7265774385214465
2.719517903473676
2.7209419487249926
2.73999193876168
2.731960712558652
2.6866517505592022
2.688690290603222
2.7095565381430227
2.742279969587783
2.7727014870855315
2.695148242032853
2.4528416905537465
2.3736103306854717
2.3229409300089463
2.4213964525525187
2.5643890288418145
2.719597434297146
2.862859798060663
2.931096643672379
2.96759448529146
2.9211998091405786
2.8676104063725463
2.7772465310389185
2.648580205752116
2.6027361346344526
2.606306072438313
2.630258930851041
2.6522610206454065
2.5449000030402553
2.220812892459007
2.3697251474570042
2.671700524733897
2.9704711323400774
3.065832097318499
2.930836201566208
2.61245665920833
2.33757760492461
2.181204170725572
2.0186747226920465
2.256477954174543
2.663923199421509
3.1661100398775024
3.563382541238682
3.6360646482271197
3.501084593318286
3.3557842866801444
3.3046897907690904
3.3400981494668516
3.2689047014692094
3.0564896646247828
2.729808155577615
2.493164866954865
2.3888074751366153
2.3837853304907863
2.586555613273985
2.855288376205149
3.1166382697357013
3.300040769001117
3.346979231426437
3.30472418037251
3.2030493774706854
3.0723509162596274
2.8462485393437893
2.7258632843973722
2.8439934002918115
3.1487080402175343
3.4390231702628387
3.559240383189111
3.4543755835088708
3.267727006617078
3.093733376707608
2.979642856094257
2.9025947251644717
2.815528522430727
2.7654585580264106
2.8403135918527345
3.011535580365404
3.1565011743775355
3.2098270533623783
3.17155714617657
3.090478194915926
2.9955572275751035
2.8872571017211843
2.793954544195372
2.7662679887567156
2.835518206264138
2.9545597354556072
3.058914551200064
3.0907864878477187
3.055888353892192
2.9792037416961024
2.8796584683207964
2.7651901077155747
2.6980418485090105
2.628947542442945
2.5784617221857182
2.601089204684222
2.6743873827861404
2.8100483249729757
2.91006014659389
2.922837727925997
2.8700141338547116
2.788034574385052
2.721239603843235
2.660195072581367
2.619567786274709
2.620924768447389
2.6750920677235546
2.7589650262721377
2.8257115067731955
2.8477669516467183
2.833455323195142
2.7898500508348594
2.7336445400871043
2.675423375201174
2.612248581881135
2.568154895686675
2.5535619576839745
2.575956161797297
2.613666059789758
2.656863636722302
2.6905669803377017
2.695074332247054
2.6762470170680372
2.6450217285126043
2.585861069327801
2.493406662695504
2.4321007054777435
2.4185892343668627
2.49902605065832
2.562014362143385
2.5178879905162246
2.3839762838289924
2.2546571923933447
2.2322479480955573
2.3355798003680057
2.4708948247201623
2.536726452087469
2.526892397045035
2.470804058432314
2.578255409546617
3.3757088307137404
3.1733478367963017
2.3093786173451645
2.1404512188050293
2.338326718648371
2.597908112835143
2.815608739533128
3.148861206291303
3.1681590793405023
2.733654064454084
2.2244293740642904
1.7747469108478273
2.13956581737165
2.8516666730715343
3.365868112755415
3.3676559273518176
2.881016174525691
2.4385440494191215
2.602906813943826
2.98549372109274
3.105257833492282
2.823909726951925
2.4717414506225457
2.5073702420073065
2.6497570056820505
2.7452652047543737
3.090725641345345
3.6048168449519573
3.098423731688947
2.1373363972164263
1.6596851933004946
1.9681886505225277
3.1587873220593656
4.068046326614958
4.238597066469719
3.802134747537867
3.3080373837234216
3.1257303023713043
3.2468986141486313
3.2929914252926693
3.185372801443021
3.2284308346854984
3.43147937436366
3.576555225507873
3.5964052977440004
3.462902132197853
3.223003481034358
3.0551267678862626
3.136349081375083
3.458903146143865
3.2437236428544143
3.156370549296418
2.954391459075644
2.8116868621477322
2.769796708460395
2.694917855400463
2.6439121581679026
2.690657377350294
2.759562311220142
2.7886378976453376
2.7440343604171757
2.7299412515251436
2.7515745918261234
2.7949668097149996
2.8114460488600783
2.8253597940965656
2.828011010419701
2.8321743785229354
2.818514908630087
2.8414834696289994
2.7775380888885333
2.7945738233195447
2.82254240072593
2.8356548938751867
2.826619407845862
2.828785097834699
2.514898662668009
2.517945788373079
2.5130313541715013
2.6511376205618373
2.779811803473562
2.942430527263475
3.071537998910266
3.1301106946192636
3.0591473070449267
2.943842972050817
2.8504528301091634
2.7333346603899464
2.681627892657197
2.6383834328569784
2.657829519290951
2.626978263697301
2.60593970286431
2.555238629263961
2.3602197335014314
2.3550637078929437
2.553990442138449
2.9145854554641457
3.1066344944526625
2.973610785668131
2.763354238503489
2.6192768111168534
2.7650481940846148
3.0463491080251672
3.4305061653941644
4.081720912998425
4.87101544931837
5.694798250486604
6.371165749632752
6.925259931907201
7.496262342927246
8.184605565168708
8.997656521246368
9.885146537277159
10.78365387061447
11.65936576102153
12.498402827155443
13.240561438544386
13.817702789140458
14.279917038768225
14.767113742906323
15.221073061987367
15.600452872595689
15.834454756673024
15.88850188261697
15.863365917205758
15.892340205511085
15.984127905681667
16.121703476079343
16.11053681041835
15.959563847421256
15.870480319072547
15.893745427024497
15.814299004036313
15.499754698787557
14.969584625934624
14.502493665234931
14.5188472739371
15.05241610272493
15.862147839689142
16.305588180399088
16.28293946994408
15.924116368533742
15.69843187355087
16.02140747739855
16.888658179287717
17.737405257342505
18.161807185375512
18.206278930669463
18.16315609314732
18.261457641796447
18.40804747014447
18.481079324450636
18.43157445815818
18.341322831605897
18.287855715979482
18.285415485865165
18.25867742802036
18.155995009010294
17.996456258896522
17.800180787216544
17.591204876473768
17.319039479785545
16.954808787234406
16.528316468328274
16.07574514151664
15.657300015341349
15.257373919075125
14.850636875132954
14.390254209411914
13.900452082727758
13.364573977509599
12.795673702965392
12.221946741899878
11.603829927231494
10.921659739650387
10.233190668104525
9.58645885885652
8.994170695177118
8.458421278257099
7.978214624999397
7.527066883223633
7.081690575694442
6.637937456493995
6.185220728422814
5.7242007268313495
5.261839596065899
4.817942590557919
4.428195875824321
4.104162553117953
3.8227279918573918
3.4771445319121748
3.221821847909149
3.0661569226268197
2.971796664251904
2.8895278668728674
2.8704353673512264
2.831729236659127
2.7345534591451037
2.6777754067031396
2.7815209425852165
2.969210059667364
3.1777532924474503
3.2858092331483424
3.279577719750524
3.1995576523229436
3.069043114493541
2.9135600300795175
2.749674616276499
2.6470285491941685
2.6641883720477004
2.7734451614516957
2.8933238363968923
2.947241632789573
2.9273946802747686
2.8782148899265487
2.8488083801725255
2.758974729845923
2.641643181321176
2.520206026707761
2.523077603294887
2.638104519212351
2.779436901319888
2.8904492519613654
2.947011831907327
2.9734466130684987
2.9712432732068637
2.92623136477367
2.839146090300082
2.733660626442496
2.65264838657796
2.629609359463764
2.6639846029803325
2.714627579659591
2.759690208964856
2.7855900235844278
2.791973106193042
2.7702441976427497
2.730993145733397
2.6780408020154285
2.626685975380729
2.588453313635937
2.5633366019237362
2.53795529997524
2.5256421044136785
2.5540862865164127
2.6213189192583473
2.701448740902492
2.7568396712109053
2.768545774625411
2.7404760651941844
2.6191714732013747
2.441083251698745
2.355191797914366
2.3706106944463046
2.441139529412621
2.50951365515923
2.5358006434002025
2.5485163034290124
2.590819579406148
2.660154968904175
2.709237056353379
2.7088818130178116
2.657383072917608
2.6156281880167582
2.553031403390058
2.4450781729990734
2.2660179616174534
2.022716363387784
1.832881761500155
1.7798159320627025
1.9115106676601248
2.2062163890885405
2.5307342672177264
2.7348851353619756
2.809203038422473
2.814688784400246
2.8193487655545537
2.8226486919980665
2.813753986856157
2.745293968167494
2.6069070818460967
2.421245882909972
2.188715208959915
1.9295319519259528
1.7627083490664701
1.8106907031897514
2.079273686670738
2.4254137445484036
2.5888261480660524
2.4366497955472917
2.284086422640111
2.4565410288058454
1.853574845351826
1.839951945903138
2.053432794770318
2.416299171231731
2.5964761095789295
2.401246551304671
2.5938432656988075
2.3207716712519786
2.448787652027334
2.6044018327841165
2.7312406580553334
2.69924754965988
2.5495194307078606
2.579001484273631
2.451299900284834
2.362365287570125
2.4041720215509503
2.7547439966845473
2.9301356784486368
2.8518029243435783
2.74678185288261
2.6048740839241886
2.546107753796962
2.5580113485870335
2.8023329087832303
3.0965050141329753
3.3614655435256497
3.5074714379806355
3.5270935894572446
3.415294740111677
3.2876801097806214
3.4732516754629703
3.528789302642368
3.0802147092567815
2.741388170234316
3.1315436494391475
3.456919370179172
3.2571521638091587
3.189175961581339
2.8019822743536644
2.4891260892785763
2.3911881007893414
2.8198361729638814
3.430987238468491
3.9337736910614445
4.113661526936032
4.131250083272492
4.199550516499892
4.40139156911109
4.776760445993108
5.261246737683552
5.829485743427437
6.569286613393522
7.441831402926491
8.276863032519845
8.933956396605057
9.38651638704636
9.70692892362433
10.159775754034717
10.659700936618805
11.198613335482404
11.820514131157978
12.495642109921969
13.161323143446262
13.808950076153458
14.426760916160944
15.103264013938572
15.787626691040524
16.4278414975709
16.976205043753694
17.400290274353008
17.67054804070154
17.799017441123297
18.252088715022264
19.11306023737288
20.15104322440863
21.23582483943019
22.25685845031997
23.181518838088355
23.996546646926134
24.65225535111634
24.843823220982895
24.49051138620627
23.972176310966425
23.505432789509836
24.15413852851673
24.954519267222867
24.46090163096659
23.617980895106413
22.816835411284213
22.554972706927888
22.516649184469532
22.607014339589092
22.864341852119367
23.185805009321154
23.30380855660671
23.57355143616581
23.765216624070916
23.942854588483698
23.992933013130145
23.87298885427985
23.899264797954206
23.773142718522035
24.05543955653092
24.429577874768512
24.88887568102737
25.42898584854047
25.764453680319193
26.194454991686676
26.477444079331008
26.746272104251542
26.86236780924282
26.817608676050654
26.57619654238502
26.231245573058075
25.87577422769278
25.549425486318658
25.249857077588022
24.95729243516888
24.5684554430262
23.992423829418954
23.271383611988966
22.501058758267067
21.737170968530105
20.983849424603125
20.186427733227806
19.36583280765014
18.574554426664434
17.85592860120301
17.216213750346906
16.509633081087195
15.720503469434853
14.860645427029338
13.921796263126817
12.935340593002694
12.093568300466059
11.428027586502166
10.886968968967606
10.402365170960495
9.879354346469261
9.241050549880296
8.47867989920535
7.59836372590339
6.632499279814871
5.6914600035621525
4.84405717986025
4.096397374636376
3.446034821899185
2.8775544980538275
2.810097642140873
2.931021090360214
3.692370895982673
4.277049347085996
4.737467050094564
5.126142957093913
5.530097399047099
6.07778218785555
6.872130659623546
7.820839935018979
8.627490375171272
9.22694365297914
9.650605335221684
9.987804897865235
10.373657354692982
10.930470181665306
11.512307044857344
11.901170117351068
12.109773717669382
12.227855551182412
12.387076687677473
12.70049964373074
13.186236971865318
13.763834905300167
14.3201010974328
14.764854582003565
15.109714667573568
15.40311216430281
15.68375661245728
15.939764152237352
16.138962234043078
16.25650028250431
16.266136261438714
16.220776941963486
16.163141259552006
16.138466175007824
16.160126062067302
16.230958786799757
16.293798364819082
16.339487727812255
16.3802785476203
16.42661906007791
16.46843616326987
16.454972531874997
16.445347499117513
16.31633824108177
15.987000659831045
15.454782598036807
14.85328250844094
14.197112404082999
13.607904082697212
13.165494594792804
12.987124529387632
13.006533346720877
12.93588044776497
12.545108841147446
11.968551422297283
11.462398007945346
11.14767670237781
11.083516683291304
11.182065640359212
11.407815665804122
11.518731691314233
11.33752543307952
11.005294311479913
10.706683332986797
10.532605235247145
10.460648968191911
10.46453444972439
10.552434420414313
10.487407720511507
10.276312342860068
10.033593198601476
9.835035162951053
9.734894398997332
9.717205694638292
9.773779432909896
9.743611021286544
9.568119115176996
9.348566591676231
9.147347104729421
9.000393210915323
8.895369995040033
8.804298878409877
8.637439350020323
8.427516344605532
8.217065252425925
8.021871239199548
7.853390290373375
7.7056112218824895
7.51882090976217
7.313040728375454
7.120875153695639
6.948258119011164
6.799572749652136
6.666282124283088
6.533104015858347
6.387487589040529
6.251705780121409
6.12957228679405
6.008407026743763
5.880018827802844
5.751127213153673
5.640028577500515
5.523596828221876
5.379821055872415
5.198209973877734
5.005665685154874
4.815871001506689
4.619747019871499
4.4304572582861415
4.267818107258493
4.055312778653607
3.8159968647871376
3.738761040091334
3.6246055689641468
3.340786276882079
3.1942290676082115
3.204147248578094
3.221020305568856
3.1069336314720344
2.8550093050558325
2.542691559125121
2.502169113801082
2.7511941025207256
2.8389357978264265
2.8480868874173937
2.6034588153666562
2.4930470362061636
2.545359166983437
2.9392371434012095
3.252787208672808
2.9597382475403395
2.4743934773789764
2.2310527371952897
2.3854387340272023
2.835091587072277
3.445978841972072
3.6663030863009074
3.609417645473953
3.206471999095609
2.6743938586032705
2.415692097998881
2.6050619315280144
3.118667085111955
3.3558236225062616
3.639198124339614
4.055816230177173
4.613000639373928
5.180696282983449
5.7681023656472545
6.436046286318675
7.1869036531852135
7.961529804293588
8.747586565740583
9.372678609210206
9.818220861870074
10.209790422643668
10.58664866733028
10.978595104354548
11.340705568270113
11.66828715043176
12.008175435627065
12.413683269921144
12.877093888961124
13.322958963942884
13.65093416843629
13.842168480446867
13.950840114253598
14.019121754055544
14.163744516997367
14.461863914935453
14.895067981962038
15.339851295946904
15.61121787412208
15.620720923749792
15.443726965761563
15.209996687447559
14.944032404475113
14.640187493513386
14.311555037217568
13.9902415752964
13.7279997118558
13.483792738623832
13.246909496078594
13.026571382380233
12.786661444562952
12.57052774309902
12.30836286012562
12.046865396485881
11.688462855683014
11.248874494291927
10.79853159025589
10.338125615153201
9.860923301970647
9.411590631837083
9.037836999524853
8.713564188955724
8.411022279999527
8.13474594954088
7.877502779652034
7.636507186695806
7.356121616706817
7.006537649097024
6.6265537161174315
6.311110329331773
6.065366357671127
5.833225448699979
5.572815023616443
5.275646100594406
4.9432489160446345
4.508650615066472
4.089284413429133
3.6740303666741894
3.291304942510295
2.962181782258951
2.8268522795087936
2.827378195631448
2.8408091890631986
2.891414133740498
2.989358974057431
3.10385562500341
3.1751928093819974
3.1558744929988927
3.067785441092391
2.9488804777359943
2.847341789225674
2.773189823955682
2.738139010485758
2.776086493080006
2.871035808991001
2.9967913659883556
3.0775176933315413
3.0858005138693647
3.0357310799682895
2.971415600016885
2.838974477874274
2.69501835253035
2.5912402362745013
2.6054392058788842
2.7078111181433
2.7976205115583235
2.841948751052857
2.8283545562504733
2.8043526641301564
2.7897168658335096
2.7680889648314753
2.7264674908664177
2.683516118875855
2.6698690754210883
2.694846984512388
2.728290509898055
2.748921953835624
2.7571118015892186
2.757760544182459
2.7521751737941993
2.742444271253837
2.729294260905331
2.710078114236676
2.6791227614976556
2.639473191573693
2.603536837275926
2.594675866473471
2.598929480893295
2.6075786684711426
2.612775655450252
2.617390124651508
2.5990375423715015
2.5410364528875795
2.501543831117389
2.4935537348689545
