2.2846410368488215
2.4378076089564784
2.596755108656858
2.7313474485781826
2.8784205900845916
2.920491919730471
3.1497502769332217
3.4705143148497717
3.9122100958457917
4.68811726330157
5.397333830950796
5.921348839434204
6.3018473817807745
6.687443304522547
7.158014407786048
7.650663171941332
8.100121389339801
8.482080028687166
8.851973745385498
9.158011709060522
9.425248205874642
9.627639250642925
9.81999912568356
9.99927742814793
10.142360741147504
10.188699394992572
10.156294574740524
10.068200525832966
9.943047509311313
9.79540409223284
9.568307774708867
9.24596123444654
8.797927556477656
8.129966828486987
7.306998747343499
6.488033540626637
5.756894314110748
5.092779511515661
4.469958349433183
3.907432755473782
3.385247560855226
2.8815646768110996
2.724888042388119
3.1789734389878177
3.8403570384315246
4.438669984116133
4.958837683045824
5.584923618922664
6.3378771319201
7.262719308149946
7.267100227406017
6.80473853488242
7.109643430165659
8.045103330221629
9.194717545481485
10.001847519729656
10.189320391270938
10.244840721952821
10.482593228692872
10.876025575978664
11.205682388254955
11.242300739369401
11.123471367494588
11.204487688553202
11.587993623161093
12.238569307545227
12.862716060094458
13.22580080942014
13.322928966981149
13.472999467169474
13.974742470596437
14.785865770705659
15.580377592072308
16.012877429091695
16.056474088504487
15.909431228364463
15.769724266091732
15.657069078126357
15.465955072807787
15.141139455972198
14.716502928068774
14.365813239526043
14.185876221810624
14.078601306094585
13.981411963904154
13.802291114192798
13.559494589381877
13.267372256773635
12.87982752240213
12.474319843073651
12.186625847408594
11.855029285060628
11.386172297338726
10.80623497655038
10.20301516377273
9.696787069590936
9.34539130431158
9.106643859650674
8.866438527180772
8.537719855130657
8.100884756738015
7.669857015422588
7.333596966024936
7.060678336475559
6.777445373874903
6.4548181709416115
6.091685924089511
5.69622739018909
5.288699540096444
4.861926386714913
4.385627423570155
3.8853099651978624
3.448294550367311
3.1649072261481157
3.0438228989126275
3.0208168043434815
3.005553447284358
2.887547462441302
2.7660302652924478
2.735547056457903
2.7418238874505807
2.8000336845276075
2.817925842060445
2.7343007979893357
2.597247487806099
2.5646726929544306
2.7008411491372866
2.8933600062336313
3.078579531594715
3.1889462868057157
3.222479973109697
3.1941774506799194
3.100873144189103
2.951523554286343
2.7843783752455824
2.5915273362733795
2.479209471149706
2.5235305426897683
2.7104072029227733
2.9085883980214042
2.9858115935170195
2.894270306412384
2.6850220550491475
2.4711304517621033
2.380189399617061
2.4188235726683662
2.480711178060066
2.5245611160810832
2.5675421313181377
2.59542925034929
2.783821489643939
4.218189686827267
4.187142912348739
3.17035365828061
1.8391834638822944
1.3813059104492305
1.7796379709938797
2.675037889555868
3.142380087799467
3.036592354601167
2.9139716448761144
3.9444273681618687
3.868411229102268
2.8544073994945416
1.7147490345291334
1.398802260170438
1.8662767905807651
2.675829056077726
3.084450619579197
2.966593741310948
3.0271197602500335
2.6809744175463774
2.458591936945876
2.5416981311864935
2.6858979849929123
2.796659076277344
2.7901300952154373
2.791140430051987
2.7467641720435454
2.7392278689677356
2.728825784216766
2.749017042436178
2.7662463912611983
2.774319310691812
2.761803957935716
2.737199522232663
2.7314382361156024
2.738181535230491
2.760454671971033
2.7669360774621277
2.7323951637242843
2.712418889502929
2.7142380629390357
2.7362936531803244
2.753806459572669
2.7676585009853465
2.7716946743559245
2.6691248641066174
2.4548590391604677
2.4004455854893663
2.3695450164210046
2.432627039359495
2.50944665737303
2.5935085976237233
2.7071322299233715
2.8412391917028677
2.9424336541886458
3.011258269272794
2.979592943016998
2.8537726887517008
2.7597259383334047
2.6768605639572787
2.6795734714048596
2.737546179955031
2.715827884500337
2.6176189725029277
2.571762722848482
2.5553322984946827
2.6367282885892043
2.6947021476520883
2.621806911232406
2.4032988384453846
2.427281725933652
2.7044518674952736
3.0412692161381245
3.211824465810216
3.0968727262652695
2.8356944578726635
2.43992776294349
2.150215335088425
1.989102387448131
2.175389304585341
2.5566918455242367
2.9972360895670525
3.404094372626874
3.5900500621334013
3.542135457456398
3.4281698041385105
3.382398661667989
3.4021330216842465
3.38103460032952
3.246925721119626
3.0017008803138583
2.717010082163115
2.541863463723694
2.430263744325803
2.4442693733643277
2.6642941847705903
2.9664485950899224
3.2417199558141117
3.389258651719085
3.3841712019936225
3.285965984805538
3.184640811280668
3.0702773189315997
2.847790278702272
2.6677020872463215
2.773876309996054
3.1006736756689026
3.4370699814710326
3.6067643294333602
3.602333831843161
3.4677274256597324
3.269171931822274
3.039039430219712
2.8252440384142874
2.748884702635079
2.8284089515051023
3.0520243127254365
3.2174370632355687
3.225482939639856
3.132531042138616
3.0248338376403856
2.957644545450543
2.8550240905418383
2.7351994708903358
2.688032244129659
2.771751194917114
2.9264924135870465
3.0416210959191696
3.061747393822169
3.011652955747975
2.933576682010068
2.8501138578259613
2.7409816412606705
2.6164873616496798
2.5833268888363845
2.597452114182047
2.6465715415566047
2.7209743492885146
2.7854598221047495
2.8791190983270356
2.933200215926724
2.9158192280317334
2.8388467208037538
2.7320848423016657
2.6407931162811424
2.6017390140620087
2.6172264883521272
2.68610467915428
2.7724620358527767
2.8467049081831726
2.88549752998947
2.880748535179364
2.8284800811448645
2.697811226190901
2.488536934457798
2.2850576383945733
2.1904616206675076
2.2672471937056993
2.4251793320973714
2.5338465571207287
2.5827978576980817
2.6287281594900658
2.7581293818223664
3.544265254315682
4.047136174548261
3.3314454397647455
1.8603518254610194
1.3353804408632144
1.4143150149288903
2.395861433216976
3.050123640409178
3.146605500308435
3.028082429696441
2.8217850506146473
2.5421784648844437
2.46812162848957
2.5240358232072104
2.6408322981677412
2.630718641926419
2.5747976800955086
2.567245038061872
2.663884427076434
2.765150172069745
2.774563727915978
2.7499982629784325
2.670973286880212
2.670835886072417
2.7180065458303377
2.773923411193623
2.8023875358080867
2.8190546958049203
2.8192747532009497
2.8261592139225336
2.8291380752249786
2.8316711081165726
2.8357660708400365
2.8296578878036405
2.805767521515611
2.7721467908446895
2.7471516778041654
2.7447089628003845
2.756522434525846
2.7658221844053386
2.7697754494169073
2.780624863160967
2.7814277193831987
2.7718160401341168
2.767312007836087
2.763087831038858
2.7589411333998264
2.7610968791634676
2.7758468251537383
2.7798487447195717
2.7624407193065728
2.755625298863237
2.7593617747380668
2.7739831647752022
2.7407317876001547
2.716418807582348
2.7097706251797646
2.726321361428035
2.7440774817807547
2.749291731296334
2.6753063649672035
2.947829362793967
2.767085405289151
2.2222794765605847
2.1448649553926553
2.453323291301222
2.839665102857957
3.23480089987766
3.2888921631816266
3.0723236594330756
2.8440173737225667
2.7049316669370684
2.6807340854225217
2.7365899272120964
2.702229407603309
2.598255261558719
2.5709658082795936
2.3304484303286035
2.337727079484435
2.5531748228699596
2.8117653027226206
2.989037094456902
2.95933738827954
2.7607546931809566
2.4794799245809878
2.269282820504659
2.133609607200403
2.0773868327433456
2.38851121555975
2.8363235064322314
3.2545487494247354
3.481020347463839
3.447053640911247
3.3056159281155524
3.2166679386535386
3.2000586320318085
3.1812941320644215
3.0583650929718904
2.8134578574607656
2.552581798631519
2.4146648904058323
2.389861395168039
2.4670462138771923
2.7002429285111456
3.0278012520981483
3.3919862550402153
3.681857497060823
3.841668473853764
3.937935650925356
4.06973643234925
4.2642711931507336
4.485553829346568
4.641930636554235
4.827339567048638
5.157524461992482
5.586811893710331
5.991716443148122
6.264439349538141
6.352989067057916
6.272837675965682
6.067752030570704
5.7679279129830325
5.426356352082239
5.093091763437262
4.768053105239934
4.430351672273215
4.107030616303982
3.7108220108064063
3.18659362945727
2.719481411594538
2.4422771878413454
2.4391092315246055
2.5348040888860255
2.577014458994328
2.7094628995003442
2.386004376894683
2.16593432601358
2.177741047684755
2.4144027076094816
2.8306840311001373
2.963904181543268
3.444432638469786
3.327267911565321
3.1530505802066244
3.616802375709352
4.612841008856763
5.83995198822042
6.635058290232617
6.9951804200160215
7.313480905003389
7.903150163993092
8.822812898074275
9.939433706140882
11.10492708113151
11.963710731117656
12.408734517028709
12.679080950542941
12.933267621080178
13.228370803525603
13.492191367418162
13.681398362497339
13.887934539403636
14.124140513048872
14.416810928544102
14.734472603939041
14.963739689772774
15.080150194179328
15.1566614260014
15.302651365337242
15.58122309190873
15.968874291707762
16.392328412084982
16.85359100125192
17.33047941781128
17.790200330073308
18.168984390571296
18.45763301249781
18.638256405509793
18.721391038576776
18.760771697891798
18.76681154518068
18.76833675550965
18.75298868246848
18.771501979775046
18.832291633206662
18.91429369596539
18.975742443898252
18.908586163271913
18.652213316642914
18.294492137711654
17.973793358128937
17.684741544237177
17.292280651277682
16.7619571381465
16.127625666048587
15.50428906829397
14.957245933248744
14.504620116918844
14.074347288690866
13.609191432195088
13.055265616558215
12.400273075238173
11.725161111311007
11.116075644400194
10.548771804929723
9.967898671453414
9.3190443362764
8.627902421317087
7.962185720755376
7.364908112119098
6.809077261754076
6.235408762445683
5.645907335362397
5.076103323816238
4.54544684869293
4.079048260198742
3.68602853216907
3.3743281575615987
3.137080589015931
2.9622461515061747
2.84225372188017
2.7798063635264945
2.7689886974330604
2.8077372683160484
2.8923979827392388
2.990840687217904
3.062505773359609
3.079889126803099
3.0419594277293576
2.963728773869696
2.853208578820082
2.74120081234714
2.661910352625829
2.68683683891319
2.7077186198050955
2.73580847159095
2.7565478231377254
2.769413384877318
2.831751265722273
2.8687089679966813
2.8380874693530975
2.7591113741924063
2.6767847003472394
2.6431596036551053
2.6626741404537535
2.715815476642285
2.7951505383348674
2.868937140812556
2.926063012451987
2.935901678206817
2.8934788214515157
2.814583449225982
2.728072135002737
2.6580271713513475
2.6199995832941214
2.6018293808677773
2.606381792034905
2.6259457761754996
2.6565435528989876
2.683840696996923
2.686906622787266
2.6794783047433013
2.6598578143827796
2.6242619538533405
2.570620792402127
2.5132964685001733
2.47982139794052
2.5047875970713833
2.574429996522995
2.6464882838464012
2.689739974542402
2.726072220837607
2.7478941229016254
2.747913581198097
2.714003244038676
2.5187220901064133
2.22342902271694
2.012130014284069
1.9871212914613845
2.1438191179192945
2.353032984352337
2.489305996432538
2.533574460122036
2.566027325094072
2.634902213861937
2.7315875184254
2.800750585610458
2.798961887598431
2.68959496428586
2.4951168254945015
2.3565590632726905
2.303506227013436
2.2949766053704224
2.2306124149508912
2.093019846147561
2.0920244014665332
2.220666352643508
2.4338375680072444
2.8588461368565854
2.58929088286107
2.60252100430906
2.227894913508575
2.164079421871942
2.394184390344139
2.566126430349581
2.4788102135378565
2.434718752536541
2.5774065153442374
2.749976741591597
2.7116476554169786
3.094759272351234
3.0175506974450066
2.543160513390141
2.2473479331268202
2.0771205575432856
2.3706205070324686
2.841657699997664
3.0496227117203
2.8107264315384
2.6352380567464353
2.804828602757061
3.0682252412276316
2.887223447310361
2.588593458537877
2.31791501723241
2.371297137767116
2.7433552316284002
3.073866658247786
3.059806800214127
2.8252272945772985
2.8608005759415636
3.080680082583208
2.9287063354958414
2.647727178347101
2.471610802278903
2.4850951764334273
2.7069962362957494
2.9340794286409264
2.9477214065103685
2.85975457444169
2.93468610970843
2.9980997012030643
2.7049964447750554
2.4658760254041665
2.39905721928957
2.5215991313103627
2.702289944766547
2.7954688999931934
2.757345220168065
2.7311697298200692
2.723251009237607
2.635089494831086
2.6218319732619904
2.6701118866718856
2.7550680424860907
2.798173973851341
2.7828667057443175
2.7608069930524874
2.75635348946889
2.7639898537179515
2.746070562441436
2.724085797304738
2.7337183189658734
2.7613288999789445
2.7882522503928615
2.80774306879527
2.742265770111264
2.998795263967908
2.922563075474557
2.363877243347412
2.28048183260715
2.491715147258619
2.8724481851690733
3.1613894509862965
3.1819675694225094
3.0138551590002836
2.814575429850095
2.7157695573265563
2.681905598597221
2.6971066110524102
2.627948051576879
2.6405825691609772
2.575135363883617
2.250852286508883
2.1900249310201443
2.3870531373470727
2.695353078395194
2.9197543738635034
2.8491707676610885
2.5983848439480237
2.290850688186184
2.187017524277718
2.0680397702765023
2.2784982536869944
2.665132436616571
3.0946644818438136
3.467787750607266
3.665635681013573
3.7237774414216536
3.7638587991502472
3.864404164784476
4.001717364069899
4.15445487056598
4.240155826054665
4.331349015437143
4.459944201853029
4.6133075097126035
4.787436174754316
4.994081887999117
5.195056660148127
5.328151146723867
5.361324394131741
5.3083071002576325
5.20723673658628
5.075518465265317
4.903011041054599
4.627576921653299
4.213063872551595
3.6892996470361514
3.1328674127014233
2.872199981155387
2.936422078806202
3.234677590254728
3.536758892587044
3.696141669572092
3.6764688826683516
3.3284468562920573
2.8738372303821236
2.7717876281906193
3.034140358514989
3.4738152307878036
3.946587645407767
4.538685892433146
5.436955775513665
6.210084439221009
7.213643224615802
8.124785440476673
8.762402825165527
9.238824493085854
9.729933108663575
10.430530854401937
11.319082969179377
12.266735577407363
12.92191677990305
13.318280569056649
13.578182695095196
13.875541646306681
14.25972904871159
14.70022391877731
15.12083331543777
15.6235870093518
16.29681592993296
17.277391229319125
18.511540990930204
19.768276858138325
20.910071250240996
21.924491530678843
22.858884393327
23.785580193920634
24.70674592387497
25.61928984009687
26.44685408519117
27.21387457745558
27.88741547732184
28.307178459877736
28.400225454668707
28.297013999407405
28.15867842986663
27.87195681114392
27.437243517799182
26.822279403943202
26.057704622902655
25.224442014514214
24.36960572371163
23.506083561519052
22.678306958335206
21.935695386425053
21.157040897736522
20.179685545277202
19.01020338437985
17.8190589661718
16.7557521268693
15.819436275356326
14.984655319327777
14.268765981095266
13.698479333752589
13.089208786253916
12.306391235167077
11.432130261155642
10.623909498525315
9.93453753664703
9.293872506298914
8.60896015457526
7.849925679461519
7.0907811160162675
6.35091339504528
5.601896710190312
4.863649208232772
4.173442851156732
3.55121790248314
3.03710239453255
2.679913406884463
2.688365559465795
2.9520882984641696
3.4160610910886793
4.013702580012831
4.592767643197455
5.114915801946338
5.6207306577730725
6.175044182332182
6.91526384069671
7.80061095881311
8.658461845053711
9.418362527021063
10.029431093364947
10.547826338141277
11.067013100684022
11.67949019324179
12.23964595066072
12.659024872465448
12.972733282824043
13.192458497090096
13.448480956651013
13.754911880603622
14.133473468192891
14.519898583550063
14.86402192836877
15.137880824857737
15.369939425891394
15.601743320318308
15.810425593117674
15.97442222685603
16.070044186715045
16.079833614728884
16.013637807790698
15.920675362774025
15.84049802971489
15.798126375469058
15.80878997235006
15.862399360910553
15.910765333697222
15.971879116685482
16.047854257303673
16.130576763467253
16.17368172660713
16.186258124232733
16.14216637377926
15.889140667644524
15.42489761345715
14.842034451819762
14.233693602055167
13.637120387330757
13.134551054495995
12.804007094906245
12.729000576214295
12.757492945743476
12.581230069262622
12.136311477904163
11.603199282570566
11.178341906732891
10.968703957752066
10.971942993317342
11.147454601114942
11.358576354276678
11.33124075277035
11.033223370491967
10.686291836131849
10.447148563323204
10.350917009640815
10.344831965328227
10.432577451814565
10.480840153236832
10.337016183274308
10.0945533226019
9.87385423984588
9.724009180257065
9.667891381471696
9.6724641214827
9.667209316047074
9.532443167110905
9.3249397985738
9.102360819607377
8.944941170943329
8.8248290705602
8.741459497256075
8.621270955709667
8.433618980693172
8.229521163922257
8.034950781613727
7.857420807405228
7.694585754175384
7.5382438894962265
7.344957801353507
7.14211377326832
6.965572338559355
6.821223116160723
6.6856464219094764
6.555241393223907
6.423243019661268
6.285403715159986
6.151283865589063
6.033918124577765
5.922780484044993
5.811293455916955
5.690305081586835
5.566820477538911
5.445576603346777
5.316220654737782
5.170663127357095
5.002775272442598
4.795427953847969
4.551052180716163
4.245396607514395
4.0471912476378895
3.949142536903714
3.8788426528693813
3.8239368471851383
3.6865918486869416
3.4922705022330773
3.2646503165723777
3.1234510950134364
3.1190971344975136
3.1406342838727017
2.975847703822473
2.6945303837893686
2.457820749572432
2.6311141430090084
2.750055768633271
2.8348581703157216
2.6772253572695917
2.536268709518348
2.7637616001288725
2.9825258910310466
2.745467976416587
2.462177199520288
2.3512178563442747
2.4731839815573498
2.765763941340172
2.8510601681568093
3.050935199754853
3.6055060017892777
4.047061720821664
3.7695476894178745
2.858818084515332
1.9625443329426226
2.1032600271162467
2.9418417714572738
3.6139746911446315
4.112964242241278
4.551028535282315
5.134468422685389
5.751981954299396
6.32608017270353
6.823908197941296
7.324364727637311
7.926031806613764
8.692625156524212
9.5153427744986
10.104829860339107
10.517773633533334
10.860248420058124
11.230091513833083
11.662582273436893
12.054777985336889
12.411177493482159
12.720977014961022
13.075733072405908
13.5174351568075
14.026201222389068
14.45049599176327
14.70157972742723
14.763433804669038
14.724819337880495
14.704341676150802
14.838545678112963
15.18381068883576
15.582849885670218
15.72704620105571
15.407624292482721
14.72054060119803
13.9156603906183
13.10461699421914
12.256238328074035
11.340001455667366
10.390252851825407
9.496115515194582
8.909506465083036
9.084134316224674
9.143511583104377
8.737261486487967
8.266874590441375
7.877676296928653
7.246911187884813
6.540689564385199
6.215869260096628
6.268036363065683
6.477028593717087
6.5395040980835955
6.364045233196017
6.101703001413168
5.990290015079541
6.019452436601787
6.138420808838176
6.149454320231725
6.080951904432697
5.9619287061213635
5.916889193347134
5.996448298562895
5.912380682146125
5.82500711034878
