2.3241507870728553
2.437885280150369
2.5768412975952995
2.7651736504073625
2.9636727899009716
2.9747538474111335
3.1255511557709563
3.437348761043936
3.913479103639297
4.702884925798173
5.401047400102133
5.909456223316402
6.28724666279252
6.680560225017052
7.158557992549242
7.653682459890767
8.100257037372106
8.47637933990177
8.84628319362575
9.155453312045342
9.425261616080773
9.626345974412299
9.816887261822282
9.996920172520515
10.141832819691523
10.188828341026658
10.155984428444425
10.064798056196263
9.938038389561509
9.7900844481332
9.566420337490072
9.247409431331375
8.801712946362791
8.140451840666492
7.31824248157752
6.496139747381476
5.760040587242397
5.098619309482118
4.47627728818178
3.918217976388893
3.400407805065907
2.900817826842154
2.72517805160087
3.1590020083037875
3.821684853635452
4.428890976912219
4.953180497805265
5.5694098693528185
6.305830485451682
7.256068948511494
7.283332974335755
6.7986016288709985
7.071681984394739
7.9976308536059095
9.159511083720435
9.987222390733011
10.190076679839722
10.240539421283433
10.479355584871232
10.872260009963272
11.212423929390303
11.259865279581893
11.138753420420759
11.202545241737328
11.579054130276456
12.207604374846
12.839042874310087
13.224867965368922
13.332071251569342
13.464158200530907
13.932980849250963
14.72269975184872
15.532752135437272
12.405266090203359
12.663659138214433
13.552456165607271
14.699588688811826
15.589105220365923
10.466455025710376
10.897731621510308
11.395273433336458
11.556048240083122
11.326507032644288
10.995277099183333
10.805338716888347
10.723659049957114
10.212821938079761
9.185013707312311
8.21698159528872
7.707973138279933
7.480129521148948
7.167218519894937
6.656975835141028
6.101531988239408
5.656869128115312
5.323748662906016
4.948170506169448
4.403327294167301
3.788456762046061
3.331680907812835
3.1538215384931587
3.145883068581213
3.1445532704871972
3.098067854682256
2.957003963251793
2.84397706090341
2.80954236582834
2.7692522281607537
2.744530687444115
2.715529424260052
2.6377771966784858
2.546174501970573
2.5860865094606553
2.76122435777196
2.974799153914904
3.1519825633503564
3.2421810219476828
3.241904535071204
3.183997395178079
3.0647519456709484
2.936794838748014
2.7344760829207178
2.5207644308891166
2.454317901777361
2.5735958039813185
2.8117052447607853
2.9890770021689033
3.0366400684750046
2.984567338939759
2.9003825062229955
2.8224608097370925
2.7236884550900307
2.592135663411731
2.5010323984602922
2.5239865999682833
2.6536261201220506
2.8044739531645884
2.8980485925564947
2.9124671350452194
2.8803400594591158
2.831598059183163
2.7794713806086553
2.713502585419655
2.630865843315461
2.556658459248128
2.5321741640651014
2.5651362383989365
2.624518156903746
2.6824267292451305
2.7178893451543114
2.723704573519937
2.706396335481308
2.679968847219303
2.5784717647996227
2.472304698020433
2.4093888989307675
2.4116514109486658
2.508811002713203
2.5866163421158217
2.6108594381180046
2.586930312721198
2.525417378501763
2.50124720360691
2.528858684308461
2.5740661526843205
2.629668600640163
2.650140476333892
2.6452946839259224
2.615082537801798
2.5724442821253035
2.511826641232263
2.4517389539185843
2.413470418663465
2.4197642965093347
2.466139785904132
2.5360076130321887
2.600110524935026
2.638189575623915
2.651742590595161
2.648428438626478
2.6262561893634566
2.5892299423005536
2.536916167957726
2.492785459479658
2.463231614554278
2.4559149756860457
2.4425993528140886
2.407901853172274
2.328682879778454
2.3418908073168954
2.433414183979561
2.5370330238386964
2.600759937138342
2.5848514118450314
2.5232047803178443
2.697543179451008
3.8687733199793204
3.6593817803128545
2.4592972072552426
1.4497469186912593
1.4569920028729892
2.4566915544798835
3.0260450633196494
2.876119980888132
2.7218275964131085
2.5379613292724703
2.3025535434020337
2.240239060672089
2.3091290424568385
2.5239779931815014
2.5590753778754562
2.5509579909784406
2.5005587714265207
2.534476780698427
2.4531927859339056
2.4347235615850242
2.4348474496235957
2.458067552737814
2.472052089818066
2.4662376209233496
2.4711259702461246
2.427883884795471
2.3836829769579095
2.426078918040013
2.571604393543966
2.616487792414023
2.6761381817317136
2.649134187211542
2.4708025641752247
2.1401020150757986
2.11855981500605
2.3976976596912847
2.7390787647586596
2.73118452709663
2.9429988577684374
2.8413071936203083
3.0217348562209208
3.5689404236434257
3.652273820055218
3.31901711087319
3.0206049202593186
2.9960412810761787
3.44002290576767
3.9170888660538807
4.074817154374603
3.7830195669564204
3.317842720420891
3.1347162634354215
3.3680278871623184
3.739975323207936
3.892913554272333
3.8165266930920723
3.7585886352312032
3.950058655833721
4.380890249086615
4.7888118595599325
4.95527409509784
4.8903803867543765
4.710591126449703
4.55189962992679
4.49338818390753
4.523800359891136
4.561092075701057
4.5479822726568555
4.463350013962494
4.372877260462775
4.48442958495517
4.773789682785848
5.09093273624724
5.209894283066203
5.3280177731932845
5.368855867812086
5.432793288938477
5.573065493496198
5.787988640917211
6.026307327517291
6.249700426477384
6.48126428496208
6.747353114327015
7.03022676762819
7.30642455962794
7.566254241397151
7.806968433041922
8.061550032199928
8.314280623850355
8.515617038838478
8.712466521732685
8.935510649801357
9.21544044309051
9.608493584621355
10.149778745126625
10.80853931100057
11.51403924579644
12.198840258237913
12.795847336870926
13.317779053389303
13.775444156690899
14.185689601492207
14.520195965936097
14.85801479269973
15.364784695467879
15.77262658676998
14.491367239032867
15.189208408697795
14.16457078840693
13.934917410282278
13.327041426802028
12.75997497725823
12.661681061174722
13.058826213001243
13.452142000423922
13.229280840873948
12.352074396206374
11.309353503978842
10.307617305669375
9.41591520972691
8.640123758355642
7.856951160057223
7.052709734601906
6.3666100666794625
5.913029750882218
5.6381376933190674
5.380653323734184
5.009896557360558
4.5482251731780625
4.1478144563452455
3.7869948570581147
3.7020403310830607
3.774516132819113
3.974233444603852
4.157322201394056
4.2139129089976475
4.14815005417911
3.9940145101293676
3.810535663584357
3.9665339440823866
4.437036239871335
3.8146959640420626
2.541925329569737
2.728891422851014
3.7882931237941078
4.806922838771799
4.957798892236726
4.356688809113869
3.735252182044028
3.562907336915725
3.7529561803220295
3.7450219430737697
3.0991674663661253
2.3992192034124975
2.270385298311542
2.795074207920531
3.2155744767515153
3.339911288336195
3.2630558536318173
3.214488012030601
3.228652267619241
3.2555956292157733
3.0709119430333063
2.6588833321399
2.312397887747959
2.08030468044891
2.0679186909267364
2.2509894447461267
2.4732044494067975
2.655930045565685
2.6893305212835155
2.6288857668153875
3.079766562285413
2.8406545575069213
2.679758160857962
2.4268207418354617
2.42488393196546
2.560843305078878
2.5908199489336807
2.595238691331366
2.6951798343415154
2.79526342725957
2.753817982625569
2.7564638776213126
2.7306088685590075
2.7466017129178875
2.784129449990962
2.7967546305841933
2.802660767663841
2.807164417616058
2.7835137075369576
2.7437481623373565
2.680840624372173
2.663714322067774
2.731798077518401
2.796986677808297
2.7922030839237704
2.7790278387484304
2.777620291588152
2.7745947012002774
2.776311741310262
2.8101292703298144
2.7655185768936357
2.7359126795106534
2.7400615149035805
2.749667977701007
2.7561704337144195
2.752523694661634
2.76247235642455
2.7559520436407574
2.7470802261376304
2.754092775786024
2.7542373722991247
2.7560073877101847
2.7700835952175136
2.744780125474032
2.729397711849741
2.7339935788398573
2.7357238133185113
2.7332992190568426
2.737168641487602
2.7396051112384763
2.7472228858446535
2.752412587568077
2.7119009078045826
2.6511711520425165
2.422958391527289
2.3338337747392774
2.4226265071743005
2.55721153109802
2.747493045134642
2.9233594326211794
3.0605402388348537
3.0536175497345055
2.9759072913784093
2.869251774130036
2.732999267364091
2.6464917093408507
2.7072339617425127
2.645044783908927
2.713982794596558
2.5514317178659263
2.5704128335032443
2.4143585742718776
2.368838006156619
2.67721642836635
2.983732056828512
3.0579341028670237
2.847373743198045
2.690079546033951
2.527486768426019
2.335457923020758
2.0688147030778192
2.0618706610898836
2.4790105812563903
2.9598914558997795
3.345787725068731
3.487796311432242
3.4336914812993813
3.3574069234666095
3.368025548926734
3.4163713382812
3.3948473969058837
3.2586520191354302
3.0085419930659487
2.767297517925627
2.6597574289744452
2.613736826617813
2.628033774074051
2.7726512183961636
2.9884553265611635
3.2236898898833477
3.351879266957811
3.3513251179000854
3.2613050176002063
3.169498749526411
3.0657164081743544
2.88494187823713
2.731574168576965
2.8194720600890557
3.0978970937081627
3.3971540619665364
3.5591828039905753
3.5646341265165926
3.44643889139523
3.263444242905053
3.0499203498823575
2.868545383133421
2.8104537694368057
2.884995993325272
3.0399938550758674
3.2160640357435897
3.2334481024997728
3.137340015612227
3.0094007201497206
2.916314123784946
2.8375326048669725
2.749232873761342
2.7218599419185936
2.790781372099722
2.930211895798947
3.0399040591769086
3.0657582929657288
3.0190094853652996
2.9350757200257753
2.858477555064726
2.7752462625874776
2.693209094341283
2.649669622949967
2.695452860377196
2.727607374702789
2.762127444304942
2.780024503372233
2.8333523568456034
2.8921571050902335
2.9008042222423525
2.8404039683494866
2.7314408044385194
2.6335673819756753
2.593904025725904
2.6161375048197613
2.6794868488550185
2.7562764359167296
2.827503162488792
2.871263586640737
2.8773113685047758
2.8396424306073125
2.7715126214405212
2.696211250745807
2.642695330703493
2.5645704575578923
2.4192947209000715
2.2933238432610406
2.330065375413006
2.486572121618399
2.5688913331756558
2.4588419821648144
3.036451750019733
2.0228778144752866
1.7649188628044548
1.8618149205279473
2.2761668547794494
2.7722111358714874
2.9863989786664518
2.74462082391942
2.364481788809374
2.26177250112523
2.321325564829568
2.550906406753433
2.6294221825034643
2.679128258469548
2.6060775745066636
2.8695237738385098
3.297796412038486
3.70052765166863
3.820019300706028
3.6514617989091844
3.3510474813163293
3.171930235315724
3.5142290685764395
4.1676044973643185
4.792962362287941
5.1436434281227585
5.003828608126209
3.9538435889145433
2.9963252769832383
1.611212186206002
0.5211413539469458
2.0083555523386125
3.149538123990557
2.9604452734491153
2.647843813182656
2.4201921864490785
2.872365558278782
3.9490970698247483
4.857209659642596
5.106213438129664
4.762248972066524
4.190286549277633
3.9703820929618296
4.335065734446546
5.173943107548803
6.219613083611897
7.063989823046144
7.835268443877917
8.478167640044465
9.125082247321052
9.984238712229228
10.820292322500835
11.59085716975371
12.317960749926735
13.044332645374755
13.82587621209127
14.64586855506283
15.465495606752192
17.751917289983233
24.94923666581881
25.055051926095736
19.053212031788316
12.532536378256175
12.442054380629234
12.291570934443625
11.961890244272258
11.499173813339004
11.044161214734832
10.599708096971028
10.047375070979369
9.360367365393046
8.58601512443759
7.614749813711179
6.635010421122947
5.904807813598982
5.458333287526727
5.076271938419455
4.500118920080809
3.8256199973615796
3.2547677326018487
3.0385387907146266
2.756516044087599
2.7341858737893032
3.1476017040748117
3.7614764606396283
4.264754354488028
5.363139158635507
6.024124992921273
5.677173617252299
5.623529996661819
6.7561338659051025
7.9005158770160335
8.703857260420268
9.386745574501596
9.954778281027782
10.240567250183668
10.562133303609938
11.34370865907726
12.173262007083046
13.257191060151252
13.810726334303192
14.027255799981463
14.044161792151826
14.333792087880752
15.278548406612765
14.863292539954358
15.2048537906424
14.423125124847452
16.140133920264727
13.626897479684438
13.804041108438403
14.325265905308244
15.015004884483277
10.73439679392882
11.9754741075914
12.8149575290504
12.988945489331492
12.716704601418805
12.409853451135076
12.343332731424983
12.565633163572377
12.975464047051922
13.090308235487242
12.574148066071183
11.678591952874717
10.864330648083714
10.48017749858014
10.449496603424711
10.50514136087167
10.441282058057645
10.165090488088953
9.83859175904899
9.572336926159858
9.345167481118798
9.140962826620802
9.003309186376512
8.840480875536592
8.630529542727844
8.399900920066802
8.175850387864278
7.99510302618594
7.861454367287165
7.729812301853655
7.557440943631039
7.359805724009235
7.156527023176569
6.981715653020781
6.8359513713371705
6.706448473258513
6.563685773273205
6.408765836726937
6.270378879364836
6.151773727150088
6.030155632813635
5.888740780820312
5.740226402485899
5.58211520457657
5.4062363212580635
5.2238385644309915
5.042485162293989
4.863574287601185
4.679873542582967
4.5059538253575
4.334467980667076
4.07877043912822
3.8587746636358813
3.678781272975549
3.5470094533958214
3.504474305356486
3.4172841439564716
3.2650272481525806
3.0557376628107553
2.9619646261422723
2.7638273842269796
2.585217685242143
2.6416025734813178
2.753817545165847
2.675032331683915
2.720820081441746
2.467356838433336
2.5912312433319475
2.822000757489078
3.428639426609761
3.6320301891002837
2.926172606038392
2.231213886125104
1.9935100067660807
2.3126820506217927
2.87770672612833
3.191829062736238
3.192762212299565
3.206041775351082
3.2652999579665147
3.252456117679116
2.9877523138430067
2.582300809504761
2.587688065767234
2.6181323594864407
3.0857995719620837
3.9050394800578467
4.877435494481064
5.6770484323758925
6.2085989502625285
6.618041557362972
7.095432777236453
7.7621000112734535
8.614929021070832
9.42769770938945
9.965148318341878
10.333341778115466
10.653912674217326
11.016660743216722
11.367998950331874
11.687252546177275
12.014032533575001
12.418743228106978
12.908444304217817
13.389283660542294
13.733114581113686
13.908057284439096
13.966780560968031
14.024115215254591
14.133752329978357
14.378384306483545
14.792382847743163
15.289609794184619
12.303560646883417
12.633496552419366
13.449115938327358
14.291722604493092
14.794763486329996
14.840417832393138
14.597633675897605
14.117463986546564
13.493435300516229
12.889191488501575
12.29580420482241
11.740385095342802
11.177420755607141
10.598998258791
10.014597573824508
9.468173165874687
9.049037749471998
8.703943099154907
8.392413716601231
8.113028257893594
7.844202327312305
7.574205460769434
7.261675038155467
6.900041679449034
6.535804871134556
6.231408944323664
5.981437407760265
5.742036848961176
5.483566714042388
5.188808432586376
4.788992785250634
4.417166533238085
4.040309975956516
3.6380908745318945
3.4299979817883837
3.0797015500544727
2.8730150120224742
2.7864957313536283
2.7798825282190913
2.8966640251627838
3.0463304484662306
3.187527434944014
3.248901086849543
3.1912635886668204
3.0586945644997927
2.916403569156361
2.7758962863620513
2.6864965172664212
2.6758911692159244
2.758009497446461
2.9147529092601556
3.062504800871298
3.1402766216051474
3.1306240956100635
3.05939188279893
2.9790733355339727
2.814694020990914
2.65368134681996
2.5415501015772834
2.5755441587079564
2.705430348554228
2.8261771211282047
2.8797039818832038
2.8643138419539924
2.8333261523545947
2.8078650794747864
2.765640101443238
2.7007878691711813
2.638023332544323
2.620780887872923
2.66227830332459
2.727434153065225
2.77028166838664
2.7844305481747473
2.7786066994212746
2.767141038277702
2.7468521719166223
2.72549680978987
2.6973236969853684
2.6556450296126237
2.614217275192635
2.5872382081714127
2.5895934826284184
2.608831376161555
2.6274592735579754
2.633990786287625
2.638617477321251
2.6194695501058076
2.5508096997132648
2.4952915722449274
2.477601656052233
2.541005626876266
2.6089504322560844
2.618684281331613
2.58026016478614
2.507403517147756
2.459950817620362
2.4702478559039913
2.5297902937483765
2.5884497568266727
2.634570766102242
2.6546192190520976
2.657630051985923
2.64064366087297
2.599619564514172
2.5393033309050153
2.489457601759099
2.4650529884003323
2.446767792632939
2.4107010788819956
2.37924090166876
2.378524641725373
2.4211162139948557
2.496625405070912
2.549921489300897
2.580382719875985
2.6724727989661448
2.7631867119538933
2.889788741800278
2.4824131555235436
2.322207089077971
2.3696132616846786
2.676788575330986
3.0039581570965614
2.9316867419604273
2.5240198167427303
2.3587643119709574
2.6736582356655996
3.0060432182121977
2.9311557108061366
2.749924839348
2.607838110051074
2.8323174459210474
2.771848048661385
2.648430852747941
2.637431343566469
2.67691807305109
2.734037940920104
2.681081391763608
2.611146352343481
2.5997915967595358
2.640124413304916
2.701643590647434
2.753571778145793
2.7988294333527555
2.763531592144292
2.7427003132379864
2.7475111155791963
2.8161849978340308
2.830849357860364
2.7201916557603387
2.7172530373290558
2.692698162361716
2.5416823136293627
2.41171708350838
2.4965339912423348
2.7756342427026577
2.9695758885754673
2.9502150014567525
2.8659793238100515
2.784080524179134
2.768940835833032
2.814937085026361
2.844735172601861
2.8184835505896624
2.7531660300803704
2.7285292579964318
2.785885178887832
2.8708660100507983
2.8803582386379327
2.830716943181267
2.7980381666519283
2.793563215450268
2.8113781627381584
2.8537435831333275
2.8734657851253966
2.8833804932471376
