9.180707710093108
9.402878501999872
10.09961340127989
10.244574162095082
10.391504154214147
11.449381875651946
12.148748795066181
12.437681023757891
13.934982886726397
14.963558200786176
14.845441640927978
14.640037013901319
14.094593047441567
13.413136406940675
13.18097596779893
12.830485856854644
12.256391046741985
11.50646795201758
10.866516083365529
9.743437843487602
8.801535973693934
8.295789527106468
7.631430291074977
6.864561754740009
6.347270471730932
5.73773268046584
5.047396553622514
4.289659543977145
3.474729859055569
3.0546864202581916
3.0058581498841876
2.8614476312729056
2.718753793087571
2.7220927910428108
2.6548507477846126
2.6495186846436707
2.9810022818325477
3.1624242586588713
3.094852636448506
2.832574188224406
2.5018430492914274
2.624817854364162
2.951446717507787
2.931962375860842
2.801772725556736
2.5998902635493324
2.583387192185971
2.8086065990618563
2.881418971231942
2.817551201255229
2.6699900077109713
2.542069106968133
2.5799540681617175
2.6746378498820222
2.6961295952002473
2.6487675229311836
2.481623207463316
2.4491042716794986
2.5639578408135857
2.5211550691154074
2.4951243166793953
2.5905925348052405
2.6494745552464094
2.6060536451898075
2.485627942729456
2.3974736116466477
2.4751595935566884
2.611040358828786
2.6697666040798445
2.6326982072251535
2.5246099386749563
2.4393253193185167
2.4359552340331616
2.3967924118919086
2.5306131537412098
2.62248524696996
2.7797824841246546
2.0678058225022404
2.0001193563849182
2.8258999563584704
2.449609242635039
2.7967771002408957
2.5647452440699543
2.2445586309800074
2.5650131379587697
2.3722252634360594
2.394459831303934
2.4025729944446006
2.398232877453648
2.3598495914185587
2.2832258779741452
2.730805634825492
2.5080166623469125
2.5041554743877903
1.8925496275571856
2.360153930428463
2.5551222186160034
3.255926842698733
2.936141476365717
2.4052467604289562
3.613877429223095
3.6495186479611776
2.793442676073024
3.4527319693706717
3.616210941589243
3.4133049496251147
4.139157905557543
4.49935085527784
4.1558245619852325
4.0745917565639544
3.993605073233246
3.965229298924756
4.146957542651962
4.577051066390738
4.938073809220786
5.306335099437084
5.6058869651449195
5.757622942055346
5.9920485197856745
6.5091543684479
7.28805804869184
7.852587200114566
8.132808559788758
8.69786853172977
9.72997419975803
11.131047467427233
12.384014713170831
13.093263663461958
13.564398759650972
15.005677783273185
16.584150261164762
16.939486209170827
16.972513862020087
16.44300089226422
15.616394496038414
15.315362083513486
15.010258623453534
14.577248628828267
14.905953084229864
14.094976899181825
13.471813052953951
12.337800579879218
10.562403925477316
9.692863182771928
9.187301581740247
8.23894169254796
7.4894072321553775
6.754838607216714
6.2414552040947155
5.9608597126962914
5.59127498201016
5.1067580176696445
4.605110298515981
4.430003798593813
4.220417416370662
4.3035976258414905
4.364450625842787
4.2242269730443
3.9710379832634355
3.782578802391507
3.948320507446756
4.0084662880287585
3.9559504743183203
3.8020161564808754
3.6997952737047672
3.6759444809931963
3.755096455189696
3.7015629632328704
3.484400385808075
3.4149913150661475
3.3427433235369706
3.3488994899864535
3.1738538787728148
3.3003200316617516
3.4629380403818173
3.0268405703246164
2.525542711449087
2.7571689171265326
3.3766490890345082
3.4904298812665067
3.4572986783077297
3.4911820375199123
3.279336357727541
3.1999290395157494
3.437504587347085
3.598229076809384
3.5382172713809132
3.099820801908202
2.7397280191666553
2.9263865989252262
3.256496288827505
3.108578263862592
3.0098142271724915
2.9864219705056314
3.1084460833478236
3.1200969859914123
2.9841495038905337
2.885528757289137
2.8917836496804177
3.001171554256955
3.0509115965182643
2.9560833304552725
2.798129453793817
2.7310495826997663
2.717157642486662
2.746865548087394
2.8356263308725964
2.750018467792397
2.678405936131418
2.71818970848392
2.836181787006425
2.8475568960216635
2.7041195732309253
2.6819420547649644
2.610395075482542
2.4932063546028984
2.4810809599440407
2.477284749966751
2.616780262041048
2.7710662678311846
2.6722980008622894
2.5108226806496883
2.21461550853444
2.12866465015976
2.3959310376511973
2.672528998629089
2.8147134633989155
2.7277733338010584
2.475237056724818
2.1683023494117766
2.0713130549227374
2.5184428053903765
2.4598583412521093
2.11416138531461
1.9077420527820959
2.5859828667837204
2.5641977204327264
2.660751948018209
2.353138821158701
2.52202062170327
2.564376871884538
2.5086761096876415
2.470603303364348
2.5976583525533425
2.786913428557323
2.6034890926153382
2.3627461801083887
3.101740868471973
2.7561874494697083
2.529705691722606
2.9422648441026227
3.514595727590698
3.2762143374713424
2.9854108359428344
3.6709634192751848
2.889311082821631
2.973104528989376
3.4959231500923345
3.919649181412543
3.5274891480704533
3.672348537474523
4.899543843001445
6.348812430521399
7.594386303032366
8.876222266440617
10.247760333106296
11.753207478926981
13.563719677073923
15.173745675171755
16.65963184168208
18.12065729399063
19.383439674083924
20.669969931696148
22.09581085238998
23.04992447583657
23.673040750751227
24.43838001974141
25.13839656228646
25.339652899855196
24.89910596539612
23.99158364847672
22.11598299379701
19.63908278562731
17.605858207209053
16.50256698903237
15.725083356907536
14.160864717525428
12.379730939755703
10.950286451163713
9.582705938943677
8.02842064578654
6.40718530597252
4.679625996847988
3.1606594999498627
2.720950305103185
3.264257977487365
4.230110927752499
5.310900539549529
6.1324503460866335
6.455841098796514
