[4.998456331988564, -0.008378185797482729, 0.18727414548629895]
[4.9952841436024755, -0.024999380111694336, 0.1888916942407377]
[4.991209348081611, -0.04571432247757912, 0.18923953031480778]
[4.984486836241558, -0.07433132268488407, 0.19150156155228615]
[4.978232248453423, -0.1113952100276947, 0.19831906771287322]
[4.9721773052588105, -0.164896996691823, 0.20499147637747228]
[4.962556765880436, -0.2378714568912983, 0.20773083250969648]
[4.951511814724654, -0.32651253044605255, 0.20676048239693046]
[4.9348928006365895, -0.43098730966448784, 0.20651288380031474]
[4.917860789224505, -0.5525034293532372, 0.20525241934228688]
[4.897686020471156, -0.6949969604611397, 0.20394431619206443]
[4.873254407197237, -0.8590214475989342, 0.20235076150856912]
[4.843602234497666, -1.0450189113616943, 0.2012369226431474]
[4.8090944811701775, -1.251580573618412, 0.19984874606598169]
[4.769045582041144, -1.4781689643859863, 0.1995877065928653]
[4.722996337339282, -1.723798245191574, 0.1994760411544121]
[4.670713413506746, -1.987020343542099, 0.19935260181227932]
[4.611742680892348, -2.2664982974529266, 0.1994569714879617]
[4.545522518455982, -2.560988128185272, 0.20020009341533296]
[4.472674820572138, -2.8689944744110107, 0.2000871078489581]
[4.392375160008669, -3.1885553300380707, 0.2002589655749034]
[4.305075440555811, -3.5178811252117157, 0.2000129495281726]
[4.210205886512995, -3.8569137156009674, 0.19988474187994143]
[4.107292115688324, -4.206363886594772, 0.19991031587687758]
[3.995516035705805, -4.567039176821709, 0.2000739699069527]
[3.8741019777953625, -4.939861923456192, 0.1999167728208704]
[3.7424667850136757, -5.325538158416748, 0.19967076971079223]
[3.599970154464245, -5.724657595157623, 0.19964979475480504]
[3.446168966591358, -6.138834148645401, 0.19952714055398246]
[3.279973544180393, -6.570377454161644, 0.19974751201516483]
[3.1004590168595314, -7.022000223398209, 0.20017287624068558]
[2.906779319047928, -7.496590435504913, 0.20036091135261813]
[2.698428988456726, -7.997205823659897, 0.20022090350539656]
[2.4747118651866913, -8.526196986436844, 0.20027295299223624]
[2.2366926074028015, -9.084269225597382, 0.20057602517772466]
[1.9853692203760147, -9.671854376792908, 0.20134396303910762]
[1.720765396952629, -10.292407602071762, 0.2022979756584391]
[1.442284882068634, -10.951257288455963, 0.20301219582324848]
[1.1490531265735626, -11.653672248125076, 0.20348961825948209]
[0.8415128737688065, -12.402865409851074, 0.20383105282235192]
[0.5256860107183456, -13.192982852458954, 0.20271519286325201]
[0.2155105173587799, -14.000759214162827, 0.19844582863152027]
[-0.07579360902309418, -14.803282290697098, 0.19170690886676311]
[-0.3478204905986786, -15.600239336490631, 0.18683004984632134]
[-0.600750207901001, -16.392664581537247, 0.1851401158492081]
[-0.8345528692007065, -17.181161880493164, 0.18574982104473747]
[-1.0488057732582092, -17.966422826051712, 0.1869049231754616]
[-1.2430257052183151, -18.74992248415947, 0.1875479699956486]
[-1.4175540581345558, -19.537561535835266, 0.1872085907671135]
[-1.5725400522351265, -20.340173572301865, 0.18731978110736236]
[-1.701954334974289, -21.14237356185913, 0.18632504320703447]
[-1.8038615211844444, -21.940072268247604, 0.18551809270866215]
[-1.8779627457261086, -22.73052528500557, 0.1854490855912445]
[-1.9250465296208858, -23.511716425418854, 0.18614897210500203]
[-1.9451158889569342, -24.282568246126175, 0.18631609394651605]
[-1.936993264593184, -25.036934554576874, 0.1847759213997051]
[-1.9038952179253101, -25.765214532613754, 0.18202276609372348]
[-1.848438372835517, -26.46442836523056, 0.1834650149103254]
[-1.7718277648091316, -27.141664177179337, 0.18627278658095747]
[-1.6748134046792984, -27.804087787866592, 0.18711670958145987]
[-1.5569577775895596, -28.45265769958496, 0.18658002428128384]
[-1.4180273860692978, -29.087722152471542, 0.186124753774493]
[-1.2576802298426628, -29.71871107816696, 0.18704914732370526]
[-1.0702929645776749, -30.366883516311646, 0.18539781623985618]
[-0.859379954636097, -31.000493079423904, 0.18472628389281454]
[-0.625992938876152, -31.616966277360916, 0.18562077480601147]
[-0.37156426906585693, -32.21412181854248, 0.18629611644428223]
[-0.09646233916282654, -32.78962340950966, 0.18607605349097867]
[0.19688653945922852, -33.3411608338356, 0.18592161639389815]
[0.5056218355894089, -33.86602395772934, 0.18576572232268518]
[0.8274590522050858, -34.3639922440052, 0.18600685334240552]
[1.1605753600597382, -34.83673931658268, 0.18678477127104998]
[1.5039237588644028, -35.28658391535282, 0.1876320890733041]
[1.8565651327371597, -35.71506741642952, 0.1881438596174121]
[2.2184285521507263, -36.12386064231396, 0.18866974659613334]
[2.5915692299604416, -36.5167171061039, 0.18928154671448283]
[2.978394955396652, -36.89759901165962, 0.19001465124893002]
[3.3815556913614273, -37.26965506374836, 0.19069346104515716]
[3.803868129849434, -37.63513454794884, 0.1910246902552899]
[4.246118366718292, -37.99353255331516, 0.19115440515452065]
[4.709643483161926, -38.34510079026222, 0.19162748931557871]
[5.195239543914795, -38.68929888308048, 0.19247316019027494]
[5.706181108951569, -39.02669583261013, 0.1932079350517597]
[6.242419272661209, -39.356714710593224, 0.1938863966788631]
[6.799936085939407, -39.67840273678303, 0.19396193957072683]
[7.371807277202606, -39.98560790717602, 0.19339980036602356]
[7.951314002275467, -40.27515488862991, 0.19388653806527145]
[8.54251816868782, -40.550351575016975, 0.19483709859196097]
[9.155473470687866, -40.81688801944256, 0.19531789277971257]
[9.800419062376022, -41.07740791141987, 0.1947893025353551]
[10.476471871137619, -41.32658486068249, 0.19361990728066303]
[11.184025675058365, -41.5650534927845, 0.1941354617010802]
[11.924361646175385, -41.79190493375063, 0.19501527160173282]
[12.698631048202515, -42.006362199783325, 0.19547387900820468]
[13.50598230957985, -42.20616918802261, 0.19549935431496124]
[14.344416558742523, -42.38958755880594, 0.19526041849167086]
[15.21102488040924, -42.55443657934666, 0.19459761658799835]
[16.099942237138748, -42.697838827967644, 0.19356391939800233]
[17.003411799669266, -42.818755615502596, 0.19349017377680866]
[17.91785827279091, -42.9176568724215, 0.19407989826868288]
[18.847852766513824, -42.99603636190295, 0.1946009173116181]
[19.79946279525757, -43.05508919805288, 0.19478941361012403]
[20.777231454849243, -43.09421877004206, 0.19470022596942727]
[21.783404231071472, -43.11235392978415, 0.19491462169389706]
[22.81945240497589, -43.10888988012448, 0.19561840544338338]
[23.886348068714142, -43.08390904311091, 0.19649065137491561]
[24.984335482120514, -43.03819082304835, 0.19723626537597738]
[26.112428605556488, -42.972300078719854, 0.19762823986820877]
[27.26820969581604, -42.88686742261052, 0.19765445170014573]
[28.446714341640472, -42.78375142067671, 0.19784104656719137]
[29.642753839492798, -42.66582229360938, 0.19850781396962702]
[30.85589164495468, -42.53619422018528, 0.19946174859069288]
[32.09050816297531, -42.39752519875765, 0.200200472259894]
[33.35199689865112, -42.251645997166634, 0.20066276387660764]
[34.643850922584534, -42.10017190128565, 0.20123183116083965]
[35.967973470687866, -41.94470626115799, 0.20189371719607152]
[37.325281858444214, -41.78674519062042, 0.202666069380939]
[38.715942561626434, -41.627683125436306, 0.20330896417726763]
[40.13906252384186, -41.4685283228755, 0.20364443217840744]
[41.59230452775955, -41.30973297357559, 0.20373587473682164]
[43.07187110185623, -41.15156364440918, 0.20364609743410256]
[44.574305951595306, -40.99416474997997, 0.20355293799002538]
[46.09903109073639, -40.83719443529844, 0.20349729474037304]
[47.64831727743149, -40.67978084087372, 0.2033817984338384]
[49.22544854879379, -40.52081190794706, 0.2031436031247722]
[50.83281588554382, -40.35855873674154, 0.20279185420076828]
[52.471707224845886, -40.190959215164185, 0.20239436997508164]
[54.14248484373093, -40.01551868766546, 0.20195047509332653]
[55.84456127882004, -39.82958323508501, 0.2014819378091488]
[57.576303601264954, -39.63073240220547, 0.20098881422018167]
[59.334902584552765, -39.41730035841465, 0.20054925826843828]
[61.116911828517914, -39.1885619610548, 0.2002427534753224]
[62.91968911886215, -38.94464993476868, 0.20025380982770002]
[64.74271553754807, -38.68653903901577, 0.20064460083085578]
[66.58757156133652, -38.415336325764656, 0.2010303196439054]
[68.45660823583603, -38.13244119286537, 0.2013519844476832]
[70.3518813252449, -37.839218735694885, 0.20150604104128433]
[72.27472800016403, -37.537376165390015, 0.20170641114964383]
[74.22574841976166, -37.228558361530304, 0.2019823049486149]
[76.20496839284897, -36.91412495076656, 0.2022289468368399]
[78.21157455444336, -36.595192447304726, 0.20237175096190185]
[80.24402666091919, -36.27235980331898, 0.20235797992245352]
[82.30027031898499, -35.945504769682884, 0.20216410134889884]
[84.37852549552917, -35.614272117614746, 0.2019905363486032]
[86.47816359996796, -35.278111174702644, 0.20182287707575597]
[88.59992265701294, -34.93652106821537, 0.2017855169096947]
[90.74522161483765, -34.589281052351, 0.2018296263868251]
[92.915274143219, -34.236167564988136, 0.20188199884432834]
[95.1108865737915, -33.877318665385246, 0.20198847056963132]
[97.33224093914032, -33.51288220286369, 0.20208611520502018]
[99.5790286064148, -33.14294761419296, 0.20198461001564283]
[101.85014724731445, -32.76736232638359, 0.20184103448264068]
[104.14416325092316, -32.38528248667717, 0.2014761639002245]
[106.45921349525452, -31.99402515590191, 0.2007810041832272]
[108.7935322523117, -31.5920642465353, 0.20025014887505677]
[111.14584684371948, -31.177655950188637, 0.19985636722412892]
[113.51585698127747, -30.748852640390396, 0.1994909116474446]
[115.9037333726883, -30.304449751973152, 0.19924806572089437]
[118.30988955497742, -29.844384267926216, 0.19928147171231103]
[120.73480319976807, -29.369575321674347, 0.19963609664409887]
[123.17888402938843, -28.88157068192959, 0.20014845037076157]
[125.64238798618317, -28.382240414619446, 0.20073304217658006]
[128.1249225139618, -27.87290993332863, 0.20114221701805945]
[130.62663447856903, -27.355237662792206, 0.2014221870485926]
[133.1457599401474, -26.8300761282444, 0.20155024728046556]
[135.67652201652527, -26.29866150021553, 0.20104718513903208]
[138.21875381469727, -25.761223763227463, 0.2006456030649133]
[140.77316653728485, -25.21713674068451, 0.20056953643870656]
[143.34370636940002, -24.663737446069717, 0.200417790465508]
[145.93281650543213, -24.098427891731262, 0.2005147673044121]
[148.53979110717773, -23.51916640996933, 0.20042267363896826]
[151.1640762090683, -22.924499809741974, 0.20019132187007926]
[153.8048312664032, -22.312878131866455, 0.19984021596610546]
[156.4604903459549, -21.68428722023964, 0.19959185947664082]
[159.1241718530655, -21.040745854377747, 0.1991734680486843]
[161.79555070400238, -20.383398324251175, 0.1989118490528199]
[164.47592091560364, -19.71366748213768, 0.19911286991555244]
[167.16685736179352, -19.03322544693947, 0.19957714647171088]
[169.8697009086609, -18.34332326054573, 0.19994910538662225]
[172.5857571363449, -17.645050197839737, 0.20038128372107167]
[175.31607222557068, -16.939509868621826, 0.20074806950287893]
[178.06129229068756, -16.22709971666336, 0.2009636737711844]
[180.82180273532867, -15.508995711803436, 0.20124386658426374]
[183.59769713878632, -14.785622626543045, 0.20135442118771607]
[186.38875818252563, -14.057410091161728, 0.2013557198279159]
[189.19444251060486, -13.324783265590668, 0.20127621397114126]
[192.01426815986633, -12.58804002404213, 0.20124248630963848]
[194.8480747938156, -11.847465962171555, 0.20125721970634913]
[197.69594991207123, -11.103068619966507, 0.20129215205452056]
[200.55827462673187, -10.354768484830856, 0.20132736292180198]
[203.43558132648468, -9.60207486152649, 0.20130600379161478]
[206.32850551605225, -8.845102220773697, 0.2014391571210581]
[209.2375726699829, -8.083765655755997, 0.20158130960044218]
[212.16307747364044, -7.317918568849564, 0.20167971821138053]
[215.1048605442047, -6.546088069677353, 0.20144160358177032]
[218.06231021881104, -5.766214519739151, 0.20101872425584588]
[221.03449952602386, -4.9778545796871185, 0.20085678605391877]
[224.02048981189728, -4.17988783121109, 0.20072052959585562]
[227.01865887641907, -3.3717623353004456, 0.20047378409071825]
[230.02339816093445, -2.5541670322418213, 0.1997156342258677]
[233.02616226673126, -1.7296642363071442, 0.1983382574399002]
[236.02191078662872, -0.9005880653858185, 0.1967357292305678]
[239.00747859477997, -0.06867316365242004, 0.19534346862928942]
[241.98314726352692, 0.7653837203979492, 0.1947162311116699]
[244.95016586780548, 1.6012302041053772, 0.194974028490833]
[247.90803503990173, 2.437971204519272, 0.19563405276858248]
[249.3778748512268, 2.8547681272029877, 0.1957083490124205]
[252.2870980501175, 3.6812194287776947, 0.19488619110779837]
[255.15903091430664, 4.499150425195694, 0.1936117775621824]
[258.0216474533081, 5.315369814634323, 0.19411901661078446]
[260.8289602994919, 6.115517735481262, 0.19359000312397256]
[263.58457458019257, 6.9033626317977905, 0.19455694674979895]
[266.30404233932495, 7.684451878070831, 0.19518772226001602]
[268.98961198329926, 8.46047618985176, 0.19467784572043456]
[271.6404699087143, 9.231788992881775, 0.19421449446235783]
[274.2575182914734, 9.998854994773865, 0.19404599466361105]
[276.84187066555023, 10.763293892145157, 0.19364890779252164]
[279.40035223960876, 11.529429256916046, 0.19230838905787095]
[281.91412460803986, 12.296804547309875, 0.19127347393077798]
[284.3886740207672, 13.065800130367279, 0.19173710810719058]
[286.821288228035, 13.835260093212128, 0.19185739152453607]
[289.20063734054565, 14.599387168884277, 0.19142952889524167]
[291.5481467247009, 15.361110001802444, 0.1921008715289645]
[293.85382068157196, 16.113699436187744, 0.1924047919746954]
[296.12824630737305, 16.857047647237778, 0.19297081176773645]
[298.3712056875229, 17.589101314544678, 0.19318312823224915]
[300.58000433444977, 18.308487206697464, 0.19285527236934286]
[302.75761437416077, 19.016230314970016, 0.19272198765247595]
[304.8976219892502, 19.711259067058563, 0.19273699477344053]
[307.00039517879486, 20.395012617111206, 0.19286757681402378]
[309.06955790519714, 21.068871080875397, 0.19333831782569177]
[311.1024087667465, 21.732274442911148, 0.19340055988141103]
[313.0973070859909, 22.38410609960556, 0.19314577753539197]
[315.0583406686783, 23.024617463350296, 0.19326391449430957]
[316.98529148101807, 23.654697358608246, 0.19290489482227713]
[318.8682230114937, 24.269291192293167, 0.1925899218331324]
[320.711099922657, 24.869350880384445, 0.1922325640480267]
[322.5207027196884, 25.456620901823044, 0.19229472462029662]
[324.3006162047386, 26.032232224941254, 0.19222457720752573]
[326.0503208041191, 26.595634549856186, 0.19187754555605352]
[327.7669420838356, 27.1467607319355, 0.19117388935410418]
[329.4490249156952, 27.687506556510925, 0.19022955105174333]
[331.08558064699173, 28.216368824243546, 0.18886564765125513]
[332.66047990322113, 28.727986752986908, 0.18678426829865202]
[334.1787329316139, 29.227500215172768, 0.18629638805577997]
[335.65149557590485, 29.7202929854393, 0.18770869739819318]
[337.0812419652939, 30.21014739573002, 0.18733583862194791]
[338.46292823553085, 30.697697907686234, 0.1857174622709863]
[339.78931587934494, 31.180515199899673, 0.18436482961988077]
[341.0578758716583, 31.65926569700241, 0.18260411883238703]
[342.2865442633629, 32.15411391854286, 0.1803877085330896]
[343.50114238262177, 32.67066144943237, 0.18376164115034044]
[344.7024824619293, 33.20774173736572, 0.18585843674372882]
[345.8898177742958, 33.763487845659256, 0.18689666176214814]
[347.06261444091797, 34.334975838661194, 0.18818989000283182]
[348.22068601846695, 34.91945144534111, 0.18921831611078233]
[349.36418718099594, 35.51670119166374, 0.18982980796135962]
[350.49449878931046, 36.125014424324036, 0.19043012007023208]
[351.61189460754395, 36.74340063333511, 0.19059005042072386]
[352.7156111598015, 37.37390846014023, 0.18998074464616366]
[353.80175817012787, 38.01429897546768, 0.18949976518342737]
[354.8724357485771, 38.66486543416977, 0.18967673658335116]
[355.9290027618408, 39.326137363910675, 0.18994476067018695]
[356.9691264629364, 39.99620673060417, 0.18987928731439752]
[357.9654685854912, 40.65879330039024, 0.18682395294308662]
[358.9290460944176, 41.326948553323746, 0.1843304201029241]
[359.87599554657936, 42.01152417063713, 0.1853443353320472]
[360.81379184126854, 42.719759464263916, 0.1853467760811327]
[361.7368136048317, 43.451385110616684, 0.1851155685435515]
[362.6396636366844, 44.20187422633171, 0.18634931655833498]
[363.5213030576706, 44.96888816356659, 0.18727060570381582]
[364.38048309087753, 45.75052183866501, 0.18734324652723444]
[365.2141834795475, 46.54115492105484, 0.18739149805355737]
[366.01765406131744, 47.33212301135063, 0.18717225642467383]
[366.79880130290985, 48.12757933139801, 0.18765034852549434]
[367.55733051896095, 48.928102880716324, 0.1877781749190035]
[368.29297176003456, 49.73467642068863, 0.1876762679676176]
[369.0061735510826, 50.547733932733536, 0.1877760635179584]
[369.6901145875454, 51.35888972878456, 0.187422488728771]
[370.33863151073456, 52.161089181900024, 0.18609898258000612]
[370.9563631117344, 52.960630029439926, 0.18541504858876579]
[371.5499708354473, 53.76643732190132, 0.1856743389980693]
[372.13137862086296, 54.59433674812317, 0.18537589546758682]
[372.6741950213909, 55.41114962100983, 0.18374445522204041]
[373.1806398630142, 56.21973669528961, 0.18387701341998763]
[373.65765731036663, 57.02616375684738, 0.18504302931251004]
[374.1046580374241, 57.82689517736435, 0.18534494114283007]
[374.5219637453556, 58.62111669778824, 0.18547575806587702]
[374.91113559901714, 59.41068905591965, 0.18579961929935962]
[375.274207636714, 60.19963189959526, 0.18622576896450482]
[375.6109508275986, 60.98828813433647, 0.18638157453460735]
[375.92060831189156, 61.775846749544144, 0.18633222491007473]
[376.2028742581606, 62.56226393580437, 0.18631685624723104]
[376.4577917829156, 63.347004652023315, 0.1863885573220614]
[376.6853893697262, 64.12895375490189, 0.18648097969162336]
[376.88482573628426, 64.90234577655792, 0.1864798730421171]
[377.05729907751083, 65.6635493338108, 0.1863168830604991]
[377.2032099366188, 66.41396084427834, 0.18607293844979722]
[377.3226672820747, 67.15317326784134, 0.18586800159391714]
[377.4151316136122, 67.87997940182686, 0.1854928915417986]
[377.479702970013, 68.59437450766563, 0.1851195540948538]
[377.516250657849, 69.29554754495621, 0.1847900079592364]
[377.52372510512214, 69.98005032539368, 0.18437038706906606]
[377.5027479119599, 70.64566767215729, 0.1842247439562925]
[377.45459196716547, 71.29215854406357, 0.18454428405675571]
[377.38015155494213, 71.91862142086029, 0.18491681532759685]
[377.28041544929147, 72.52574682235718, 0.18544633602141403]
[377.1558246463537, 73.11534604430199, 0.18585554444871377]
[377.00538897514343, 73.69390568137169, 0.18667330435710028]
[376.8303132802248, 74.2613098025322, 0.1873923715611454]
[376.6316578388214, 74.81547251343727, 0.18786666601954494]
[376.41095507889986, 75.35483214259148, 0.1881224630633369]
[376.1698187813163, 75.87809577584267, 0.18832163246406708]
[375.9088469147682, 76.3835936486721, 0.18822061236642185]
[375.63006825745106, 76.87025007605553, 0.18831712160317693]
[375.3355270624161, 77.33742420375347, 0.18850351913715713]
[375.0271867662668, 77.78483180701733, 0.18883898749481887]
[374.706624224782, 78.21318578720093, 0.18904071202268824]
[374.3756376206875, 78.62266066670418, 0.189220293694234]
[374.03580616414547, 79.0134799182415, 0.1892272081977353]
[373.687839448452, 79.38529816269875, 0.1891419579014837]
[373.33089289069176, 79.74116207659245, 0.18968092705472372]
[372.96228598058224, 80.08519572019577, 0.19029230735031888]
[372.5801460444927, 80.41896352171898, 0.19099206262035295]
[372.18097089231014, 80.7462317943573, 0.19181075601954944]
[371.7608712017536, 81.06879962980747, 0.1923421569954371]
[371.32013250887394, 81.38557198643684, 0.19268854937399738]
[370.8583925664425, 81.69537800550461, 0.19299108764971606]
[370.3762723505497, 81.99694126844406, 0.1931953190214699]
[369.8746999204159, 82.28908805549145, 0.1933203899561704]
[369.35603469610214, 82.5698379278183, 0.19314899401797447]
[368.8242895901203, 82.83665159344673, 0.1929019548042561]
[368.2836375236511, 83.0872812345624, 0.1930547700903844]
[367.7351863980293, 83.32320600748062, 0.19348923333745915]
[367.17631608247757, 83.54648045450449, 0.1936832221908844]
[366.6042445600033, 83.75894007086754, 0.19350751682941336]
[366.0168775320053, 83.9609692171216, 0.19308821189042646]
[365.4135514497757, 84.15252396464348, 0.19306023759418167]
[364.7939952015877, 84.334347628057, 0.19352713364060037]
[364.1574020385742, 84.50588661432266, 0.19359923138472368]
[363.5039833188057, 84.6677079424262, 0.19379481305077206]
[362.83474892377853, 84.82113764435053, 0.1940927473042393]
[362.1499113738537, 84.96535767614841, 0.1941416629797459]
[361.45026764273643, 85.10071559250355, 0.19415008262512856]
[360.73673382401466, 85.22699160501361, 0.19406616290507372]
[360.01042425632477, 85.34420371055603, 0.19385856354347197]
[359.2729246020317, 85.45211010798812, 0.19366678889491595]
[358.52670353651047, 85.55077450349927, 0.19371228375530336]
[357.7741486430168, 85.64158287644386, 0.19399382903065998]
[357.0134242475033, 85.72537115961313, 0.19454550667433068]
[356.2383186519146, 85.80312237143517, 0.19558714708546177]
[355.44173473119736, 85.87537153065205, 0.1963454244832974]
[354.6183311641216, 85.9421731159091, 0.19676922091457527]
[353.7639973461628, 86.00337198004127, 0.19731999764917418]
[352.8752027451992, 86.05897038802505, 0.1980762662133202]
[351.94934234023094, 86.1088753901422, 0.19894593907520175]
[350.9849697649479, 86.15264092944562, 0.1997688315459527]
[349.98315328359604, 86.18938509002328, 0.20041641127318144]
[348.9473598599434, 86.21838625334203, 0.20091284849331714]
[347.88082879781723, 86.23894360754639, 0.20161332466523163]
[346.7830801606178, 86.25051343720406, 0.20256826889817603]
[345.65011847019196, 86.25227827639901, 0.20300210938148666]
[344.4772433042526, 86.24287275550887, 0.2026654888468329]
[343.2619582414627, 86.22043705545366, 0.20198739299667068]
[342.00360280275345, 86.18285302259028, 0.2014975986967329]
[340.7025027871132, 86.12803974188864, 0.20145265019164071]
[339.3607321381569, 86.05312556400895, 0.20134160992165562]
[337.98650217056274, 85.95567230135202, 0.20047448674449697]
[336.5908301472664, 85.83418364077806, 0.19888091849861667]
[335.1817412376404, 85.68862826377153, 0.19721332687186077]
[333.75835263729095, 85.51915322989225, 0.19622854521730915]
[332.3170534968376, 85.3255727738142, 0.19607626650849852]
[330.855037689209, 85.10772177577019, 0.1962609572947258]
[329.3706339597702, 84.86566404998302, 0.19663409207714722]
[327.86294639110565, 84.59959541261196, 0.19709295727079734]
[326.3316041827202, 84.30965586006641, 0.19756927620619535]
[324.776763856411, 83.99633739888668, 0.19803217315347865]
[323.199558198452, 83.66039881110191, 0.19830985450244043]
[321.60196912288666, 83.30311018228531, 0.19846040583070135]
[319.98662930727005, 82.92605924606323, 0.19865003871382214]
[318.35548013448715, 82.53109937906265, 0.1990331819106359]
[316.7083350419998, 82.11982144415379, 0.1995738344558049]
[315.04307651519775, 81.69364139437675, 0.20009909248619806]
[313.35716247558594, 81.25370736420155, 0.20039749355055392]
[311.64391016960144, 80.80018931627274, 0.20124607835896313]
[309.903795003891, 80.33396132290363, 0.20179828365508]
[308.1379229426384, 79.85707081854343, 0.2020555453855195]
[306.34716910123825, 79.37050858139992, 0.20205934990372043]
[304.53597217798233, 78.87617687880993, 0.2016211209120229]
[302.7023084759712, 78.37474843859673, 0.20134999280708143]
[300.8447816967964, 77.86704993247986, 0.2018192642426584]
[298.9647691845894, 77.35441169142723, 0.20222676896082703]
[297.0658276081085, 76.83920577168465, 0.20214810120523907]
[295.1553803086281, 76.32544228434563, 0.2013010965893045]
[293.2414801120758, 75.81658539175987, 0.19947884825523943]
[291.3313407301903, 75.31546802818775, 0.1972185173071921]
[289.42806297540665, 74.82326067984104, 0.19550085195805877]
[287.53018802404404, 74.33938893675804, 0.19510890045785345]
[285.6364358663559, 73.86284773051739, 0.19563784144702367]
[283.7452775835991, 73.39252108335495, 0.1963197640143335]
[281.8562375307083, 72.92725458741188, 0.1967379656562116]
[279.98611891269684, 72.4704267680645, 0.1949973835144192]
[278.1384853720665, 72.02202202379704, 0.19159398321062326]
[276.3341661095619, 71.5852918624878, 0.18906701321247965]
[274.5614473223686, 71.15865704417229, 0.18976990645751357]
[272.8148612976074, 70.74023200571537, 0.19091085362015292]
[271.09735810756683, 70.33034385740757, 0.1914090836799005]
[269.408603310585, 69.92800083756447, 0.19151014795033916]
[267.7480365037918, 69.53215739130974, 0.19125544230337255]
[266.1166860461235, 69.14222353696823, 0.1908783834805945]
[264.51397866010666, 68.7579692453146, 0.19081057942821644]
[262.9381658434868, 68.37869808077812, 0.190826852891405]
[261.3875632286072, 68.0042078346014, 0.1903792213415727]
[259.8721717596054, 67.6359062641859, 0.18946921671158634]
[258.38687801361084, 67.27146556973457, 0.18927650353816716]
[256.9301265478134, 66.90953677892685, 0.18940026190830395]
[255.50359737873077, 66.54982896149158, 0.18935297153075226]
[254.1063465476036, 66.19142757356167, 0.1893266417318955]
[252.7381078004837, 65.83381314575672, 0.18928199828496872]
[251.39979928731918, 65.47753036022186, 0.18926628860560868]
[250.0906634926796, 65.1227184087038, 0.18928339152262197]
[248.81001597642899, 64.76984369754791, 0.1893650815836736]
[247.5584659576416, 64.41968882083893, 0.1893708449308633]
[246.33647853136063, 64.07292792201042, 0.18936614328958967]
[245.1435107588768, 63.729860723018646, 0.1894026002046303]
[243.97930777072906, 63.39124068617821, 0.18953600222448586]
[242.84479492902756, 63.05779725313187, 0.18960398462877492]
[241.739075422287, 62.730013847351074, 0.18974867468932644]
[240.6617797613144, 62.40820987522602, 0.18984073975298088]
[239.61378645896912, 62.093287602066994, 0.18979627829321544]
[238.5945645570755, 61.785517156124115, 0.1897309066625894]
[237.60359239578247, 61.48497714102268, 0.18967184199755138]
[236.64176392555237, 61.19226697087288, 0.1895393748782226]
[235.70929035544395, 60.90756931900978, 0.18936961959843757]
[234.80524492263794, 60.63102851808071, 0.1893701477383729]
[233.9292494058609, 60.362469494342804, 0.1893903265095105]
[233.08250099420547, 60.10247145593166, 0.18937468831700244]
[232.26517933607101, 59.851145543158054, 0.1892525462244521]
[231.47596380114555, 59.60816006362438, 0.1892213595647263]
[230.71417701244354, 59.373327903449535, 0.18926939172251878]
[229.98235902190208, 59.14762253314257, 0.1890745586133562]
[229.28029188513756, 58.93096708506346, 0.1888899810401199]
[228.60655564069748, 58.722923651337624, 0.18895916676774505]
[227.96024617552757, 58.52310273051262, 0.1891336649787263]
[227.34182062745094, 58.33174753189087, 0.18914707731528324]
[226.75474694371223, 58.1501244828105, 0.18873869330855086]
[226.19869378209114, 57.97813093662262, 0.18843975269555813]
[225.67267161607742, 57.81542368978262, 0.18873557087499648]
[225.17560429871082, 57.661480627954006, 0.18931002178578638]
[224.7049886137247, 57.51569862663746, 0.19005172670586035]
[224.26055739820004, 57.37794133275747, 0.19072714683716185]
[223.85817337036133, 57.25334344431758, 0.19064271787647158]
[223.50082418322563, 57.14296307787299, 0.19037810300505953]
[223.18899200856686, 57.04612382128835, 0.19010190634799073]
[222.92300121486187, 56.96413238719106, 0.1910981279797852]
[222.69036569446325, 56.892082557082176, 0.19183159340173006]
[222.48847217857838, 56.82920156605542, 0.19186874787556008]
[222.31069155037403, 56.77417285181582, 0.19291243626503274]
[222.1543673723936, 56.72537388652563, 0.19334193982649595]
[222.01566611230373, 56.68250905163586, 0.19389722456980962]
[221.89337762072682, 56.64457628689706, 0.19455055058824655]
[221.78615876287222, 56.61120692640543, 0.19507934728062537]
[221.69246743246913, 56.58176069241017, 0.1957356637576595]
[221.61004431173205, 56.55659899394959, 0.19647115998668596]
[221.5373261794448, 56.53495769575238, 0.19706232668249868]
[221.47512658685446, 56.51422726176679, 0.1974311334779486]
[221.4194548241794, 56.49851815216243, 0.19779831248160917]
[221.3726896904409, 56.482537305448204, 0.19840158679289743]
[221.3288104608655, 56.470569271128625, 0.1985495860571973]
[221.2977067567408, 56.46009739814326, 0.1973349089967087]
[221.3061405038461, 56.46148247108795, 0.19450023805256933]
[221.31992564164102, 56.466602260945365, 0.19381086585053708]
[221.31705805379897, 56.46600682591088, 0.19648386409971863]
[221.2925023296848, 56.457561823539436, 0.19873399089556187]
[221.24772294983268, 56.44318172894418, 0.2014312504325062]
[221.17947594076395, 56.42182511463761, 0.2022019695432391]
[221.08953107893467, 56.39082668349147, 0.20232208587549394]
[220.9757388755679, 56.35306730493903, 0.20186009933240712]
[220.84512458741665, 56.309988064691424, 0.20126100067864172]
[220.70395372062922, 56.26243907213211, 0.2006183474441059]
[220.55468922108412, 56.21251546964049, 0.20058374223299325]
[220.39370251446962, 56.15811362862587, 0.20040100871119648]
[220.2158461511135, 56.097771655768156, 0.19979901931947097]
[220.01897962391376, 56.03069779276848, 0.19910766975954175]
[219.8030083924532, 55.95705674216151, 0.19877641937637236]
[219.56846253573895, 55.87659742310643, 0.19866027277021203]
[219.31574898958206, 55.789317201822996, 0.19863631048065145]
[219.04533706605434, 55.69535447284579, 0.1986433880047116]
[218.7575388252735, 55.59505994990468, 0.1989742194855353]
[218.45287303626537, 55.48768466711044, 0.19889618276647525]
[218.1318385899067, 55.37409666180611, 0.19882433769816998]
[217.7952855080366, 55.25427980348468, 0.19867474196507828]
[217.44441172480583, 55.12864665687084, 0.1984246432693908]
[217.08133986592293, 54.99801802635193, 0.19811554174521007]
[216.70804172754288, 54.86293654888868, 0.19808844248473179]
[216.32375164330006, 54.723283149302006, 0.19828512390813557]
[215.925148665905, 54.57805755734444, 0.1985811507474864]
[215.5078731328249, 54.425079584121704, 0.19888065391569398]
[215.0669105052948, 54.26305792480707, 0.19902396221004892]
[214.59768421947956, 54.09008766710758, 0.19932911141950171]
[214.0954615175724, 53.90484694391489, 0.1997974218102172]
[213.5567338168621, 53.70560289174318, 0.20038009274867363]
[212.97957909107208, 53.491616785526276, 0.2007605159014929]
[212.36455923318863, 53.262652575969696, 0.20137396734207869]
[211.7141270339489, 53.019683465361595, 0.20230651192832738]
[211.03016340732574, 52.763858407735825, 0.20350763498572633]
[210.3109620809555, 52.49450044333935, 0.20479865837842226]
[209.55146479606628, 52.209767535328865, 0.20576320961117744]
[208.74611908197403, 51.90792520344257, 0.2061004240094917]
[207.89286571741104, 51.58791907131672, 0.2062267526071082]
[206.99197393655777, 51.250110402703285, 0.20626349721896986]
[206.0457126200199, 50.89533269405365, 0.2061054196456098]
[205.05773147940636, 50.52487772703171, 0.20571047664270736]
[204.03258454799652, 50.140595987439156, 0.20525357726728544]
[202.97447609901428, 49.74402840435505, 0.2047896000003675]
[201.885562479496, 49.33594091236591, 0.20442135506891645]
[200.76615798473358, 48.91642947494984, 0.2039812250295654]
[199.61090832948685, 48.483488991856575, 0.2041336901311297]
[198.41781169176102, 48.036044999957085, 0.20435869631910464]
[197.18992108106613, 47.57544793188572, 0.2041945284290705]
[195.92665761709213, 47.101713597774506, 0.20418266713022604]
[194.6279701590538, 46.614661395549774, 0.20413826687581604]
[193.2932300567627, 46.114446580410004, 0.20446933231141884]
[191.9254845380783, 45.601786971092224, 0.2047583086823579]
[190.52744889259338, 45.07765865325928, 0.2048914685838099]
[189.10042947530746, 44.542527467012405, 0.20478699850355042]
[187.64410382509232, 43.99654150009155, 0.2046159607998561]
[186.15764474868774, 43.439271956682205, 0.20434689153626096]
[184.64052772521973, 42.87027794122696, 0.2039738896273775]
[183.09287756681442, 42.289007276296616, 0.20353298836562317]
[181.51575016975403, 41.694613218307495, 0.2030216126877349]
[179.9107996225357, 41.08619821071625, 0.20248243835521862]
[178.28018009662628, 40.46302169561386, 0.2020169230090687]
[176.6263912320137, 39.82469853758812, 0.2016158987680683]
[174.95188879966736, 39.17151600122452, 0.20129098353208974]
[173.25392943620682, 38.50235137343407, 0.20168723666574806]
[171.534893989563, 37.817752093076706, 0.20189565552209388]
[169.79691392183304, 37.119787603616714, 0.2016943295529927]
[168.03856348991394, 36.4089181125164, 0.20154813189219567]
[166.26008492708206, 35.68649062514305, 0.20118645479669794]
[164.45643037557602, 34.952482134103775, 0.2014283478492871]
[162.62703794240952, 34.206727892160416, 0.20184711812180467]
[160.77199983596802, 33.44995692372322, 0.20214782652328722]
[158.89190286397934, 32.682787388563156, 0.20226483182705124]
[156.98791652917862, 31.905703097581863, 0.20227059395438118]
[155.0612530708313, 31.1192524433136, 0.20227988510669093]
[153.11301219463348, 30.323764622211456, 0.2022595819671551]
[151.14362674951553, 29.519281178712845, 0.20220240835078584]
[149.15264695882797, 28.70575460791588, 0.20218496320467239]
[147.13927245140076, 27.883047729730606, 0.20221491498523392]
[145.10256969928741, 27.051208972930908, 0.20230325614465983]
[143.04194223880768, 26.21048492193222, 0.20240291939626331]
[140.95717024803162, 25.36118170619011, 0.20252384903869824]
[138.84875893592834, 24.50250607728958, 0.20222108330926858]
[136.7185629606247, 23.63158616423607, 0.20149214303819463]
[134.5680295228958, 22.74766519665718, 0.20097740707569756]
[132.4018428325653, 21.849811762571335, 0.20014306588564068]
[130.2317625284195, 20.940263032913208, 0.1982844944577664]
[128.07201302051544, 20.02218535542488, 0.1952019255841151]
[125.92841851711273, 19.09611475467682, 0.19227623438928276]
[123.79898691177368, 18.161163687705994, 0.19113815884338692]
[121.68243217468262, 17.22088921070099, 0.19215818220982328]
[119.5944813489914, 16.284607470035553, 0.19235877634491771]
[117.54613018035889, 15.359407126903534, 0.19127801625290886]
[115.52184212207794, 14.436544090509415, 0.191090804990381]
[113.52097690105438, 13.520046263933182, 0.189506133669056]
[111.59344846010208, 12.626666098833084, 0.18641211895737797]
[109.72015047073364, 11.740120828151703, 0.1857903831078147]
[107.89286351203918, 10.8528051674366, 0.18599179780721897]
[106.11276549100876, 9.964081913232803, 0.186247250661836]
[104.37198007106781, 9.073683023452759, 0.18699012999422848]
[102.67591506242752, 8.195872128009796, 0.18767700252647046]
[101.03557503223419, 7.336239546537399, 0.1868323681410402]
[99.44030004739761, 6.485063582658768, 0.18599096883554012]
[97.88466662168503, 5.642896115779877, 0.18665303449961357]
[96.36664271354675, 4.809595495462418, 0.1875136792077683]
[94.88671922683716, 3.9900547564029694, 0.18813150578353088]
[93.44496601819992, 3.1918256282806396, 0.18915586330695078]
[92.02827370166779, 2.423680603504181, 0.19146185065619648]
[90.6298434138298, 1.684374064207077, 0.1925484733947087]
[89.24673002958298, 0.9749137759208679, 0.19316012025228702]
[87.87883359193802, 0.295717716217041, 0.19347998306329828]
[86.53348726034164, -0.350350022315979, 0.19315987563459203]
[85.2128974199295, -0.962584912776947, 0.1925791441462934]
[83.92238622903824, -1.5391756296157837, 0.1913566833245568]
[82.65127778053284, -2.0785190165042877, 0.1919308474753052]
[81.40389806032181, -2.570915311574936, 0.1926994086970808]
[80.16363298892975, -3.041748359799385, 0.19107021728996187]
[78.92367595434189, -3.5031496435403824, 0.19007930805673823]
[77.70471149682999, -3.9603148698806763, 0.1881810836493969]
[76.49665975570679, -4.420034497976303, 0.18886470521101728]
[75.31268721818924, -4.8756715059280396, 0.18992440970032476]
[74.18090867996216, -5.313073441386223, 0.18804196931887418]
[73.08220785856247, -5.740146055817604, 0.18745697360554914]
[72.01035660505295, -6.157503142952919, 0.18873862095642835]
[70.97043454647064, -6.560305297374725, 0.1897365265758708]
[69.97080978751183, -6.939441233873367, 0.18974909611279145]
[68.98640885949135, -7.296068117022514, 0.19093323324341327]
[68.02068570256233, -7.623781770467758, 0.19162885184050538]
[67.06548383831978, -7.926065653562546, 0.19246163609204814]
[66.12509262561798, -8.20602223277092, 0.19211559259565547]
[65.21362894773483, -8.463028505444527, 0.19110370785347186]
[64.33061853051186, -8.698942616581917, 0.19085822429588006]
[63.47379043698311, -8.914656139910221, 0.1912650768936146]
[62.64172229170799, -9.109819620847702, 0.1917569030483719]
[61.83270138502121, -9.283285662531853, 0.192317612352781]
[61.04528674483299, -9.433814026415348, 0.1928740315779578]
[60.27802789211273, -9.55982368811965, 0.19355285514029674]
[59.52033472061157, -9.66279312223196, 0.19394200199167244]
[58.78107884526253, -9.738767251372337, 0.19353796387440525]
[58.06781026721001, -9.785978762432933, 0.19330266063707313]
[57.37312105298042, -9.805396218318492, 0.19388903977232985]
[56.69713121652603, -9.796017994172871, 0.1947106797597371]
[56.039699375629425, -9.756758159026504, 0.1953964838758111]
[55.39531469345093, -9.69154940545559, 0.19568609654379543]
[54.765549659729004, -9.599488414824009, 0.19612140563549474]
[54.15227431058884, -9.481859978288412, 0.19643125546281226]
[53.555699318647385, -9.338343657553196, 0.19695278559811413]
[52.97691801190376, -9.169986873865128, 0.19730229245033115]
[52.416716158390045, -8.97705689817667, 0.1976054968108656]
[51.879187166690826, -8.760793171823025, 0.19783699519757647]
[51.367518693208694, -8.521324574947357, 0.19793206794201978]
[50.87975737452507, -8.259366542100906, 0.1980278366827406]
[50.41767443716526, -7.976278096437454, 0.19835317957040388]
[49.98251351714134, -7.673210427165031, 0.19882787045207806]
[49.57487912476063, -7.351618275046349, 0.19929200652404688]
[49.19490537047386, -7.013357862830162, 0.1995646117866272]
[48.842809438705444, -6.661201372742653, 0.19932056828110944]
[48.52102617919445, -6.292908146977425, 0.20011659438023344]
[48.22650429606438, -5.908894404768944, 0.20046548239770345]
[47.959312707185745, -5.51361371576786, 0.19988532035495155]
[47.71721248328686, -5.106898277997971, 0.19988788424961967]
[47.50119812041521, -4.691580221056938, 0.1998023048072355]
[47.31135319918394, -4.2699891328811646, 0.19976854954074952]
[47.14758152514696, -3.8443989157676697, 0.19960574322612956]
[47.00930089503527, -3.416780859231949, 0.19939031124158646]
[46.894810538738966, -2.9879224598407745, 0.19901789430878125]
[46.800677958875895, -2.555891916155815, 0.19909773998369928]
[46.725044161081314, -2.118695765733719, 0.19936040794709697]
[46.66732233017683, -1.6747852116823196, 0.19974201660079416]
[46.62769962847233, -1.2233898639678955, 0.20019175756897312]
[46.60570026002824, -0.7642276883125305, 0.20033408088056603]
[46.60254675208125, -0.29836104810237885, 0.20056017217575572]
[46.61955140065402, 0.1727839857339859, 0.20101503444311675]
[46.65535805746913, 0.6494349390268326, 0.20087940690427786]
[46.7071781847626, 1.1348309516906738, 0.20062824116030242]
[46.77323727682233, 1.6271726787090302, 0.20017611169896554]
[46.85471551120281, 2.1294791996479034, 0.20039763452950865]
[46.95284911617637, 2.639796793460846, 0.20051552261588768]
[47.06823975965381, 3.158076375722885, 0.20043840670768986]
[47.20099211484194, 3.68408140540123, 0.20020024325640406]
[47.35103840380907, 4.217426151037216, 0.19999295706656994]
[47.51873231679201, 4.757530242204666, 0.19997887337012799]
[47.70516091585159, 5.302677363157272, 0.20007874414295657]
[47.910461351275444, 5.84969037771225, 0.19929358281660825]
[48.130317851901054, 6.394048452377319, 0.19666157464962453]
[48.35903699696064, 6.932213127613068, 0.19576760975905927]
[48.59574227780104, 7.466114163398743, 0.1973222999367863]
[48.843545734882355, 8.00239184498787, 0.19873490318423137]
[49.106370121240616, 8.545672446489334, 0.19888775881554466]
[49.38626950979233, 9.098684698343277, 0.19833290079259314]
[49.684175819158554, 9.66343691945076, 0.1983315129109542]
[50.00119711458683, 10.242441564798355, 0.19912421840126626]
[50.33919294178486, 10.838361114263535, 0.20015572977717966]
[50.6993098706007, 11.453903675079346, 0.2007416253327392]
[51.081876918673515, 12.09167292714119, 0.20104945079947356]
[51.48815384507179, 12.75344854593277, 0.2013021354941884]
[51.919422805309296, 13.439650386571884, 0.20169828896177933]
[52.37487490475178, 14.147259950637817, 0.20202548100496642]
[52.85027655959129, 14.868118703365326, 0.20316229510353878]
[53.34424312412739, 15.598820567131042, 0.20436349225929007]
[53.86045178771019, 16.34533628821373, 0.20505699486238882]
[54.40364173054695, 17.114262878894806, 0.20498672834946774]
[54.96484795212746, 17.893945038318634, 0.20274204830639064]
[55.52611309289932, 18.66503894329071, 0.19691322487778962]
[56.08312600851059, 19.430447041988373, 0.19135615904815495]
[56.633172392845154, 20.196279615163803, 0.18874525872524828]
[57.17390376329422, 20.967237412929535, 0.18852042956859805]
[57.70890226960182, 21.754171550273895, 0.18815566244302318]
[58.21199296414852, 22.524706780910492, 0.1857921996852383]
[58.67717744410038, 23.2717227935791, 0.18399720441084355]
[59.11113955080509, 24.005541563034058, 0.18409448691818397]
[59.514056369662285, 24.728068202733994, 0.18435932799548027]
[59.88682581484318, 25.444069772958755, 0.1846002359961858]
[60.233029559254646, 26.161633044481277, 0.18531439002254046]
[60.5515470802784, 26.880555480718613, 0.18570970601285808]
[60.840892389416695, 27.599125772714615, 0.18582355260514305]
[61.1003630310297, 28.316228091716766, 0.18577511136754765]
[61.33023066818714, 29.03075858950615, 0.18574336756864795]
[61.52843055129051, 29.741025060415268, 0.18526236855541356]
[61.69717752933502, 30.445740550756454, 0.18566716386703774]
[61.83683701604605, 31.143637627363205, 0.18561666313325986]
[61.94574151188135, 31.831054627895355, 0.1848004188213963]
[62.024107210338116, 32.509521543979645, 0.18433662682946306]
[62.07093271613121, 33.17608115077019, 0.18402191528002732]
[62.08683185931295, 33.82908231019974, 0.18403579774530954]
[62.07223757728934, 34.46798691153526, 0.18436057736107614]
[62.02773121371865, 35.09524795413017, 0.1851213778136298]
[61.95397661626339, 35.71229022741318, 0.1857426265196409]
[61.851854018867016, 36.31719270348549, 0.18614600227738265]
[61.72202418744564, 36.90897390246391, 0.186306626550504]
[61.56552278250456, 37.48647662997246, 0.18649101891787723]
[61.384323947131634, 38.04854217171669, 0.18688620900502428]
[61.1801326200366, 38.594522923231125, 0.18733508739387617]
[60.955581329762936, 39.123468309640884, 0.18778796383412555]
[60.712757520377636, 39.63486394286156, 0.18815869255922735]
[60.4536634683609, 40.12792578339577, 0.18845435297407676]
[60.17986157536507, 40.60213117301464, 0.1885418378878967]
[59.89281100034714, 41.05740335583687, 0.18879987959371647]
[59.59225192666054, 41.49563370645046, 0.18910269471234642]
[59.27769534289837, 41.919836699962616, 0.18967194244032726]
[58.948352962732315, 42.3320586681366, 0.19017678627278656]
[58.603250220417976, 42.73443378508091, 0.19064972538035363]
[58.24074433743954, 43.128268867731094, 0.1910933811304858]
[57.85963699221611, 43.51522150635719, 0.19160471332725137]
[57.45705768465996, 43.8967774361372, 0.19213360239518806]
[57.03120781481266, 44.27094419300556, 0.1919503232493298]
[56.58139310777187, 44.63558430969715, 0.19206700185895897]
[56.110375463962555, 44.992455303668976, 0.19328310136916116]
[55.619627356529236, 45.34255111217499, 0.19413630024064332]
[55.10691249370575, 45.68558058142662, 0.1941559471306391]
[54.56509593129158, 46.02488452196121, 0.19442793674534187]
[53.99496528506279, 46.35657000541687, 0.19393674700404517]
[53.40353810787201, 46.67447519302368, 0.19283501064637676]
[52.79349148273468, 46.97528889775276, 0.19149305584141985]
[52.165649712085724, 47.25631719827652, 0.19019292946904898]
[51.52097529172897, 47.51471534371376, 0.18928724143188447]
[50.86409968137741, 47.75249594449997, 0.1896547743526753]
[50.19832503795624, 47.97110929340124, 0.19012054946506396]
[49.52338349819183, 48.170748203992844, 0.1901170118690061]
[48.8374890089035, 48.350794084370136, 0.1900543117271809]
[48.142395317554474, 48.51011346280575, 0.18993908953416394]
[47.438935071229935, 48.64783550053835, 0.1898774884575687]
[46.728082716464996, 48.762787852436304, 0.18960287630034145]
[46.01011270284653, 48.852416913956404, 0.18907703354489058]
[45.28666493296623, 48.91780019365251, 0.18930735686444677]
[44.56068417429924, 48.96235544234514, 0.18980423476023134]
[43.83229601383209, 48.98561752401292, 0.18966728251689347]
[43.101618617773056, 48.98760637000669, 0.18956162704489543]
[42.36846247315407, 48.96769433654845, 0.18951743936668208]
[41.632997900247574, 48.92561539635062, 0.18960220534791006]
[40.895458579063416, 48.86073272675276, 0.18954830196889816]
[40.156347543001175, 48.77041333541274, 0.18917801705538295]
[39.41652697324753, 48.65767830610275, 0.18972861595102586]
[38.67540740966797, 48.523348338902, 0.19012833022861741]
[37.93337473273277, 48.36674290150404, 0.19010076193808345]
[37.19068071246147, 48.187547609210014, 0.1901338621682953]
[36.44673910737038, 47.98464734852314, 0.1902292729137116]
[35.702404618263245, 47.7576370164752, 0.19029041232715826]
[34.95927667617798, 47.50489787757397, 0.18993196070368867]
[34.21791300177574, 47.227661952376366, 0.19011258071986958]
[33.478543788194656, 46.9269395172596, 0.19035679576336406]
[32.74116539955139, 46.60237172245979, 0.19038871357088283]
[32.00615322589874, 46.25378254055977, 0.1904020814690739]
[31.273777037858963, 45.88129788637161, 0.19053931011876557]
[30.54471930861473, 45.484770223498344, 0.19055181445583003]
[29.819852650165558, 45.06372568011284, 0.1903734548104694]
[29.099367260932922, 44.619683891534805, 0.1906145658576861]
[28.38402560353279, 44.152517542243004, 0.19055997473333264]
[27.674299150705338, 43.66273935139179, 0.1905340864595928]
[26.970780104398727, 43.15031319856644, 0.19049509659816977]
[26.273937106132507, 42.61547702550888, 0.19055885524358018]
[25.58414116501808, 42.05831828713417, 0.19057327767950483]
[24.901457577943802, 41.479127049446106, 0.19073604464938398]
[24.22614762187004, 40.877961069345474, 0.19084213561291108]
[23.55821043252945, 40.2547188103199, 0.19097919315754552]
[22.89758712053299, 39.60915634036064, 0.19117773345351452]
[22.24427643418312, 38.9409042596817, 0.19142628079862334]
[21.598195552825928, 38.24944719672203, 0.19171358311723452]
[20.95906037092209, 37.53431597352028, 0.19205554273503367]
[20.32659313082695, 36.79478785395622, 0.1924007649795385]
[19.70054793357849, 36.03003114461899, 0.19274207275884692]
[19.080731213092804, 35.23896983265877, 0.1931303564197151]
[18.46654909849167, 34.420673340559006, 0.19356863311259076]
[17.85780370235443, 33.57386216521263, 0.19401285465573892]
[17.254305601119995, 32.697429805994034, 0.1945112764078658]
[16.65602421760559, 31.790283650159836, 0.1950501523388084]
[16.062919199466705, 30.851386845111847, 0.19542947557056323]
[15.474761426448822, 29.879777163267136, 0.19574965127685573]
[14.89143294095993, 28.874250650405884, 0.19618490227730945]
[14.312634199857712, 27.833835244178772, 0.19664590696629602]
[13.738581120967865, 26.758082449436188, 0.19698460442305077]
[13.169767379760742, 25.647191166877747, 0.19723935566435102]
[12.606318324804306, 24.50136762857437, 0.1975467495067278]
[12.048417210578918, 23.320867598056793, 0.1979152053972939]
[11.496014922857285, 22.106157779693604, 0.19830811118299607]
[10.952436804771423, 20.86519730091095, 0.19767502654576674]
[10.41846427321434, 19.60451179742813, 0.19647461097338237]
[9.891225308179855, 18.32002466917038, 0.1963750402755977]
[9.369276016950607, 17.010985612869263, 0.1968167150625959]
[8.848374992609024, 15.670676112174988, 0.19825701089575887]
[8.323752164840698, 14.288364827632904, 0.20000859786523506]
[7.796418339014053, 12.866350769996643, 0.20063190087967087]
[7.268466293811798, 11.409394025802612, 0.20056573684996692]
[6.747396022081375, 9.935437023639679, 0.19901614356786013]
[6.243032693862915, 8.471730589866638, 0.19487028173170984]
[5.754364192485809, 7.019658625125885, 0.19086537521798164]
[5.281121760606766, 5.579342603683472, 0.1888938839547336]
[4.833008229732513, 4.183136940002441, 0.1864999943645671]
[4.41488154232502, 2.8457247614860535, 0.18380664649885148]
[4.012295559048653, 1.5175129175186157, 0.18307915818877518]
[3.630240336060524, 0.2184646725654602, 0.18133370199939236]
[3.2777004092931747, -1.0383176803588867, 0.1829971153056249]
[2.9481702744960785, -2.2730361819267273, 0.18593090085778385]
[2.6398409456014633, -3.483348786830902, 0.18720927988761105]
[2.3493691980838776, -4.668746054172516, 0.1877328637347091]
[2.070893496274948, -5.8321486711502075, 0.1883815275505185]
[1.7980691939592361, -6.973919451236725, 0.18940833798842505]
[1.526169314980507, -8.089938521385193, 0.1908840861869976]
[1.2518125772476196, -9.174251914024353, 0.19213744765147567]
[0.973720371723175, -10.224815130233765, 0.19216075834992807]
[0.6891245096921921, -11.24842393398285, 0.19223684459575452]
[0.39619605243206024, -12.257288813591003, 0.19244876464654226]
[0.09945343434810638, -13.250173807144165, 0.19189843666390516]
[-0.19196707010269165, -14.218318939208984, 0.1902757597854361]
[-0.4704418331384659, -15.14983195066452, 0.18785648792982101]
[-0.7305869460105896, -16.03916683793068, 0.18503382720518857]
[-0.9758764430880547, -16.9052072763443, 0.1833562866668217]
[-1.2011874541640282, -17.741384834051132, 0.18287688768941734]
[-1.4046221822500229, -18.54705971479416, 0.18381703487830237]
[-1.5890255942940712, -19.339657843112946, 0.18531562032876536]
[-1.753516010940075, -20.12546393275261, 0.1857828694046475]
[-1.8979931995272636, -20.908399164676666, 0.1861337796872249]
[-2.020135745406151, -21.6875441968441, 0.1863825513937627]
[-2.118150733411312, -22.461470305919647, 0.18657898202218348]
[-2.19092720374465, -23.229039162397385, 0.1866837096386007]
[-2.2379167396575212, -23.988447099924088, 0.18664160924527096]
[-2.2577391657978296, -24.73856097459793, 0.18605970169301145]
[-2.2520212717354298, -25.47814306616783, 0.18591302913227992]
[-2.2209374476224184, -26.20531338453293, 0.18570326999179088]
[-2.164148237556219, -26.91981840133667, 0.18546980629616883]
[-2.0818979255855083, -27.620623916387558, 0.18542632385651814]
[-1.9739055894315243, -28.307255029678345, 0.18548039314191556]
[-1.8412423580884933, -28.97915881872177, 0.18565666366339428]
[-1.6837647631764412, -29.635916978120804, 0.18575081334347487]
[-1.5023366883397102, -30.277241706848145, 0.18588740738050546]
[-1.2971192598342896, -30.903109461069107, 0.18610015486046905]
[-1.0690966546535492, -31.51323714852333, 0.18641120137181133]
[-0.8183990269899368, -32.107443034648895, 0.18651266792585375]
[-0.544387698173523, -32.68853601813316, 0.18696198830730282]
[-0.24488145112991333, -33.259247064590454, 0.18739778180315625]
[0.07889688014984131, -33.817390978336334, 0.1876887014368549]
[0.42621515691280365, -34.36149251461029, 0.18809761833108496]
[0.7954632788896561, -34.89009431004524, 0.18848594426526688]
[1.1851194351911545, -35.401952147483826, 0.1886506661248859]
[1.5921288579702377, -35.8949469178915, 0.18852676791721024]
[2.011707440018654, -36.36426042020321, 0.18789661006303504]
[2.4417406022548676, -36.80956691503525, 0.18742174579529092]
[2.879652351140976, -37.23102627694607, 0.18736560861179896]
[3.324675515294075, -37.630189687013626, 0.18778977906913497]
[3.778364360332489, -38.010633677244186, 0.18858606743742712]
[4.242109268903732, -38.375262558460236, 0.1894375539268367]
[4.7184580862522125, -38.7266256660223, 0.19016956447740085]
[5.209386557340622, -39.06646001338959, 0.19092682507471181]
[5.717462748289108, -39.395737677812576, 0.19153659039875492]
[6.244888097047806, -39.71503181755543, 0.19214577271486633]
[6.792164832353592, -40.02529527246952, 0.19273140697623603]
[7.360691398382187, -40.32621908187866, 0.19289973927516257]
[7.950603187084198, -40.61738936603069, 0.19295345126010943]
[8.562091171741486, -40.89767383038998, 0.19278480463981396]
[9.194543182849884, -41.16602048277855, 0.1926533307923819]
[9.846600204706192, -41.42126549780369, 0.19251141250424553]
[10.51644304394722, -41.66004353761673, 0.19230336544569582]
[11.199019998311996, -41.88311919569969, 0.19270243591745384]
[11.893089324235916, -42.09032668918371, 0.1927824621925538]
[12.599410235881805, -42.28198263794184, 0.19267318120546406]
[13.3194018304348, -42.458482302725315, 0.19246421652496792]
[14.05333960056305, -42.61920623481274, 0.19210639184166212]
[14.801664292812347, -42.76410224288702, 0.19199839226894255]
[15.567476779222488, -42.89233190566301, 0.1921744358842261]
[16.351088225841522, -43.00499027594924, 0.1928469662379939]
[17.151793956756592, -43.10183782503009, 0.19314900298195425]
[17.96989506483078, -43.182737309485674, 0.19328730989218457]
[18.805684030056, -43.24708152003586, 0.19340530141198542]
[19.659342020750046, -43.29471040889621, 0.1935088691461715]
[20.530573815107346, -43.3254379183054, 0.19353071649857156]
[21.418463587760925, -43.33904391853139, 0.1934769962081191]
[22.321058452129364, -43.33557768771425, 0.1935928546154173]
[23.236882090568542, -43.315706012770534, 0.1941360290220473]
[24.166837602853775, -43.27979374118149, 0.19484467679285444]
[25.114344209432602, -43.2283975686878, 0.19559439556906]
[26.083847045898438, -43.16178651899099, 0.1962797589658294]
[27.07899183034897, -43.07980329915881, 0.19685234542703256]
[28.10275501012802, -42.98228692263365, 0.19753583741839975]
[29.14995300769806, -42.87011331692338, 0.19756572133337613]
[30.214767575263977, -42.74592197686434, 0.19709858250280377]
[31.305129408836365, -42.61113454401493, 0.1979506793722976]
[32.420475006103516, -42.46801249682903, 0.19887897983426228]
[33.55983352661133, -42.31913512200117, 0.19947658883756958]
[34.72846931219101, -42.166049003601074, 0.20078229467617348]
[35.935649394989014, -42.009283520281315, 0.20258153963368386]
[37.178295850753784, -41.85080845654011, 0.20372264372417703]
[38.45468205213547, -41.692294746637344, 0.20461929053999484]
[39.76593732833862, -41.53450828790665, 0.2052388745942153]
[41.11410713195801, -41.37762074917555, 0.20568600573460571]
[42.500894010066986, -41.221422366797924, 0.20592852878326084]
[43.92702943086624, -41.065871603786945, 0.20598649587918771]
[45.39213973283768, -40.910626977682114, 0.20587092475761892]
[46.89477676153183, -40.75533448159695, 0.2055622791085625]
[48.43248760700226, -40.5992673560977, 0.2050435800338164]
[50.00252950191498, -40.44123254716396, 0.20446084722061642]
[51.60259705781937, -40.279416278004646, 0.20382819601218216]
[53.231342017650604, -40.11156057566404, 0.20313926428207196]
[54.888333559036255, -39.93516144156456, 0.2024159658467397]
[56.57365411520004, -39.747487634420395, 0.20169449431705289]
[58.28709298372269, -39.54634852707386, 0.20102960939402692]
[60.02802383899689, -39.330244697630405, 0.20057451380125713]
[61.79542547464371, -39.09866891801357, 0.20030226332164602]
[63.58916127681732, -38.851796835660934, 0.2003950050129788]
[65.41264289617538, -38.590134143829346, 0.20114531260333024]
[67.25885653495789, -38.31548862159252, 0.20126632279425394]
[69.12649458646774, -38.030321300029755, 0.20119227450049948]
[71.01488482952118, -37.736286610364914, 0.20110262910020538]
[72.92415356636047, -37.435718923807144, 0.20094931859784992]
[74.85845023393631, -37.12921044230461, 0.20142641974962316]
[76.81833964586258, -36.81758992373943, 0.20187233634351287]
[78.8045454621315, -36.50131273269653, 0.2021015026475652]
[80.81739807128906, -36.18046885728836, 0.20215633659154264]
[82.85691297054291, -35.85506612062454, 0.20221240182399924]
[84.92245614528656, -35.5244512706995, 0.20213149435221567]
[87.01322531700134, -35.18866178393364, 0.2020558713520586]
[89.12813031673431, -34.84762641787529, 0.2019548590578779]
[91.26629364490509, -34.50157146155834, 0.20192256769854566]
[93.42726790904999, -34.15059086680412, 0.20195287255955918]
[95.61110663414001, -33.79465924203396, 0.2019975233979494]
[97.81811857223511, -33.433619529008865, 0.20199363244501]
[100.0486227273941, -33.06742438673973, 0.2019581562053645]
[102.30275285243988, -32.695543989539146, 0.20173566635639872]
[104.58029758930206, -32.31679865717888, 0.2014231410867069]
[106.88080954551697, -31.92890039086342, 0.20098128193058074]
[109.20348453521729, -31.52986639738083, 0.2004735880473163]
[111.54706573486328, -31.11744187772274, 0.1999036897032056]
[113.91015064716339, -30.689814791083336, 0.19938637022278272]
[116.29147171974182, -30.246133252978325, 0.19915260741254315]
[118.69013941287994, -29.786551102995872, 0.19919355982347042]
[121.10582280158997, -29.312092050909996, 0.19951791829953436]
[123.53871297836304, -28.824598848819733, 0.20002395939081907]
[125.98937475681305, -28.326001793146133, 0.2005990693869535]
[128.45832085609436, -27.818025290966034, 0.20105217545642518]
[130.9457392692566, -27.301745027303696, 0.20132485587964766]
[133.45282006263733, -26.777975261211395, 0.20162154708668822]
[135.97466433048248, -26.247462809085846, 0.20143256174924318]
[138.50950801372528, -25.710502862930298, 0.20095210085855797]
[141.05776071548462, -25.16673356294632, 0.2006617941733566]
[143.62016642093658, -24.613752603530884, 0.20029682907625102]
[146.20154869556427, -24.049283266067505, 0.20038354526514013]
[148.8008805513382, -23.471077531576157, 0.20037457964645]
[151.41704308986664, -22.877191483974457, 0.20007210737094283]
[154.04885983467102, -22.266324758529663, 0.199705570252263]
[156.69324696063995, -21.638634383678436, 0.1993762694328325]
[159.34887671470642, -20.994753539562225, 0.19930324172401015]
[162.01632070541382, -20.335922360420227, 0.19960329204332083]
[164.69676196575165, -19.663897305727005, 0.20011068202438764]
[167.3915138244629, -18.980421781539917, 0.20054907698067836]
[170.101949095726, -18.287087738513947, 0.20093805449141655]
[172.82913422584534, -17.58551925420761, 0.2012721641076496]
[175.57356977462769, -16.87632918357849, 0.201474867091747]
[178.33540213108063, -16.160539507865906, 0.20159874457931437]
[181.11442828178406, -15.438090056180954, 0.20165584387359559]
[183.9100695848465, -14.709407240152359, 0.2016629729151873]
[186.72181487083435, -13.974911719560623, 0.2016687229333911]
[189.5491727590561, -13.235245555639267, 0.20168243527768936]
[192.39191854000092, -12.490903615951538, 0.20167886600211204]
[195.25007486343384, -11.74232530593872, 0.20171165310421202]
[198.123885512352, -10.989605396986008, 0.20174018226680346]
[201.01372492313385, -10.232753902673721, 0.20178579470120894]
[203.91999351978302, -9.471698313951492, 0.2018353446292167]
[206.84284138679504, -8.70638021826744, 0.2018387781417914]
[209.78235626220703, -7.936783283948898, 0.20187588681073976]
[212.73840653896332, -7.162874013185501, 0.20191566550784046]
[215.71059274673462, -6.3838143944740295, 0.20175085702794604]
[218.69812607765198, -5.5978677570819855, 0.20144761876144912]
[221.70006918907166, -4.803865432739258, 0.20113802098785527]
[224.71426653862, -4.000182509422302, 0.20066472512553446]
[227.73449099063873, -3.186612367630005, 0.19962049077730626]
[230.7480081319809, -2.3655393719673157, 0.1974324369803071]
[233.74747264385223, -1.5392419397830963, 0.1949744535377249]
[236.73543095588684, -0.7081801891326904, 0.19385346118360758]
[239.71358454227448, 0.12642163038253784, 0.19413527133292519]
[242.6833540201187, 0.9632900655269623, 0.19500996387796476]
[245.64629518985748, 1.801318496465683, 0.19581948083941825]
[248.59770035743713, 2.638135313987732, 0.19595898156694602]
[251.50990390777588, 3.465138703584671, 0.19360472704283893]
[254.38511061668396, 4.281986355781555, 0.1909779302077368]
[257.23681128025055, 5.096007883548737, 0.18848692323081195]
[260.03364872932434, 5.896425008773804, 0.18811731794266962]
[262.7958118915558, 6.686261862516403, 0.1907874644966796]
[265.5287655591965, 7.465565711259842, 0.19218758706119843]
[268.22543692588806, 8.23649674654007, 0.19105423928704113]
[270.88561487197876, 9.003233969211578, 0.19025904987938702]
[273.51097452640533, 9.769560784101486, 0.19026676890644012]
[276.10151386260986, 10.537277072668076, 0.19049410480511142]
[278.6561920642853, 11.306364923715591, 0.19068746259290492]
[281.17653632164, 12.076371937990189, 0.190979570557829]
[283.66327834129333, 12.846341103315353, 0.1911382592152222]
[286.1175035238266, 13.615492165088654, 0.19109330140054226]
[288.53494799137115, 14.381339937448502, 0.19077288509288337]
[290.9253203868866, 15.145994454622269, 0.1911232878046576]
[293.2832872867584, 15.906745284795761, 0.19117330537119415]
[295.60322177410126, 16.660723835229874, 0.1905851018091198]
[297.883952498436, 17.40637582540512, 0.18967295822221786]
[300.12952756881714, 18.143783003091812, 0.1895954307183274]
[302.3356372117996, 18.870350182056427, 0.18959740415448323]
[304.50172996520996, 19.585255473852158, 0.1892965126717172]
[306.63166880607605, 20.28915399312973, 0.19008710625348613]
[308.72595167160034, 20.98073521256447, 0.1909011410898529]
[310.7847213745117, 21.659764885902405, 0.1910647161930683]
[312.80647909641266, 22.324953615665436, 0.19096166010058369]
[314.7928122282028, 22.97665098309517, 0.1910064467228949]
[316.7411857843399, 23.613670259714127, 0.19080606926581822]
[318.6453495025635, 24.233886867761612, 0.1898238412104547]
[320.5095334649086, 24.83887630701065, 0.1894989983047708]
[322.3413956165314, 25.430040627717972, 0.19045168143929914]
[324.1423785686493, 26.007761925458908, 0.1911166858044453]
[325.9119809269905, 26.571904808282852, 0.1911659903053078]
[327.6501206755638, 27.123105257749557, 0.19107222760794684]
[329.35386711359024, 27.661483198404312, 0.19062078272690997]
[331.00129395723343, 28.180205643177032, 0.18795841606333852]
[332.5945233106613, 28.682984352111816, 0.1853650703560561]
[334.1400383114815, 29.173479661345482, 0.1853008405014407]
[335.6455600261688, 29.65631476044655, 0.18592576554510742]
[337.102502822876, 30.131213650107384, 0.18551208567805588]
[338.50941717624664, 30.599931299686432, 0.18448459828505293]
[339.84838008880615, 31.057428881525993, 0.18229037977289408]
[341.1208609342575, 31.50811092555523, 0.1803782083443366]
[342.35164099931717, 31.973349407315254, 0.180458263726905]
[343.5745047926903, 32.45177215337753, 0.18574043223634362]
[344.78746116161346, 32.950470358133316, 0.1869090410764329]
