[19.99991367655184, -6.276626209000824e-06, 0.185700281368554]
[19.999918319774224, -8.763926757637819e-06, 0.18569655022474763]
[19.999918051276836, -9.571035661792848e-06, 0.18570209467270615]
[19.99991214028705, -6.516793291666545e-06, 0.1857011037736811]
[19.999915157213593, -2.5633801215008134e-06, 0.18569683326760966]
[19.999911449186584, -1.5249624993884936e-06, 0.18570496544907655]
[19.999919241639873, -1.4999271797933034e-06, 0.1856964451967542]
[19.999915765490186, -2.3141526526160305e-06, 0.18570118710113093]
[19.99991611263829, -2.931024766894552e-06, 0.18570402898558314]
[19.999910416426474, -3.987215393408405e-06, 0.18569674110688084]
[19.999909549522727, -4.739608812087681e-06, 0.18570169212998167]
[19.99991488914702, -5.118427907291334e-06, 0.18570204692014158]
[19.999912197081358, -3.0025375963305123e-06, 0.18569816671515582]
[19.999912511819275, -2.980931412821519e-06, 0.18570564450146776]
[19.99991208632059, -2.767329590369627e-06, 0.18569419191226189]
[19.999921287731468, -3.1372063062917732e-06, 0.18569920084655678]
[19.99992074890406, -3.970445092704722e-06, 0.18570447644106025]
[19.999914134849405, -4.297861522672974e-06, 0.18569871138947747]
[19.99991791841171, -3.306499152699871e-06, 0.18569717244531603]
[19.999921904924577, -2.9535774501709966e-06, 0.1857031481595186]
[19.999912266962383, -3.0768550516313553e-06, 0.18570028607086897]
[19.99992228155361, -2.2054696273698937e-06, 0.18570148803109987]
[19.999918282456065, -2.20720926336071e-06, 0.18569688188927103]
[19.99991342385988, -2.4223793957389717e-06, 0.1856998346409]
[19.999914396287295, -3.5208375948059256e-06, 0.1857017985487346]
[19.999912328486744, -3.361089170539344e-06, 0.1856953045962655]
[19.999917557453045, -3.946923925468582e-06, 0.18570157747171834]
[19.999909500916146, -3.7134266221983125e-06, 0.18570426445762678]
[19.999925296092442, -3.8018554207042143e-06, 0.18569915864031827]
[19.999920466932963, -3.590663254726678e-06, 0.18569661466113985]
[19.99990749243807, -3.8047383412731506e-06, 0.18569984385646876]
[19.99992335645402, -3.5017791049085645e-06, 0.18569847811204454]
[19.999914992113304, -3.977277003741619e-06, 0.1857004158428026]
[19.999924070899397, -3.855378167827439e-06, 0.18569951272843355]
[19.99991400486101, -3.017841777364083e-06, 0.18569641291514927]
[19.99990914279988, -4.01278691697371e-06, 0.1857012313201949]
[19.99991678993456, -4.728008548227081e-06, 0.18570229883061984]
[19.999925038659057, -4.186419047869094e-06, 0.18569906582445128]
[19.99991834429818, -3.756878186322865e-06, 0.18570578064964138]
[19.9999173368019, -2.9221832846815232e-06, 0.1856955371827098]
[19.999914062123025, -2.733090582296427e-06, 0.1856997443792352]
[19.99991307403343, -3.7401943018267048e-06, 0.18570220866570253]
[19.99991528259079, -4.843538135901326e-06, 0.18570066246070382]
[19.999922604256426, -3.8073637824709294e-06, 0.18569882732049336]
[19.999913028967057, -3.834942134517405e-06, 0.18570311045641574]
[19.999917925822047, -3.165146154060494e-06, 0.1856966011446275]
[19.99991295747418, -4.37469321923345e-06, 0.18569868123177002]
[19.99991431401577, -3.491234480179628e-06, 0.18569936163225975]
[19.999912320286057, -3.2882770710784825e-06, 0.18570491238915565]
[19.999918839103884, -3.475905401728596e-06, 0.18569722096799524]
[19.999920310618563, -4.083535145582573e-06, 0.18569806479536055]
[19.999915632220564, -3.71523356079706e-06, 0.18570136845073648]
[19.99991413830662, -4.1041349163606355e-06, 0.18569967302960322]
[19.999918996708402, -3.706932417912867e-06, 0.18569757013256094]
[19.99991959766021, -3.3128820859928965e-06, 0.18569731860247884]
[19.999917631349717, -3.3982897775786114e-06, 0.1857052970233326]
[19.99991117168372, -3.170581010181195e-06, 0.18569291902031182]
[19.999915113456154, -4.201344609100488e-06, 0.18570438650385768]
[19.999921085241112, -3.6812043902045843e-06, 0.18569501812498856]
[19.999916173588645, -2.6501815568735765e-06, 0.18569947712944668]
[19.99991449068102, -3.482763304418768e-06, 0.18570186497052532]
[19.999918903821253, -4.913182010568562e-06, 0.18570497583266388]
[19.999921115493635, -4.312568421482865e-06, 0.18569568961561345]
[19.99991182255235, -3.9951842225605105e-06, 0.1856962804597515]
[19.99991232717639, -4.048173423143453e-06, 0.18570603070065772]
[19.999911943083703, -4.353458507466712e-06, 0.18569723729001453]
[19.99991587668319, -3.713900923685287e-06, 0.1856995720836494]
[19.999914986447948, -2.746938775999297e-06, 0.18570180167648687]
[19.999912987036623, -3.819573180408042e-06, 0.18570235565039184]
[19.99991845686327, -4.24206228899493e-06, 0.18570036592245742]
[19.999911677128694, -4.472267391975038e-06, 0.1857037198337821]
[19.9999185772067, -3.7644669532710395e-06, 0.1856977945762992]
[19.99991210809185, -4.321969868215092e-06, 0.18570420777814434]
[19.99992154888878, -3.1760589074281143e-06, 0.18569914126032927]
[19.999912087027496, -2.449816506100433e-06, 0.18569595643373304]
[19.99992563363685, -2.7087892249255674e-06, 0.1857029344523653]
[19.999911970422545, -2.4203521888921387e-06, 0.18569335895870154]
[19.999911410272034, -2.8969361238750935e-06, 0.1857046732402523]
[19.999919956148915, -3.6348715184431057e-06, 0.18569792761036297]
[19.999912315325673, -4.188468892607489e-06, 0.18570440929124743]
[19.99991435778543, -3.3128661698356154e-06, 0.1856945776514749]
[19.999919461153922, -3.2238288554253813e-06, 0.18570813541384723]
[19.99992324548657, -2.611407921904174e-06, 0.18569779647157247]
[19.999912554366347, -2.9199860023254587e-06, 0.18570466472010594]
[19.99991444710986, -2.0857217464254063e-06, 0.18570057676106444]
[19.999919719698937, -2.215382409076483e-06, 0.1857000510810849]
[19.999914958260092, -2.763041251796494e-06, 0.18570281690011825]
[19.999917167164313, -3.277035716564569e-06, 0.185697836712734]
[19.999917698938134, -2.9552930413956346e-06, 0.1857016953499624]
[19.99991202216097, -2.7308122980684857e-06, 0.185704023763833]
[19.999912253244474, -3.5996367842017207e-06, 0.18570464714025547]
[19.99991549262495, -2.8121799005020875e-06, 0.18570113453256454]
[19.999923640808674, -2.9773752139305998e-06, 0.18570323674066458]
[19.99992165859021, -2.5286885829700623e-06, 0.1856990106506231]
[19.999916711688456, -3.110596708211233e-06, 0.18570711891902647]
[19.999914393279596, -3.347385245433543e-06, 0.1856917078907827]
[19.999916661200587, -3.897233455063542e-06, 0.18570384772573334]
[19.999916722673447, -3.677667677948193e-06, 0.1857007404394153]
[19.99991622274092, -2.5024062324519036e-06, 0.18569770746279346]
[19.99991160304762, -2.357955452225724e-06, 0.1857013086078041]
[19.999918678026916, -3.2521378443561844e-06, 0.18570094478593546]
[19.999913318014023, -2.135271188308252e-06, 0.18569715839385026]
[19.999911836259344, -2.1695914682595685e-06, 0.1857060968040969]
[19.99991887763008, -2.686616113578566e-06, 0.1856962593751632]
[19.999919215041473, -3.0555695502698654e-06, 0.185698520366941]
[19.999915527952453, -2.3755625875310216e-06, 0.185705786680046]
[19.999911442013172, -3.2591889294053544e-06, 0.18569788095101103]
[19.99991236848382, -3.270076945227629e-06, 0.18570439558709495]
[19.999917614883998, -3.953278678636707e-06, 0.18570052333146947]
[19.99991817310729, -4.941140105074737e-06, 0.1856999438861635]
[19.99990989077196, -3.5822942550112202e-06, 0.18570232894353467]
[19.999919227562714, -2.9643811672031006e-06, 0.18569711948339318]
[19.99991585487237, -2.7184188979845203e-06, 0.18569519187190053]
[19.99991960616785, -3.365552061040944e-06, 0.1857059160845438]
[19.999913219673545, -3.130834862474785e-06, 0.1856909160228497]
[19.99992354164374, -2.170282982660865e-06, 0.1857033033877542]
[19.999916709067975, -1.228488031301822e-06, 0.18569833471202912]
[19.999914644445198, -2.008783610563114e-06, 0.18570261331478832]
[19.999920666641174, -3.0156971888573025e-06, 0.18570223165284006]
[19.999917612473837, -4.619820970219735e-06, 0.1856976933355199]
[19.999919750974186, -4.596709146653666e-06, 0.18569842050010266]
[19.99991375121681, -2.9740282627699344e-06, 0.18569932595266891]
[19.99991892149683, -3.067254141342346e-06, 0.1857001395530915]
[19.999916593065336, -2.2597632209908625e-06, 0.1856942280990097]
[19.999915151479968, -2.3501143004978076e-06, 0.18570144803237554]
[19.999911838820935, -3.6385924886417342e-06, 0.18569352058352706]
[19.999915161193712, -3.890296170538932e-06, 0.18570278928609696]
[19.99991693341326, -4.089138940344128e-06, 0.18569856355227898]
[19.999917547255194, -4.00932844968338e-06, 0.18570364463903388]
[19.99991079957158, -2.7800679731626587e-06, 0.18569311878377448]
[19.99991435092761, -2.9811448598593415e-06, 0.18570345902662666]
[19.999912505533075, -1.947313592154387e-06, 0.18569418784795744]
[19.999922687176877, -2.372828646457492e-06, 0.18569708062204882]
[19.999912354948265, -3.482336367710559e-06, 0.18569999947408178]
[19.999908881598458, -4.126759563405358e-06, 0.18569796263471972]
[19.99992030622616, -3.7208861840554164e-06, 0.18569718893195386]
[19.999914748920673, -3.305061341052351e-06, 0.18569771298700744]
[19.999907352732407, -2.8225157393535483e-06, 0.185699518079673]
[19.999923382863926, -3.6772971725440584e-06, 0.18569448568177904]
[19.999907537082436, -3.6512249153020093e-06, 0.18569736895096867]
[19.99991246051468, -3.990699497080641e-06, 0.18569814783222682]
[19.999910896524852, -3.639234137153835e-06, 0.1857010757171338]
[19.999917691264727, -2.973965308683546e-06, 0.1856983323075383]
[19.999913721609317, -3.3724477361829486e-06, 0.18569509717849542]
[19.99991716200543, -3.528541185460199e-06, 0.18570158163629458]
[19.99990977840025, -3.087646717858661e-06, 0.18569933499577473]
[19.99991557210933, -3.591445022266271e-06, 0.18569903254660858]
[19.99991363806521, -4.404200012686488e-06, 0.18569258967312408]
[19.999915044477802, -4.16621929844041e-06, 0.18570005064680117]
[19.99991077455661, -4.7269733158827876e-06, 0.1856956579714506]
[19.999920781119727, -4.540039668654572e-06, 0.18570040061842974]
[19.99991663335277, -3.514444586016907e-06, 0.18568910934027372]
[19.999910204414846, -2.943853601777846e-06, 0.18569606838957498]
[19.999912086334916, -3.08748758470756e-06, 0.1857001095150963]
[19.999921371930213, -3.096511250078038e-06, 0.18569149849054156]
[19.99990864630945, -3.9106364511098946e-06, 0.185695345297745]
[19.99990871937962, -4.017190349259181e-06, 0.18569690194517108]
[19.999922869670627, -3.102485123918086e-06, 0.18569799924216568]
[19.999920451832622, -3.0090598102106014e-06, 0.185690691604524]
[19.99991055319788, -2.518097289794241e-06, 0.18569117021343118]
[19.999918884556564, -2.2796113405831875e-06, 0.18569553498787172]
[19.999916198642836, -1.6980505961328163e-06, 0.18569527980594103]
[19.999914475623427, -3.392838436866441e-06, 0.18569959882711373]
[19.99991127839803, -3.7424156289489474e-06, 0.18569870621570317]
[19.99991795103142, -2.759293920462369e-06, 0.18569288730736844]
[19.9998521829948, 8.937795610108878e-05, 0.18564752361817227]
[19.999749117938336, 0.00019200940732844174, 0.1856641422064058]
[19.999696152277465, 0.0003435105463722721, 0.1857657687178289]
[19.999709470976086, 0.00032291522074956447, 0.18584204210947064]
[19.99972500605054, 0.00022769079077988863, 0.18556092088692822]
[19.999738098632406, 0.00019660518955788575, 0.18566908738284837]
[20.000531001234776, -0.0027398933889344335, 0.18378797284094617]
[20.002086857741233, -0.011678313370794058, 0.17548194876872003]
[20.005410916055553, -0.016320930211804807, 0.17062701770919375]
[20.009746153271408, -0.014914098544977605, 0.17327765829395503]
[20.006192116532475, -0.011182146146893501, 0.17586513777496293]
[20.012243025004864, -0.033312128856778145, 0.18241341109387577]
[20.04865841753781, -0.12599938362836838, 0.19761961046606302]
[20.092521836515516, -0.2318198187276721, 0.20428788126446307]
[20.092963445698842, -0.225636453833431, 0.2002609099727124]
[20.093356260214932, -0.22255316143855453, 0.20476846676319838]
[20.08829754134058, -0.2265453776344657, 0.20655097780399956]
[20.122509006410837, -0.3013424426317215, 0.20822649681940675]
[20.19583103246987, -0.4587457552552223, 0.2083016909309663]
[20.30686016753316, -0.6652926206588745, 0.20580373314442113]
[20.439289148896933, -0.886223778128624, 0.2025521172909066]
[20.598594408482313, -1.116896204650402, 0.2004409274304635]
[20.78628920391202, -1.3569287694990635, 0.1999235899420455]
[20.986647062003613, -1.6187886074185371, 0.2006783607066609]
[21.2261995524168, -1.8748388327658176, 0.19263845856767148]
[21.508577585220337, -2.11470515280962, 0.19649170013144612]
[21.822197884321213, -2.3416705802083015, 0.19668210377858486]
[22.162033393979073, -2.545563545078039, 0.19652505399062647]
[22.52268559485674, -2.721153814345598, 0.19675972349068616]
[22.896179869771004, -2.8728118054568768, 0.19806872867047787]
[23.280925691127777, -2.99742603674531, 0.19284393591806293]
[23.68088509887457, -3.0772407818585634, 0.19543071690713987]
[24.090206421911716, -3.1219868632033467, 0.19600659203570103]
[24.505039021372795, -3.1304621112067252, 0.196064423333155]
[24.921755269169807, -3.121068888809532, 0.19559637748170644]
[25.332157716155052, -3.058148415759206, 0.19339645194122568]
[25.73836973309517, -2.9566520787775517, 0.1954545067710569]
[26.135573990643024, -2.818386234343052, 0.1955936899757944]
[26.515877403318882, -2.645346026867628, 0.1958542411266535]
[26.876952677965164, -2.439343959093094, 0.19612131413305178]
[27.216699354350567, -2.202719531953335, 0.19585178748820908]
[27.533957339823246, -1.9358715936541557, 0.19577682347153313]
[27.82712433487177, -1.6403322666883469, 0.1957729940622812]
[28.09162377566099, -1.319072037935257, 0.19532288680784404]
[28.3245930634439, -0.9771837741136551, 0.19589973049005494]
[28.525907766073942, -0.6167361363768578, 0.19572604243876413]
[28.7013519667089, -0.24354344606399536, 0.1979765800642781]
[28.847014291211963, 0.13943473249673843, 0.19318346318323165]
[28.947231270372868, 0.5375315472483635, 0.1950213391392026]
[29.01300596445799, 0.945643462240696, 0.1957059277992812]
[29.042122344253585, 1.3590065464377403, 0.19589591532712802]
[29.033118217252195, 1.7734684646129608, 0.19609748738002963]
[28.98677348718047, 2.1854029297828674, 0.1963461900013499]
[28.903686759993434, 2.5904353633522987, 0.19591872308956226]
[28.784836068749428, 2.9858381301164627, 0.1957810248422902]
[28.631299536675215, 3.3667980656027794, 0.19564116418041522]
[28.445128209888935, 3.731661006808281, 0.19569985173802706]
[28.22750588133931, 4.078016951680183, 0.19619108491315274]
[27.980775386095047, 4.40219409018755, 0.1960922575526638]
[27.706648342311382, 4.702684424817562, 0.19597083701955853]
[27.41241215914488, 4.981523394584656, 0.19538059178739786]
[27.092365942895412, 5.227956704795361, 0.19574919049046002]
[26.751402996480465, 5.446028638631105, 0.19627033618598944]
[26.39324313402176, 5.633140228688717, 0.19602602363738697]
[26.019839078187943, 5.787964478135109, 0.19584458525059745]
[25.63831878453493, 5.92536136507988, 0.19742400644463487]
[25.246437542140484, 6.019539935514331, 0.193154872773448]
[24.845299407839775, 6.075059938244522, 0.1957446923770476]
[24.438930943608284, 6.095679167076014, 0.1952609001309611]
[24.031563960015774, 6.080486311111599, 0.1961275132925948]
[23.625432536005974, 6.02860133908689, 0.19637189542117994]
[23.225783430039883, 5.94065292365849, 0.19610381254460663]
[22.835269033908844, 5.81750001385808, 0.1960799643456994]
[22.456595860421658, 5.659958593547344, 0.1958108078688383]
[22.092911891639233, 5.468493554741144, 0.1956832222203957]
[21.74900833517313, 5.245768453925848, 0.19637858177884482]
[21.42752481997013, 4.994620479643345, 0.19621860042389017]
[21.128811679780483, 4.715773366391659, 0.19590685938601382]
[20.855527736246586, 4.4097723960876465, 0.19602506976480072]
[20.61049334332347, 4.080398313701153, 0.1959331960824784]
[20.395906917750835, 3.731331020593643, 0.19618971762247384]
[20.213762257248163, 3.364400126039982, 0.1963033328847814]
[20.064483303576708, 2.981817312538624, 0.19614139376790263]
[19.950165893882513, 2.587571918964386, 0.1958611584850587]
[19.87210544385016, 2.1862285062670708, 0.19583774483089655]
[19.830121013801545, 1.7823112905025482, 0.19580499526273343]
[19.823709747986868, 1.3775257244706154, 0.19611375503336603]
[19.85332800447941, 0.97255639731884, 0.19618780372547917]
[19.918964248150587, 0.5706990882754326, 0.1957260763956583]
[20.019979214295745, 0.17521627992391586, 0.19593273769351072]
[20.15601636096835, -0.20948996394872665, 0.19618066847033333]
[20.325734812766314, -0.5808462053537369, 0.19622268257808173]
[20.527712862938643, -0.9361853674054146, 0.19623986716214858]
[20.760516967624426, -1.272135078907013, 0.19595919146377128]
[21.02307043224573, -1.586216151714325, 0.1955358361810795]
[21.312617763876915, -1.8760560601949692, 0.1963741118379403]
[21.627809278666973, -2.1397462636232376, 0.19631449379085097]
[21.964870758354664, -2.3738910369575024, 0.19608720450196415]
[22.320856660604477, -2.5761959850788116, 0.19600453419116093]
[22.69304109364748, -2.746106158941984, 0.19574334647040814]
[23.07985895872116, -2.882665380835533, 0.1960078711854294]
[23.476420894265175, -2.983554484322667, 0.1963702762586763]
[23.880311012268066, -3.0492831766605377, 0.1961992606484273]
[24.278030708432198, -3.0798436729237437, 0.196350438745867]
[24.474112140014768, -3.0891466062748805, 0.19365547690540552]
[24.454545703716576, -3.0868798661977053, 0.1910562701523304]
[24.45188974100165, -3.083759763976559, 0.19840741506777704]
[24.456260914215818, -3.087593961136008, 0.20216658111894503]
[24.45685304212384, -3.0878645399352536, 0.20064148056553677]
[24.453975031152368, -3.0866623900365084, 0.2013477424334269]
[24.4538975097239, -3.0863671463448554, 0.20235167482678662]
[24.472797237336636, -3.090528581291437, 0.2025246777338907]
[24.592319779098034, -3.0867362359713297, 0.20503391372039914]
[24.795842062681913, -3.0715254354290664, 0.20605455081386026]
[25.002091139554977, -3.047849662601948, 0.20298986521083862]
[25.15166997909546, -3.031901551235933, 0.20165497588459402]
[25.129912669886835, -3.030075573915383, 0.19438263692427427]
[25.13592166081071, -3.0314801754429936, 0.2021089667978231]
[25.1387852197513, -3.0322504607611336, 0.20495193739770912]
[25.134422576404177, -3.0312427541284706, 0.20333060074335663]
[25.111566579900682, -3.0338552391622216, 0.2021705491351895]
[25.04228713363409, -3.047939230222255, 0.19784663437167183]
[25.01121135149151, -3.0533211185538676, 0.19902961445041]
[25.00782986485865, -3.0516539351665415, 0.1973144714429509]
[25.084717756137252, -3.0439872527495027, 0.19906850496772677]
[25.269326206296682, -3.013850978575647, 0.20450550189707428]
[25.504123494029045, -2.961199621669948, 0.2032378214498749]
[25.742944471538067, -2.8979132175445557, 0.20194043079391122]
[25.992360569536686, -2.817758359014988, 0.20065609907032922]
[26.195997826755047, -2.7481728475540876, 0.19952460189233534]
[26.191765205934644, -2.7508685146458447, 0.1855865956749767]
[26.1965021553915, -2.7504105397383682, 0.19596337154507637]
[26.197331613278948, -2.7505592817178695, 0.20138152338040527]
[26.19501449225936, -2.7508359277708223, 0.1986828710359987]
[26.194009334081784, -2.750410939042922, 0.19972067017806694]
[26.194984896457754, -2.7506061404583306, 0.19987635934376158]
[26.19594711798709, -2.750656478921883, 0.20058298924413975]
[26.19562853151001, -2.750659597099002, 0.20053611145704053]
[26.195118067524163, -2.7505835844913236, 0.2001101062342059]
[26.195113913534442, -2.750638076046016, 0.20019901807245333]
[26.195286135392962, -2.7505734390106227, 0.20063265758778925]
[26.195481575661688, -2.750619724396529, 0.2004191223095404]
[26.195409208536148, -2.750622957413725, 0.2002332134070457]
[26.19527424099215, -2.750605454883953, 0.20049376843235223]
[26.195267133276502, -2.7505866489930213, 0.20054875774076208]
[26.195385336610343, -2.750606084854553, 0.2003117493732134]
[26.19541348126222, -2.7506244931882975, 0.20042406398715684]
[26.1953232204105, -2.750586151986681, 0.2005519222636849]
[26.195317375149898, -2.750596676641294, 0.20040019177395152]
[26.195352066268242, -2.7506136164083728, 0.20040197146227]
[26.1953523129896, -2.7506004360943734, 0.2005230884287812]
[26.195351694492274, -2.7505928420532655, 0.20046442169041256]
[26.195344741168356, -2.750603891420724, 0.20040994996884365]
[26.195339298803447, -2.750598312202328, 0.20048972119911923]
[26.19534157756243, -2.750593780505824, 0.20048384394522145]
[26.195352176604047, -2.7506129582634458, 0.2004294903349546]
[26.19534870019106, -2.750593994808696, 0.20047789459385967]
[26.195339827395742, -2.750605031021223, 0.2004851570613937]
[26.19534459911233, -2.750609665468687, 0.20045057223160256]
[26.19534793396076, -2.7505947046192887, 0.20046399827424466]
[26.195343555262752, -2.7505979794397604, 0.20047500987789135]
[26.195341759981943, -2.7506006765670463, 0.20046886156785604]
[26.19534499336396, -2.7505955906090094, 0.20045952597956784]
[26.19534483938537, -2.750592085514654, 0.20047398847640352]
[26.195344861778565, -2.750602803901529, 0.2004708954769967]
[26.195342849555118, -2.7506026615219525, 0.20046664640642575]
[26.195342884380807, -2.750599221671564, 0.20046938110886003]
[26.1953426983182, -2.7505974438306566, 0.20047445848922507]
[26.195344623243557, -2.7506062820161787, 0.20046785029080638]
[26.195343642313105, -2.7505995429573886, 0.20046454087582788]
[26.195343815791944, -2.7505995855667607, 0.20046947019955041]
[26.195343619517985, -2.750603585087447, 0.20047876573880785]
[26.19534567816686, -2.750606169453931, 0.20046397052183806]
[26.195344773285797, -2.7505992381702526, 0.20046900373313292]
[26.195345769786172, -2.75060014441533, 0.20046952035608]
[26.19534473040676, -2.750610682160186, 0.20046965008111783]
[26.195343142633874, -2.7506068516304367, 0.20046654118550578]
[26.195344688854107, -2.750600776178203, 0.2004707925348157]
[26.19534322519712, -2.750594948622279, 0.20047540989025947]
[26.195343745093908, -2.7506096216957303, 0.20045726250796747]
[26.195343855381793, -2.750595689372858, 0.2004696194624671]
[26.195342808340683, -2.750595901484587, 0.20047026262000145]
[26.195344658646263, -2.750603299719671, 0.2004671574020449]
[26.195344852216103, -2.7505978703420624, 0.2004657309871618]
[26.195344555434673, -2.7505954086709608, 0.20046500223315888]
[26.195344254178735, -2.750594363159962, 0.20047518915862383]
[26.19534465944929, -2.750607231183949, 0.20047233217235316]
[26.195344167886105, -2.7505928873947596, 0.2004748507615659]
[26.195345041695063, -2.7505977422183605, 0.2004642212800718]
[26.195343704165793, -2.7505988695188535, 0.20047107563462419]
[26.195343494649478, -2.7506127149836175, 0.2004692689474723]
[26.1953442661582, -2.750591805244767, 0.20047154178814708]
[26.195342474632525, -2.750599781740675, 0.2004662283181915]
[26.195344425431756, -2.7506102528664087, 0.20046477929145112]
[26.195342092369856, -2.750606916139077, 0.2004722950073301]
[26.19534273671252, -2.7506036525655873, 0.2004740267420857]
[26.195341451664376, -2.7506051822419977, 0.20047442279496863]
[26.195342853255838, -2.750613003536273, 0.20046857431043463]
[26.19534498499317, -2.75059565835636, 0.20047621286937556]
[26.1953423372226, -2.750605283456025, 0.20047278899323828]
[26.195341563560646, -2.750608408045082, 0.20046498939996127]
[26.195342517263555, -2.750609732946941, 0.20047480048879152]
[26.195342356292315, -2.7506121798160166, 0.20047370831832723]
[26.19534401676856, -2.7506029641381247, 0.20047245563523575]
[26.19534311265147, -2.750606191791576, 0.20046387768206841]
[26.195343989671528, -2.7506005808054397, 0.20047738324819875]
[26.19534105703041, -2.750601181925049, 0.20047147784862318]
[26.195344294853612, -2.75060872395602, 0.200462807752956]
[26.195343520411143, -2.7506085098511903, 0.2004744579496105]
[26.195341981533772, -2.750603087788477, 0.20047976835303416]
[26.1953435818142, -2.7506043007851986, 0.20046721294107783]
[26.19534424813685, -2.750588501630773, 0.20047229963665814]
[26.19534550203224, -2.750594163567257, 0.20047132324407357]
[26.195343769452393, -2.7506113052404544, 0.20046971424324056]
[26.195341755175264, -2.7505987642703076, 0.20047573648869843]
[26.195343313026456, -2.7505916117961533, 0.2004691758357353]
[26.195342625771445, -2.7505996467889418, 0.20047086121121538]
[26.195342850068428, -2.7506057216014597, 0.20047180286792354]
[26.19534073832503, -2.75060801382142, 0.2004674804898059]
[26.195343778917163, -2.7505916877053096, 0.20046696884514859]
[26.19534323684411, -2.7506035047231308, 0.200475722155943]
[26.195343684339264, -2.7505985173198155, 0.2004803616123354]
[26.19534269252813, -2.7506024422737028, 0.20046061206858212]
[26.1953434710681, -2.750600535749527, 0.20046682008739936]
[26.195344193366623, -2.750593645837853, 0.2004808135584426]
[26.195342415310336, -2.750602513538979, 0.2004692048058132]
[26.195343793370967, -2.750598059772983, 0.20046274357127913]
[26.19534448120521, -2.7505940211931375, 0.200481654027044]
[26.195342614481092, -2.750607702331763, 0.20047648349759584]
[26.19534120803843, -2.7506087845667935, 0.2004665149881646]
[26.19534123963774, -2.750595062471632, 0.20047877377339773]
[26.19534116645241, -2.7506086480461818, 0.20046576294134866]
[26.19534377843786, -2.750589261459936, 0.20047339975258183]
[26.195343198136058, -2.7506027725266904, 0.20047139519488155]
[26.195344341573332, -2.750599833499109, 0.2004747127466544]
[26.195342034127293, -2.75061165934585, 0.20047249608046513]
[26.195344253053236, -2.7505967866591163, 0.20046665377412864]
[26.195344694134633, -2.7505995437895763, 0.20047210623238243]
[26.195343009323743, -2.75060219077659, 0.20047973295481825]
[26.19534115215539, -2.750609458688814, 0.2004641416956474]
[26.19534333548893, -2.7505942350786654, 0.20048213067548204]
[26.195342249043847, -2.7506058062020884, 0.20046906835477785]
[26.195343965348968, -2.75059549265643, 0.20046437209225587]
[26.1953432329028, -2.750594458551859, 0.20046942065550866]
[26.19534550975999, -2.7505928460886935, 0.2004769763125296]
[26.195341750543093, -2.7506089284643167, 0.20046556374472857]
[26.195344037816767, -2.7505884852344025, 0.20047077246454137]
[26.19534303972648, -2.7505949622268417, 0.20047021124764797]
[26.195344626855558, -2.7505903826058784, 0.20047255325835067]
[26.19534409306209, -2.750601051972808, 0.20046971173104566]
[26.19534323988087, -2.750599739372319, 0.20048264029378515]
[26.195343500968306, -2.7506030619942976, 0.2004662040394578]
[26.19534289042639, -2.7505978923484236, 0.200474267016034]
[26.195343407832524, -2.7506107130675446, 0.20047047528919393]
[26.195343698444503, -2.750603112853014, 0.2004764667276504]
[26.195343844167382, -2.750601792279781, 0.20047005292803988]
[26.19534401217959, -2.7505973451516184, 0.20046682883685207]
[26.1953436599552, -2.750601629096309, 0.2004781342377555]
[26.195342787073983, -2.750607190190294, 0.20047326907970842]
[26.195343022648792, -2.7505975051121823, 0.20046529029423255]
[26.195342974213077, -2.750609734619502, 0.20047095936797632]
[26.195341802844098, -2.750609198962593, 0.20047771862857644]
[26.195344388923445, -2.750596280753598, 0.2004731902285357]
[26.195342607209227, -2.750598086026912, 0.2004653818667066]
[26.195345117081402, -2.750599994480126, 0.20046986949409984]
[26.195343276790624, -2.7506037234707037, 0.2004771587611458]
[26.195343187567687, -2.75060573270639, 0.20045883648890594]
[26.195343971512557, -2.750598279434371, 0.2004763259919855]
[26.195342424526814, -2.750602670072027, 0.2004710043133855]
[26.195343233864378, -2.7505912653823543, 0.20047380954264327]
[26.195341489301086, -2.7506047291226423, 0.2004675062487422]
[26.195343607904647, -2.7505905627076572, 0.20047257467149393]
[26.19534184743145, -2.750604597759775, 0.20046825932695356]
[26.19534411914924, -2.7506007943472923, 0.20047217410410667]
[26.195341665924616, -2.750598908245081, 0.20047574314776284]
[26.195343789187802, -2.7505977047130727, 0.20046074992762897]
[26.19534440547517, -2.750594348602476, 0.200482826161533]
[26.19534216416946, -2.7506015969481155, 0.20046197298961488]
[26.195344171241857, -2.750597488997471, 0.20047573654983353]
[26.195342615944583, -2.750612601609646, 0.2004684862306476]
[26.19534454916959, -2.7505916699074078, 0.2004686009595389]
[26.19534534967255, -2.750593733171627, 0.20047459915826948]
[26.195343145470304, -2.7506044815854693, 0.20046748245522394]
[26.195343005105244, -2.750607020262578, 0.20046806825075691]
[26.19534296338391, -2.7506006735625306, 0.20046721093262931]
[26.195343357169207, -2.7505969546737106, 0.20047107316008805]
[26.19534278020417, -2.7505922295231358, 0.2004741356777231]
[26.19534365959646, -2.7506018963499628, 0.2004747694074922]
[26.195344907460026, -2.750607258725722, 0.2004686429213507]
[26.19534486126429, -2.7506000495836815, 0.20047421831118584]
[26.195343353298085, -2.750601967521561, 0.20047166548067707]
[26.195343606574568, -2.7506061645003683, 0.2004696567562405]
[26.195344024173437, -2.750597036782551, 0.20048346898283853]
[26.195342403740142, -2.7506076382142055, 0.20045597296666529]
[26.195342578999316, -2.7505881471934117, 0.2004779027947734]
[26.1953432533776, -2.7506119695658526, 0.20045994327472272]
[26.1953430969403, -2.750598030127094, 0.20047517939929094]
[26.195343335294183, -2.750602057135673, 0.20046669361795466]
[26.19534247264238, -2.7506111617240094, 0.20047281457470945]
[26.195342014620962, -2.7506038785714537, 0.20046930265857554]
[26.195342428907793, -2.750597261085659, 0.2004696744991179]
[26.195343229003996, -2.7506031491966496, 0.20047503704222436]
[26.195344187123737, -2.7506045207150294, 0.20046913453734305]
[26.19534336553761, -2.7505936368133916, 0.20046932972854847]
[26.195345568229754, -2.7505925742871113, 0.20047226798305928]
[26.195343528314993, -2.7506017354617143, 0.20046355777503777]
[26.19534414965085, -2.750607223249972, 0.20047267521204049]
[26.195342573572646, -2.750600336582238, 0.20047187355248752]
[26.195343396883572, -2.75059074195633, 0.20047270398094952]
[26.195345550422644, -2.750598878393248, 0.2004703251243427]
[26.19534580066579, -2.7506019922484484, 0.2004720456686755]
[26.195343783854355, -2.7505903004976062, 0.20047282267478295]
[26.195344431242575, -2.7505973275574434, 0.20046061001380622]
[26.19534546143342, -2.7505944108334006, 0.2004706458982355]
[26.195344589995216, -2.750608337275935, 0.20046699565568815]
[26.195342969976124, -2.7505940617699594, 0.20048123475637425]
[26.195345614742735, -2.7506038322871973, 0.20046215760453379]
[26.195344742284647, -2.750590299270698, 0.200477194294308]
[26.195344086813407, -2.7505990880401896, 0.20045790474387104]
[26.195344546394068, -2.7506002067439113, 0.20047395051187777]
[26.195344020638345, -2.7506050064512237, 0.20047217992566857]
[26.19534386788746, -2.750607436340033, 0.2004715484085864]
[26.195342373591018, -2.7505931799014434, 0.20047711321808492]
[26.195341621644843, -2.750607649016274, 0.200460032522642]
[26.195342863725955, -2.750594347028482, 0.2004761973771565]
[26.195341662590863, -2.7506115481910456, 0.2004655373903006]
[26.195343345958804, -2.7505996621484883, 0.2004708016152108]
[26.19534312699036, -2.7506105762277, 0.2004694514230323]
[26.195343563722417, -2.7505933277498116, 0.20046804367188997]
[26.19534298959315, -2.750610308665273, 0.20046826252382743]
[26.19534227321884, -2.750601840037234, 0.2004758001579603]
[26.195343554674423, -2.750605657927281, 0.20046969916751323]
[26.195343224505706, -2.7506039580648576, 0.20047515404149863]
[26.195343629318586, -2.7506102823490437, 0.20046151200665463]
[26.19534447035892, -2.75059964353386, 0.2004734688937191]
[26.195344363043887, -2.75060078210997, 0.20046847075718688]
[26.195341836976354, -2.750606438462455, 0.2004650099462424]
[26.19534105048774, -2.7506052223161532, 0.20046790648439128]
[26.19534244795659, -2.7505973664258363, 0.20047237037465493]
[26.19534431848558, -2.7505963830872133, 0.20046244757872955]
[26.195344970319425, -2.750596221855176, 0.2004747685436996]
[26.19534480397749, -2.7505960032231087, 0.20047386616852236]
[26.19534410260917, -2.7506110294716564, 0.20046913787598442]
[26.195344730843658, -2.750600912939035, 0.20047190462128128]
[26.195341757736628, -2.7506004991664668, 0.20047195665597428]
[26.19534347826061, -2.750598366236545, 0.20046474753326038]
[26.195343155139767, -2.750591883547145, 0.20047698679172754]
[26.195341614068525, -2.7506015960652803, 0.20046711900545233]
[26.19534288824434, -2.7506044828724043, 0.20046121648283588]
[26.195341810396485, -2.7505977874070595, 0.20047625198861851]
[26.195342413269145, -2.7506066648084015, 0.20047350462436953]
[26.19534373419708, -2.750604915468614, 0.20047090423463487]
[26.19534489711134, -2.7505946936225882, 0.20047498170117706]
[26.195344230335877, -2.7506094130890233, 0.20046248567086877]
[26.195343124220265, -2.750606229643381, 0.20047203294780047]
[26.19534403553598, -2.750601779958515, 0.2004698566956904]
[26.195345616240672, -2.750601991838721, 0.2004700148390839]
[26.195343344668345, -2.750601818489315, 0.20046851014512868]
[26.1953458044552, -2.750592101615439, 0.200471801157164]
[26.195344968279187, -2.7506004625911373, 0.20046703797061127]
[26.195346324825323, -2.750590733475292, 0.20046706645825907]
[26.195344112454563, -2.750601316751272, 0.20047191066078085]
[26.195345669186338, -2.750597042972913, 0.20047368592440762]
[26.195345037142566, -2.750591533975239, 0.20046972332784208]
[26.195345783916537, -2.750588917369896, 0.20046713766731727]
[26.19534419028986, -2.7506040448424756, 0.20047447005231334]
[26.195344590848606, -2.7506050090273675, 0.20046841235443935]
[26.195344017049933, -2.7506048663084925, 0.20046290122536448]
[26.19534625214385, -2.7505909135788897, 0.20047626170025978]
[26.19534443701582, -2.7505991362686473, 0.2004631318795873]
[26.19534590114108, -2.750593401089418, 0.20046515302010448]
[26.19534507140395, -2.750597252831085, 0.20048010980872277]
[26.195346554971024, -2.7505981687286294, 0.20047004479010866]
[26.19534412572125, -2.75060389321402, 0.20045996602766536]
[26.195343772632782, -2.7505961508904875, 0.20047350338745673]
[26.195343410875353, -2.7506129461180535, 0.20046917431801603]
[26.19534652512891, -2.750594294993789, 0.200473939851463]
[26.195342338167677, -2.7506000719472468, 0.20046746308753427]
[26.195344618167212, -2.7505960201988273, 0.2004658357250264]
[26.195344125675717, -2.750603912210863, 0.20047511509687865]
[26.195344329505474, -2.7506036440622665, 0.2004686205671078]
[26.195342807677434, -2.750599715502176, 0.2004700833363131]
[26.19534369878164, -2.7506091354571254, 0.20046801781131762]
