[4.998443710399442, -0.008629013784229755, 0.1872974846046418]
[4.995173070114106, -0.0257246820256114, 0.1889812154113315]
[4.991039130138233, -0.04699055105447769, 0.18927599243761506]
[4.98414072743617, -0.07606743648648262, 0.1917474635411054]
[4.977955314097926, -0.11372652649879456, 0.19870463805273175]
[4.972098469501361, -0.1680692620575428, 0.20500343735329807]
[4.9618038586340845, -0.24141771718859673, 0.2078562369570136]
[4.951007848605514, -0.330534253269434, 0.20658935606479645]
[4.934297265484929, -0.4354565776884556, 0.20636144565651193]
[4.917102925479412, -0.5576834753155708, 0.20517945791652892]
[4.896791971288621, -0.7010388374328613, 0.20382875759969465]
[4.872071609832346, -0.8659338876605034, 0.20225683215539902]
[4.842181162908673, -1.0527279004454613, 0.20128667470999062]
[4.807445827871561, -1.260126255452633, 0.19980636128457263]
[4.767204703763127, -1.487445741891861, 0.19947659720492084]
[4.7209351900964975, -1.7337328642606735, 0.19932753855391638]
[4.668411115184426, -1.9975628405809402, 0.19924939469638048]
[4.609069153666496, -2.27751587331295, 0.1995297379035037]
[4.542607560753822, -2.5724663138389587, 0.20023202351876535]
[4.469521194696426, -2.8808171302080154, 0.20002856021164916]
[4.388999279588461, -3.200617238879204, 0.20019314368255436]
[4.301407307386398, -3.530156657099724, 0.20008470307220705]
[4.20624541118741, -3.8694865107536316, 0.1999130556359887]
[4.103030234575272, -4.219340533018112, 0.1999266426437316]
[3.9908316992223263, -4.580478399991989, 0.20004779624832736]
[3.868946734815836, -4.953806176781654, 0.19987912685610354]
[3.736897900700569, -5.339987069368362, 0.199745198522578]
[3.593920648097992, -5.739663198590279, 0.19965013266482856]
[3.4397074803709984, -6.154464080929756, 0.19957252699714445]
[3.2730541601777077, -6.586601719260216, 0.1997034134255955]
[3.09311131387949, -7.038814529776573, 0.20017100147379097]
[2.8990155309438705, -7.51398491859436, 0.20031630969242542]
[2.690244160592556, -8.015125632286072, 0.20020151681819698]
[2.4662318900227547, -8.544660896062851, 0.20029050295124762]
[2.227946497499943, -9.103188306093216, 0.20058752225304488]
[1.9763772636651993, -9.691329717636108, 0.2013488465163391]
[1.7115058153867722, -10.312607109546661, 0.20228746364591643]
[1.4327671825885773, -10.972302228212357, 0.20304786242195405]
[1.1393662244081497, -11.675677746534348, 0.2035604419070296]
[0.8316955715417862, -12.425857245922089, 0.20382150798104703]
[0.5160100013017654, -13.216620355844498, 0.20264547946862876]
[0.2063923180103302, -14.024489611387253, 0.19832483772188425]
[-0.08429102599620819, -14.826977908611298, 0.1916349909733981]
[-0.35562995076179504, -15.62390685081482, 0.18677638727240264]
[-0.6080009937286377, -16.416263222694397, 0.18517371988855302]
[-0.8411233723163605, -17.20472365617752, 0.1857993290759623]
[-1.054789923131466, -17.98993107676506, 0.18693472060840577]
[-1.2483985275030136, -18.773394405841827, 0.18756382132414728]
[-1.422477848827839, -19.561423748731613, 0.1872473223193083]
[-1.576776385307312, -20.364199072122574, 0.18732298907707445]
[-1.7055672146379948, -21.16632905602455, 0.186314030084759]
[-1.8068608678877354, -21.96390375494957, 0.18555643397849053]
[-1.8803719207644463, -22.75416788458824, 0.18550573584798258]
[-1.9268428198993206, -23.53518107533455, 0.18617799575440586]
[-1.9463586597703397, -24.306247919797897, 0.18635862501105294]
[-1.938119382597506, -25.065025568008423, 0.18591106386156753]
[-1.9044785164296627, -25.808806627988815, 0.1853435842494946]
[-1.8457059152424335, -26.536597311496735, 0.18477736934437416]
[-1.762349184602499, -27.248782336711884, 0.1849068282317603]
[-1.6554279029369354, -27.94632115960121, 0.18557446281192824]
[-1.5250908732414246, -28.62932288646698, 0.18594087111705448]
[-1.3724720254540443, -29.297866493463516, 0.18616413352719974]
[-1.1977550089359283, -29.952003628015518, 0.18615389246042469]
[-1.001373179256916, -30.59256038069725, 0.18626722146291286]
[-0.7831580936908722, -31.22019672393799, 0.18640766103271744]
[-0.540719099342823, -31.839608937501907, 0.185780019761296]
[-0.27391523122787476, -32.444405019283295, 0.18534688766521867]
[0.017360270023345947, -33.03162136673927, 0.1854503911017673]
[0.3306942880153656, -33.598713636398315, 0.18590441688138526]
[0.664813905954361, -34.144161105155945, 0.18619275416858727]
[1.0170993357896805, -34.66628906130791, 0.18656502854719292]
[1.3856572359800339, -35.165002048015594, 0.1870138861850137]
[1.7676181346178055, -35.63969284296036, 0.18726395340127056]
[2.1611713618040085, -36.09043528139591, 0.1872866898704615]
[2.5640013813972473, -36.5165950357914, 0.18728295189612254]
[2.9740562438964844, -36.918819189071655, 0.1875364720763173]
[3.3903287649154663, -37.299409464001656, 0.18821657812804915]
[3.814376249909401, -37.66219091415405, 0.18910490328562446]
[4.247509956359863, -38.009926185011864, 0.19002492545405403]
[4.6920541524887085, -38.34527513384819, 0.19063818416907452]
[5.149745911359787, -38.66942968964577, 0.19122364340000786]
[5.623210966587067, -38.983536064624786, 0.19165791220439132]
[6.114795416593552, -39.288874074816704, 0.19237235182663426]
[6.6256236135959625, -39.58744356036186, 0.19332294014748186]
[7.159751117229462, -39.88031153380871, 0.1939120558090508]
[7.717313468456268, -40.166054144501686, 0.19396447534745676]
[8.298405945301056, -40.443841859698296, 0.19379730107903015]
[8.901834338903427, -40.71175207197666, 0.1934620036772685]
[9.524239301681519, -40.96810868382454, 0.19349301990587264]
[10.16343069076538, -41.20998743921518, 0.1936790628678864]
[10.823501110076904, -41.439864210784435, 0.19461854064138606]
[11.505590558052063, -41.65891359746456, 0.19516067890072009]
[12.211543530225754, -41.8662938028574, 0.19496669936779654]
[12.944291085004807, -42.06209323555231, 0.1947740298564895]
[13.705964803695679, -42.244761407375336, 0.1946668976379442]
[14.496446341276169, -42.412863567471504, 0.19474556601198856]
[15.315159559249878, -42.5651041790843, 0.1948331433113708]
[16.161481738090515, -42.70044655352831, 0.1947718209157756]
[17.033938884735107, -42.818089067935944, 0.19466883581480943]
[17.930227488279343, -42.91660866141319, 0.1943686811137013]
[18.84701642394066, -42.99484068527818, 0.19410869690182153]
[19.78351828455925, -43.05310834571719, 0.19444581399147864]
[20.73942056298256, -43.09156777150929, 0.1949290345364716]
[21.716705054044724, -43.110516514629126, 0.19548806152306497]
[22.718184173107147, -43.11002203030512, 0.19590416250866838]
[23.74648243188858, -43.089823943562806, 0.1963391982280882]
[24.803126215934753, -43.049799321219325, 0.19682753385859542]
[25.889044284820557, -42.99039240553975, 0.19739499138086103]
[27.004598438739777, -42.911956906318665, 0.19784277798316907]
[28.148938953876495, -42.815578904002905, 0.19818093444337137]
[29.32005000114441, -42.70326217263937, 0.19858071907947306]
[30.5156951546669, -42.577764332294464, 0.19925557434908114]
[31.734647035598755, -42.44177949428558, 0.1998948375112377]
[32.97741836309433, -42.297968320548534, 0.20052224412211217]
[34.245967507362366, -42.14870245754719, 0.20109747935202904]
[35.54257833957672, -41.9956278949976, 0.20175895039574243]
[36.86910229921341, -41.84025553613901, 0.20234186263405718]
[38.21859264373779, -41.68463399261236, 0.20187659811927006]
[39.58551746606827, -41.53042235970497, 0.20060742780333385]
[40.97427260875702, -41.377248987555504, 0.20028910798646393]
[42.385370671749115, -41.2249950170517, 0.2004287530653528]
[43.82592844963074, -41.072586588561535, 0.20145127386786044]
[45.30652838945389, -40.918624974787235, 0.2027783403173089]
[46.82360601425171, -40.763266287744045, 0.20313934630394215]
[48.37213724851608, -40.606540605425835, 0.20319740556442412]
[49.94814449548721, -40.44767917692661, 0.20338369772798615]
[51.55037331581116, -40.285192020237446, 0.20346302929920057]
[53.18004924058914, -40.11673626303673, 0.20319259456300642]
[54.83866763114929, -39.939919620752335, 0.20256272098049521]
[56.52281928062439, -39.75244414061308, 0.20130451954901218]
[58.22268831729889, -39.552749119699, 0.19909159652888775]
[59.92516350746155, -39.34113924950361, 0.1960620783502236]
[61.62016671895981, -39.11934618651867, 0.1929618214489892]
[63.30392348766327, -38.88858802616596, 0.19101547275204211]
[64.9774044752121, -38.65015894174576, 0.19072787324694218]
[66.64170390367508, -38.40562762320042, 0.1915543263021391]
[68.2982406616211, -38.15631352365017, 0.19258027101750486]
[69.94861125946045, -37.903299883008, 0.19338571262778714]
[71.59008485078812, -37.648106545209885, 0.1938147709297482]
[73.20657324790955, -37.394168347120285, 0.1927996486192569]
[74.79684942960739, -37.142414540052414, 0.1916667845507618]
[76.3532292842865, -36.89475643634796, 0.19079378005699255]
[77.8754273056984, -36.65133770555258, 0.19042506723781116]
[79.36712729930878, -36.41197747737169, 0.190510107728187]
[80.82957273721695, -36.17669738084078, 0.1909000071173068]
[82.26273781061172, -35.94583271443844, 0.1911354247131385]
[83.66685354709625, -35.71936308592558, 0.19088174814532977]
[85.04146325588226, -35.49741265177727, 0.19034275735612027]
[86.38928085565567, -35.27948264032602, 0.19014122262160527]
[87.70782822370529, -35.065823584795, 0.18982194966520183]
[88.99465823173523, -34.85706301778555, 0.18966628657653928]
[90.2526084780693, -34.65266865491867, 0.1898772018539603]
[91.48112201690674, -34.45276252925396, 0.18994292861316353]
[92.68028998374939, -34.257399290800095, 0.18994925748302194]
[93.85026925802231, -34.066699765622616, 0.19005725572424126]
[94.99083751440048, -33.88069148361683, 0.1901397421315778]
[96.10214108228683, -33.69940456002951, 0.1901291257545381]
[97.18434989452362, -33.52280563861132, 0.19007859368502977]
[98.23684287071228, -33.35102083534002, 0.18995361538691213]
[99.26001012325287, -33.183922089636326, 0.1897737650797353]
[100.25400304794312, -33.02152571082115, 0.18960167129262118]
[101.21836212277412, -32.863902144134045, 0.1894345098917256]
[102.1528389453888, -32.711166210472584, 0.18929052749444963]
[103.05827939510345, -32.56316578388214, 0.18929359856338124]
[103.93444192409515, -32.41995569318533, 0.18933268357977795]
[104.78044411540031, -32.2815682515502, 0.18922596974880435]
[105.596714168787, -32.14800526201725, 0.1891758688216214]
[106.38415399193764, -32.01918575167656, 0.18915652564646734]
[107.14241713285446, -31.895253591239452, 0.18912801163605764]
[107.86993929743767, -31.776348531246185, 0.18895969397271983]
[108.5672405064106, -31.66239993274212, 0.18890471273516596]
[109.23530206084251, -31.553201626986265, 0.188981759318267]
[109.87532415986061, -31.448563914746046, 0.18906872569277766]
[110.48525279760361, -31.348894111812115, 0.18893074516381603]
[111.0628009736538, -31.25444394350052, 0.18857007472252008]
[111.60852426290512, -31.165069214999676, 0.1888513693411369]
[112.12446770071983, -31.080480206757784, 0.18946725316345692]
[112.61209599673748, -31.00053458288312, 0.1901439788925927]
[113.07342514395714, -30.9249987564981, 0.19083909812616184]
[113.49783650040627, -30.855643540620804, 0.19075644205440767]
[113.87415252625942, -30.7941239066422, 0.19002123636892065]
[114.20175260305405, -30.740854578092694, 0.19016806138097309]
[114.48416621983051, -30.694235691800714, 0.19082766692736186]
[114.72702787816525, -30.654266702011228, 0.1915820662979968]
[114.93549614399672, -30.62031272985041, 0.19214515161002055]
[115.11803323030472, -30.590271258726716, 0.192592870851513]
[115.28044418990612, -30.56383848749101, 0.1933445691684028]
[115.42368292808533, -30.540507659316063, 0.19409770649508573]
[115.54939921200275, -30.519881762564182, 0.1945886682951823]
[115.65974782779813, -30.502024001441896, 0.19517176997032948]
[115.75654957070947, -30.486222168896347, 0.19564629250089638]
[115.8402302339673, -30.471958164591342, 0.1962354457937181]
[115.91302086412907, -30.460037613287568, 0.19670052113360725]
[115.97707360610366, -30.450847561703995, 0.1976484783226624]
[116.03173875808716, -30.44000015873462, 0.19738565431543975]
[116.08162442035973, -30.433724684640765, 0.1986215891665779]
[116.12289601378143, -30.42620822880417, 0.19774026225786656]
[116.15504465159029, -30.420226402347907, 0.19801445081247948]
[116.1363667100668, -30.424400749150664, 0.19430073047988117]
[116.11777419503778, -30.426093600544846, 0.1951128109358251]
[116.11004221823532, -30.42781598959118, 0.19761139585170895]
[116.12483427114785, -30.425477836630307, 0.19936051277909428]
[116.16292249411345, -30.418507780879736, 0.20130749617237598]
[116.22590994462371, -30.409106951206923, 0.20265159860718995]
[116.31420493125916, -30.39129183255136, 0.20276100713817868]
[116.42954871058464, -30.371672398410738, 0.20297725568525493]
[116.56533356010914, -30.34695584885776, 0.20215948900658987]
[116.71345400810242, -30.31943573243916, 0.20111862575868145]
[116.86905514448881, -30.29126268159598, 0.20087000718922354]
[117.03584285825491, -30.26053747255355, 0.20087167809833772]
[117.22068045288324, -30.22607621178031, 0.20001008413964882]
[117.4271053597331, -30.187726559117436, 0.19952299448777921]
[117.65509326756, -30.145061757415533, 0.19897881260840222]
[117.9040479362011, -30.09797596000135, 0.1989009921635443]
[118.17363688349724, -30.04650691151619, 0.19891848599036166]
[118.46348768472672, -29.990944558754563, 0.19887933649260958]
[118.77334596216679, -29.93143194913864, 0.19928063530824147]
[119.10256423056126, -29.867426227778196, 0.19921588660872658]
[119.45088791847229, -29.798861667513847, 0.19911461519950535]
[119.81814329326153, -29.72628268226981, 0.19894412875873968]
[120.20328257977962, -29.649839159101248, 0.19864341882930603]
[120.60338774323463, -29.5698268301785, 0.1983981811099511]
[121.01553536951542, -29.486483592540026, 0.19864291488192976]
[121.4411214441061, -29.400384921580553, 0.19916410138830543]
[121.8849916011095, -29.309604957699776, 0.19963403190195095]
[122.35402488708496, -29.213395968079567, 0.19981176908913767]
[122.85433414578438, -29.110379491001368, 0.199947076063836]
[123.39105671644211, -28.999588567763567, 0.20028472288686316]
[123.96771079301834, -28.879970867186785, 0.20077537497854792]
[124.5863630771637, -28.75099866837263, 0.2012106009060517]
[125.24742567539215, -28.612395219504833, 0.20183015454676934]
[125.94880497455597, -28.46478158980608, 0.20258887129602954]
[126.6871325969696, -28.30893272906542, 0.2035884500364773]
[127.4613983631134, -28.145206592977047, 0.20485445688245818]
[128.27553036808968, -27.972789704799652, 0.2058980868314393]
[129.13498598337173, -27.790864817798138, 0.2064445733849425]
[130.04176929593086, -27.59888207167387, 0.2065545189252589]
[130.98811158537865, -27.398311108350754, 0.20547490322496742]
[131.97284537553787, -27.189638637006283, 0.20421542366966605]
[132.99458783864975, -26.97315113246441, 0.2033593863598071]
[134.05370777845383, -26.74869290739298, 0.20311854936244345]
[135.1535022854805, -26.515749596059322, 0.20361725459224544]
[136.29244703054428, -26.27458442747593, 0.20407368120504543]
[137.46580410003662, -26.026313684880733, 0.20442098652711138]
[138.67252039909363, -25.77122600376606, 0.2046784473277512]
[139.9139719605446, -25.509130209684372, 0.20485667818866204]
[141.19239968061447, -25.239646568894386, 0.20495614141509577]
[142.50954979658127, -24.962369978427887, 0.20501412753037584]
[143.86625027656555, -24.676819548010826, 0.20502321942694834]
[145.2621762752533, -24.3823282122612, 0.20495171682705404]
[146.69590818881989, -24.07821772992611, 0.20475159584748326]
[148.16485500335693, -23.763662710785866, 0.20433635749213863]
[149.66571271419525, -23.43812035024166, 0.2038089099805802]
[151.19553434848785, -23.100674837827682, 0.20326048793504015]
[152.75278395414352, -22.75043235719204, 0.2028653468732955]
[154.33725214004517, -22.386438354849815, 0.2025088901136769]
[155.94929254055023, -22.00776542723179, 0.20216830832941923]
[157.58912658691406, -21.61415135860443, 0.20186149711662438]
[159.25650322437286, -21.20596705377102, 0.2016734582502977]
[160.950907766819, -20.78385378420353, 0.20163799802185167]
[162.67136240005493, -20.348876863718033, 0.2016761878530815]
[164.41654074192047, -19.902488008141518, 0.20174691756255925]
[166.18935412168503, -19.44508582353592, 0.20228854726883583]
[167.986698448658, -18.977841317653656, 0.20253823043640296]
[169.8049036860466, -18.50302267074585, 0.20228127583686728]
[171.644176363945, -18.021341145038605, 0.20203389994276222]
[173.5036622285843, -17.53370328247547, 0.20155317819444463]
[175.38834488391876, -17.039486944675446, 0.20156803744248464]
[177.29936891794205, -16.53803187608719, 0.20190342220303137]
[179.23711055517197, -16.029314070940018, 0.202088883597753]
[181.2015227675438, -15.513219773769379, 0.20218609652511077]
[183.1920879483223, -14.989722102880478, 0.20222576460764685]
[185.20803093910217, -14.459217369556427, 0.20229166716671898]
[187.24810898303986, -13.921840518712997, 0.20221404646872543]
[189.3110682964325, -13.377998977899551, 0.20213422794404323]
[191.39617729187012, -12.827715516090393, 0.2020759460874615]
[193.5034098625183, -12.271135717630386, 0.2020895037730952]
[195.63323318958282, -11.708091676235199, 0.20213474168122048]
[197.78637623786926, -11.138547241687775, 0.20218855817074655]
[199.9633400440216, -10.562478840351105, 0.2021821054568136]
[202.16420471668243, -9.979900985956192, 0.20225641815341078]
[204.38911259174347, -9.391501069068909, 0.20236599118288723]
[206.63734138011932, -8.796437948942184, 0.20218846235366073]
[208.90809559822083, -8.195353299379349, 0.20210768598371942]
[211.20031082630157, -7.58840748667717, 0.20198532473295927]
[213.51299512386322, -6.975769907236099, 0.20182561324327253]
[215.84522020816803, -6.357435166835785, 0.20172110730345594]
[218.1966120004654, -5.7331744730472565, 0.2016600646365987]
[220.56703066825867, -5.1020857989788055, 0.20149676885193912]
[222.95651245117188, -4.4628772139549255, 0.20118834637105465]
[225.3648819923401, -3.8139627873897552, 0.2008704979234608]
[227.79183506965637, -3.154141902923584, 0.20074469987594057]
[230.23669612407684, -2.482525408267975, 0.2007249991615936]
[232.69953227043152, -1.799315720796585, 0.2009415593201993]
[235.17912328243256, -1.1053755283355713, 0.20114377253776183]
[237.67035293579102, -0.4031185805797577, 0.20087609739857726]
[240.17365062236786, 0.3058173656463623, 0.2007861116562708]
[242.6899175643921, 1.0204197466373444, 0.2010257009678753]
[245.22332537174225, 1.7402963042259216, 0.20144462489406578]
[247.77485144138336, 2.4655217230319977, 0.20175458631274523]
[250.33870661258698, 3.1944177746772766, 0.20139733530231752]
[252.90665531158447, 3.9251493215560913, 0.20014741423074156]
[255.47067630290985, 4.655690371990204, 0.1982478586724028]
[258.0263146162033, 5.384963750839233, 0.1964704788988456]
[260.5730324983597, 6.112827450037003, 0.19554057021741755]
[263.11197316646576, 6.839424222707748, 0.19558741177024785]
[265.6441400051117, 7.5645171999931335, 0.1961106075614225]
[268.16696202754974, 8.28690356016159, 0.19636721805545676]
[270.6575481891632, 9.00025349855423, 0.19459743530023843]
[273.1116256713867, 9.70480665564537, 0.19197795167565346]
[275.55646884441376, 10.410024255514145, 0.1917053186771227]
[277.95218420028687, 11.109194427728653, 0.18877106381114572]
[280.2960008382797, 11.80312967300415, 0.1872797428513877]
[282.60529088974, 12.495242595672607, 0.18789447032031603]
[284.8926522731781, 13.189019948244095, 0.18956465530209243]
[287.155721783638, 13.884361684322357, 0.19067238896968774]
[289.3893994092941, 14.579753071069717, 0.1908583770346013]
[291.6082284450531, 15.27982047200203, 0.1916971564933192]
[293.7932952642441, 15.975825518369675, 0.19128968194127083]
[295.9382040500641, 16.662207752466202, 0.19093553694256116]
[298.04352951049805, 17.335916608572006, 0.1910985167924082]
[300.1157338619232, 17.996551990509033, 0.1908457077224739]
[302.1557260751724, 18.64650657773018, 0.189274248725269]
[304.14454132318497, 19.282688438892365, 0.18840861703210976]
[306.09430915117264, 19.911638110876083, 0.18875693356676493]
[308.00867235660553, 20.539206445217133, 0.1882060847710818]
[309.89566284418106, 21.17185604572296, 0.18812073150184005]
[311.74989426136017, 21.810662269592285, 0.18812382111718762]
[313.57312428951263, 22.457172214984894, 0.18863068788778037]
[315.3730780482292, 23.11162957549095, 0.19013422820717096]
[317.1518449783325, 23.770875722169876, 0.19133265782147646]
[318.9132647514343, 24.432856798171997, 0.19189282426668797]
[320.6490767598152, 25.093585580587387, 0.1914905559096951]
[322.3570567369461, 25.751602292060852, 0.19096515986893792]
[324.0156024694443, 26.39831492304802, 0.18899217480793595]
[325.6050543189049, 27.026898741722107, 0.18539292842615396]
[327.1702188849449, 27.658008188009262, 0.18551560578634962]
[328.73109596967697, 28.299013018608093, 0.1883907177252695]
[330.2418620586395, 28.931263595819473, 0.18728147260844707]
[331.7092524766922, 29.56047636270523, 0.18605503576691262]
[333.14093482494354, 30.18919125199318, 0.18627323003602214]
[334.53922468423843, 30.818576127290726, 0.18737840262474492]
[335.9059497117996, 31.450690180063248, 0.18799774510262068]
[337.24168288707733, 32.08792534470558, 0.18761969535262324]
[338.54992097616196, 32.73410603404045, 0.1867384287470486]
[339.8415079712868, 33.39655965566635, 0.1865851314360043]
[341.1160836815834, 34.0764821767807, 0.187030378729105]
[342.3716073036194, 34.77297556400299, 0.18776060227537528]
[343.60983300209045, 35.48662915825844, 0.1885197212395724]
[344.83026909828186, 36.21643486618996, 0.18884209581301548]
[346.0259405374527, 36.9568897485733, 0.18844851560425013]
[347.19229823350906, 37.70391181111336, 0.18777477988624014]
[348.3321107029915, 38.45821279287338, 0.1876042460780809]
[349.44548922777176, 39.21883422136307, 0.18775429155357415]
[350.528824865818, 39.982303351163864, 0.18763437175948638]
[351.5822536945343, 40.74752303957939, 0.18751162639455288]
[352.6082332134247, 41.513792902231216, 0.1877341684739804]
[353.6064118742943, 42.27720087766647, 0.18810842317179777]
[354.57687070965767, 43.03433549404144, 0.1884855522221187]
[355.5219082534313, 43.78451958298683, 0.18892137373040896]
[356.44863110780716, 44.53093048930168, 0.18888888437504647]
[357.34866830706596, 45.26483830809593, 0.18781971739372239]
[358.21317061781883, 45.97809112071991, 0.18727183030932792]
[359.053029358387, 46.67693603038788, 0.18827450223034248]
[359.870319634676, 47.360171377658844, 0.18925966823007911]
[360.66332814097404, 48.024491399526596, 0.18964507394412067]
[361.433039277792, 48.66927361488342, 0.18976325917901704]
[362.1810744702816, 49.294776767492294, 0.18984498143254314]
[362.9082944393158, 49.901124596595764, 0.1899517035271856]
[363.6144866645336, 50.48753350973129, 0.18991922652639914]
[364.30039617419243, 51.05469274520874, 0.18966100782563444]
[364.96325728297234, 51.60019710659981, 0.18931755051016808]
[365.6039958894253, 52.12475550174713, 0.18938004301890032]
[366.22375094890594, 52.62956807017326, 0.1895933420964866]
[366.8203589916229, 53.113086342811584, 0.1893760257953545]
[367.39442414045334, 53.57596246898174, 0.189227729155391]
[367.94721481204033, 54.01950554549694, 0.18928020130442746]
[368.4785957634449, 54.44398011267185, 0.1893716744525591]
[368.9872631430626, 54.8485292494297, 0.18927101604640484]
[369.4707568138838, 55.23157759010792, 0.18879418523283675]
[369.93060509860516, 55.59472344815731, 0.18853980698622763]
[370.3655856102705, 55.937351420521736, 0.18884343846002594]
[370.7783540636301, 56.26155085861683, 0.18963233375689015]
[371.1696105450392, 56.568096712231636, 0.19016287225531414]
[371.53871916234493, 56.85667097568512, 0.19066622838727199]
[371.8707993775606, 57.11561965942383, 0.1901489153096918]
[372.16662660241127, 57.3463336750865, 0.18956698320107535]
[372.422483086586, 57.545470394194126, 0.19026271344046108]
[372.64753038436174, 57.72041327506304, 0.1914700788911432]
[372.8426989018917, 57.871993862092495, 0.19199735365691595]
[373.0124788656831, 58.00373516976833, 0.19237326073925942]
[373.1607459336519, 58.118926882743835, 0.19256505674275104]
[373.2907502800226, 58.21962711960077, 0.19332536269212142]
[373.40538093447685, 58.308358266949654, 0.19345714489463717]
[373.5060163848102, 58.386255115270615, 0.19391924308729358]
[373.5950059890747, 58.455072335898876, 0.19476520537864417]
[373.67463260889053, 58.51660054922104, 0.19580332923214883]
[373.7442057877779, 58.57088881731033, 0.19577837365795858]
[373.8048322983086, 58.617859376594424, 0.1964237599459011]
[373.85892780683935, 58.65879792906344, 0.19753725291229784]
[373.90460752882063, 58.69548235274851, 0.1972471566987224]
[373.9465505126864, 58.72667068429291, 0.19805064395768568]
[373.9811231829226, 58.754737965762615, 0.19855613267282024]
[374.01364353857934, 58.77935159858316, 0.19762187695596367]
[374.0252113863826, 58.78726804701728, 0.1960944317979738]
[374.01034814398736, 58.77609835145995, 0.19322971440851688]
[373.99968486535363, 58.77111465635244, 0.19304022341384552]
[374.00742821069434, 58.77595509774983, 0.195756571367383]
[374.0286197559908, 58.796531772240996, 0.19837612356059253]
[374.0660991705954, 58.83292647078633, 0.20187272923067212]
[374.1229330189526, 58.88658256456256, 0.20191660587806837]
[374.19778316468, 58.95862380042672, 0.20174962421879172]
[374.2891394607723, 59.047301821410656, 0.20078786846715957]
[374.3912638351321, 59.15100307390094, 0.19919572724029422]
[374.49975211918354, 59.26238417997956, 0.19899423816241324]
[374.6132177449763, 59.38079956173897, 0.19882846492691897]
[374.7346398383379, 59.50919999182224, 0.19788321177475154]
[374.8675828501582, 59.65204671770334, 0.19748622471524868]
[375.01203528791666, 59.812176555395126, 0.1964593882439658]
[375.1676578819752, 59.99044943600893, 0.1958626770938281]
[375.33325296640396, 60.18704625964165, 0.19588752603158355]
[375.50748947262764, 60.402619905769825, 0.19603445863322122]
[375.6890281960368, 60.63734236359596, 0.19586865158271394]
[375.8769875988364, 60.891083151102066, 0.19643394442391582]
[376.0690533146262, 61.16434183716774, 0.19618520249059657]
[376.2640689611435, 61.45629957318306, 0.19587024798966013]
[376.46006747335196, 61.766844019293785, 0.19537903563468717]
[376.6550993472338, 62.094736605882645, 0.19505130211473443]
[376.84641820937395, 62.43728817999363, 0.1948788373520074]
[377.03249993920326, 62.79311899840832, 0.19497728897840716]
[377.2127512022853, 63.16233603656292, 0.19494589886744507]
[377.3875261172652, 63.54620364308357, 0.19463419246312696]
[377.5568636879325, 63.94775813817978, 0.19427757419180125]
[377.72068271785975, 64.37048123776913, 0.1941148009900644]
[377.8799035847187, 64.81639978289604, 0.19423601371818222]
[378.03389973193407, 65.28892004489899, 0.19465082290116698]
[378.1820790320635, 65.79347854852676, 0.19515273746219464]
[378.32277278602123, 66.33390626311302, 0.19555912177020218]
[378.4535198137164, 66.91177767515182, 0.19579741488814761]
[378.56710805371404, 67.51666501164436, 0.19492529769195244]
[378.65703774243593, 68.12347680330276, 0.19260488380677998]
[378.7215693295002, 68.71964508295059, 0.18970468500629067]
[378.76343954354525, 69.30498704314232, 0.1880422043032013]
[378.7836954863742, 69.88413447141647, 0.1875554399084649]
[378.7828421606682, 70.45921123027802, 0.18799075472634286]
[378.76037441939116, 71.03046345710754, 0.1885920581407845]
[378.71628830209374, 71.594675719738, 0.18908828319399618]
[378.6512404754758, 72.15063285827637, 0.18904141316306777]
[378.5660265572369, 72.701052069664, 0.1886423644318711]
[378.45947698131204, 73.25157880783081, 0.1872184390667826]
[378.33172564953566, 73.79136526584625, 0.18720333343662787]
[378.18322256952524, 74.31905943155289, 0.1878899378934875]
[378.01600002497435, 74.83249342441559, 0.188564553798642]
[377.8310832604766, 75.33050768077374, 0.18876119022388593]
[377.6305998787284, 75.81185527145863, 0.18884590541711077]
[377.4156993329525, 76.27600920200348, 0.18889523707912304]
[377.18831092119217, 76.72340916097164, 0.189200505221379]
[376.94784217327833, 77.15656852722168, 0.1892272052136832]
[376.6932470202446, 77.5766097009182, 0.18939224777568597]
[376.4238290786743, 77.986163854599, 0.18982048323960043]
[376.1385481059551, 78.38696654140949, 0.19039410652476363]
[375.83624044060707, 78.78131373226643, 0.19109615983325057]
[375.5151665508747, 79.17125260829926, 0.19143764329783153]
[375.1736830919981, 79.55679535865784, 0.19166185172798578]
[374.8097267150879, 79.9388003796339, 0.1920878003584221]
[374.4201263934374, 80.3179541528225, 0.1924985281075351]
[374.00514082610607, 80.69257837533951, 0.19292961223982275]
[373.56562884151936, 81.05977340042591, 0.1929017296351958]
[373.10448402166367, 81.41591143608093, 0.19263350426626857]
[372.6226825416088, 81.7596637159586, 0.19238947810663376]
[372.1212817430496, 82.08979035913944, 0.19229986965001444]
[371.5994176864624, 82.4062532633543, 0.1923376400663983]
[371.05583372712135, 82.70924466848373, 0.1924447568217147]
[370.4923655092716, 82.99672776460648, 0.19222067236114526]
[369.9087493419647, 83.26870489120483, 0.19208940959651954]
[369.3044592142105, 83.5242569744587, 0.19194205100575346]
[368.6795193850994, 83.76339188218117, 0.1919608207026613]
[368.0337556898594, 83.98491754382849, 0.191906372712765]
[367.3677512407303, 84.18897271156311, 0.19203690289396036]
[366.6819136440754, 84.37459633499384, 0.19206591338661383]
[365.976913690567, 84.54196428507566, 0.19227698114264058]
[365.25471299886703, 84.68965528905392, 0.1922934647918737]
[364.517447412014, 84.81820336356759, 0.19235258801109012]
[363.7661584019661, 84.92624133080244, 0.19211434325552545]
[363.00238931179047, 85.01581640541553, 0.19234279022202827]
[362.2269170284271, 85.08711637556553, 0.19239752962857892]
[361.4400327205658, 85.14092448912561, 0.19246661468059756]
[360.6403495669365, 85.17762450315058, 0.19255177467493922]
[359.8277959525585, 85.19738548714668, 0.1926617217977764]
[359.00145041942596, 85.2008507066057, 0.19299626557040028]
[358.1604685485363, 85.18841290101409, 0.19343450615997426]
[357.3040463626385, 85.16065207496285, 0.19376294416724704]
[356.4314042031765, 85.11750760674477, 0.1940723910520319]
[355.54178389906883, 85.05933837220073, 0.1943745455791941]
[354.63458800315857, 84.98656883463264, 0.19478627262287773]
[353.7093295454979, 84.8999939262867, 0.19536139094270766]
[352.7654022574425, 84.80063916742802, 0.19607117283158004]
[351.80162888765335, 84.6895312294364, 0.19688044633949175]
[350.8165167272091, 84.5677490644157, 0.19775495753856376]
[349.8077201843262, 84.43613039702177, 0.198615915782284]
[348.77392041683197, 84.29556281864643, 0.1992282736027846]
[347.7256190776825, 84.14861346036196, 0.19843517238041386]
[346.6554645895958, 83.99652533233166, 0.19851248363556806]
[345.55936390161514, 83.83998413383961, 0.1993588017357979]
[344.43661350011826, 83.68063089996576, 0.20004225123557262]
[343.28545409440994, 83.51949759572744, 0.2006429107277654]
[342.09363186359406, 83.35532846301794, 0.20219666796037927]
[340.8601011633873, 83.18784986436367, 0.20317948822048493]
[339.59015142917633, 83.01705690473318, 0.20367575358250178]
[338.28800505399704, 82.8422397300601, 0.2040276376355905]
[336.9543588757515, 82.66175480931997, 0.20425747636909364]
[335.58737856149673, 82.4738422036171, 0.2043925331599894]
[334.1843451857567, 82.27678915858269, 0.2043342433971702]
[332.7436648607254, 82.0689546763897, 0.20408015622524545]
[331.265073120594, 81.84936179220676, 0.2037864526937483]
[329.7497522830963, 81.61745115369558, 0.20339928087196313]
[328.199862241745, 81.37357422709465, 0.20310664110002108]
[326.61822283267975, 81.11828456819057, 0.20288967605301877]
[325.00804328918457, 80.85268194973469, 0.20272635152650764]
[323.3719902038574, 80.5779068171978, 0.20264765147294383]
[321.71119594573975, 80.2951048463583, 0.2027082042550319]
[320.0252162218094, 80.00502361357212, 0.20270612625199647]
[318.31290620565414, 79.70829720795155, 0.20266002758944524]
[316.57342886924744, 79.40535327792168, 0.2025282233589678]
[314.80662482976913, 79.09656611084938, 0.20237856733365334]
[313.01170748472214, 78.7822584360838, 0.20249885636440013]
[311.1845191717148, 78.46182994544506, 0.20308156067039818]
[309.33148527145386, 78.13639551401138, 0.2028568654350238]
[307.4542375802994, 77.8067601621151, 0.20234439190244302]
[305.5543151497841, 77.47314542531967, 0.2018660702451598]
[303.63326263427734, 77.13562504947186, 0.20124834528542124]
[301.688274204731, 76.79242031276226, 0.20125567137438338]
[299.71942216157913, 76.44100823998451, 0.20115051450557075]
[297.72631365060806, 76.07885177433491, 0.2008492417371599]
[295.70861971378326, 75.70311816036701, 0.20039828524750192]
[293.66644155979156, 75.31144738197327, 0.20000570225238334]
[291.60019886493683, 74.90208280086517, 0.19971796360914595]
[289.5106449127197, 74.47417490184307, 0.19954686992059578]
[287.39862632751465, 74.02801313996315, 0.19962474220665172]
[285.265172123909, 73.56478537619114, 0.19985963551152963]
[283.11107420921326, 73.08654119074345, 0.20023975885123946]
[280.93678200244904, 72.59546113014221, 0.2006501610740088]
[278.74226999282837, 72.09341275691986, 0.20101528245140798]
[276.5270298719406, 71.58156511187553, 0.20119131279352587]
[274.2904807329178, 71.06080198287964, 0.201335747660778]
[272.032065987587, 70.53154119849205, 0.20146996575931553]
[269.7513747215271, 69.99396252632141, 0.20153035553812515]
[267.44850897789, 69.44792857766151, 0.20143059711699607]
[265.12384831905365, 68.89281833171844, 0.20121326910157222]
[262.77828991413116, 68.3274237215519, 0.20081012418086175]
[260.41299402713776, 67.74994617700577, 0.20029221990262158]
[258.03021574020386, 67.15817138552666, 0.19963542482582852]
[255.63506257534027, 66.55015948414803, 0.19859577907482162]
[253.2343397140503, 65.92487660050392, 0.19715277274372056]
[250.8334345817566, 65.2819153368473, 0.19567995966644958]
[248.43281137943268, 64.62073087692261, 0.1948267215047963]
[246.0306144952774, 63.941468715667725, 0.19491297952481546]
[243.62494480609894, 63.24505019187927, 0.19565297634107992]
[241.21394062042236, 62.53299295902252, 0.1966980475699529]
[238.79560482501984, 61.8070268034935, 0.1976654743484687]
[236.36923134326935, 61.06873199343681, 0.19824741846241523]
[233.94307470321655, 60.32095196843147, 0.19751355226617306]
[231.52750396728516, 59.566005915403366, 0.1953956336947158]
[229.12303805351257, 58.802336007356644, 0.19348057091701776]
[226.73020267486572, 58.027684420347214, 0.19238153987680562]
[224.34963488578796, 57.24059924483299, 0.19202497716469225]
[221.98156917095184, 56.44062423706055, 0.1921841536895954]
[219.62575387954712, 55.62835168838501, 0.1925828406965593]
[217.28043746948242, 54.80517414212227, 0.19319145075860433]
[214.94311344623566, 53.97280552983284, 0.19396290194708854]
[212.61129879951477, 53.13326197862625, 0.19482849605265073]
[210.28272354602814, 52.288511484861374, 0.19566295004915446]
[207.95553827285767, 51.439970284700394, 0.19634501356631517]
[205.62838339805603, 50.588493913412094, 0.19681194181612227]
[203.29717981815338, 49.73324677348137, 0.1975329910928849]
[200.96030926704407, 48.87346214056015, 0.19814827546360902]
[198.6180180311203, 48.009330719709396, 0.19850911070534494]
[196.27075707912445, 47.141062170267105, 0.19860745643200062]
[193.9203019142151, 46.26953464746475, 0.19832455660798587]
[191.5694099664688, 45.397061467170715, 0.19791086688928772]
[189.21901607513428, 44.52454397082329, 0.19779482822377759]
[186.8694040775299, 43.65068420767784, 0.19755987882672343]
[184.51951622962952, 42.77116984128952, 0.1971070239378605]
[182.1664196252823, 41.88410860300064, 0.19720015682833036]
[179.80924236774445, 40.98642787337303, 0.19733244025701424]
[177.44677484035492, 40.076686680316925, 0.19745364347181749]
[175.0786589384079, 39.15331897139549, 0.1976294281630544]
[172.70393407344818, 38.21676966547966, 0.19817745001637377]
[170.32216680049896, 37.26723122596741, 0.19862568459939212]
[167.931156873703, 36.30624005198479, 0.19934674171963707]
[165.52976965904236, 35.334978610277176, 0.20008577147382312]
[163.11708796024323, 34.35467025637627, 0.2005916593625443]
[160.69298493862152, 33.36631339788437, 0.20070743648807365]
[158.26276791095734, 32.3727770447731, 0.20005705489893444]
[155.83801877498627, 31.379095017910004, 0.19823260884732008]
[153.42526710033417, 30.38827583193779, 0.19617338018724695]
[151.02355444431305, 29.400090217590332, 0.19505859349737875]
[148.6324006319046, 28.410167157649994, 0.1940023020724766]
[146.2510131597519, 27.416526347398758, 0.19395673408871517]
[143.8813817501068, 26.42293506860733, 0.19454479642445222]
[141.54187524318695, 25.432718992233276, 0.19326362037099898]
[139.24160850048065, 24.44587430357933, 0.19112941471394151]
[136.9744575023651, 23.457489252090454, 0.18979333527386189]
[134.71400892734528, 22.456482648849487, 0.18999512968002819]
[132.51071763038635, 21.464813858270645, 0.18885677671642043]
[130.3550168275833, 20.476241797208786, 0.1897173145553097]
[128.23536574840546, 19.486819624900818, 0.1905828106100671]
[126.16025459766388, 18.505307406187057, 0.19045839642058127]
[124.13758301734924, 17.539456844329834, 0.19007833501382265]
[122.15064245462418, 16.582491874694824, 0.19072138547198847]
[120.18458664417267, 15.62978020310402, 0.19165669403446373]
[118.25145095586777, 14.687082976102829, 0.1915654072072357]
[116.35711914300919, 13.757094144821167, 0.19163530333025847]
[114.4940025806427, 12.835896849632263, 0.19190612206148217]
[112.663638651371, 11.924045234918594, 0.19172397475631442]
[110.8657957315445, 11.022281646728516, 0.19170367877995886]
[109.10054528713226, 10.131844401359558, 0.1919291514059296]
[107.36718451976776, 9.253653079271317, 0.19206486853363458]
[105.66960483789444, 8.39395534992218, 0.1918449014046928]
[104.0072535276413, 7.561761826276779, 0.19288906682049856]
[102.36534821987152, 6.750494599342346, 0.19275397836463526]
[100.7445764541626, 5.950239360332489, 0.19135529192863032]
[99.15126156806946, 5.164250493049622, 0.19051111006410792]
[97.57337856292725, 4.384391933679581, 0.19128480696235783]
[96.02819275856018, 3.6200627088546753, 0.19104955598595552]
[94.51688277721405, 2.8754866421222687, 0.19100878067547455]
[93.03425461053848, 2.1561543941497803, 0.1921755921212025]
[91.568932056427, 1.4632402658462524, 0.1934489127015695]
[90.11694180965424, 0.7933990955352783, 0.19390544164343737]
[88.6764594912529, 0.14677157998085022, 0.1943542126318789]
[87.25717288255692, -0.471395343542099, 0.19403775213868357]
[85.8607724905014, -1.061260610818863, 0.1932235680287704]
[84.48915028572083, -1.623311847448349, 0.19239420295343734]
[83.14330273866653, -2.1564638316631317, 0.19235504328389652]
[81.81963855028152, -2.6537780463695526, 0.19353983999462798]
[80.51303678750992, -3.131021037697792, 0.1917166895000264]
[79.23601919412613, -3.5928943306207657, 0.18872084456961602]
[77.98708510398865, -4.048702612519264, 0.18691067019244656]
[76.75607174634933, -4.5068259090185165, 0.1874985350877978]
[75.57604801654816, -4.95391546189785, 0.18652155005838722]
[74.44501882791519, -5.389514088630676, 0.18499960383633152]
[73.34041786193848, -5.822157517075539, 0.18627011263743043]
[72.27388781309128, -6.244011297821999, 0.1877854960039258]
[71.24521803855896, -6.652926936745644, 0.18846580415265635]
[70.26264625787735, -7.038987517356873, 0.18879455380374566]
[69.3105097413063, -7.399577021598816, 0.19049680896569043]
[68.3546604514122, -7.743014648556709, 0.19309242314193398]
[67.40558138489723, -8.063938811421394, 0.19379194713110337]
[66.47234165668488, -8.361031323671341, 0.19325330655556172]
[65.56507986783981, -8.63285431265831, 0.19217289687367156]
[64.68398237228394, -8.879568591713905, 0.19168032295419835]
[63.82699057459831, -9.10175310075283, 0.1919720918231178]
[62.99315160512924, -9.298834294080734, 0.19252197549212724]
[62.18034294247627, -9.469974122941494, 0.19319516513496637]
[61.3869648873806, -9.613880813121796, 0.1938029250886757]
[60.610000640153885, -9.729380793869495, 0.1945094205730129]
[59.8441447019577, -9.81699400767684, 0.19518225127831101]
[59.09052577614784, -9.876094264909625, 0.19559050892712548]
[58.350504875183105, -9.906465459614992, 0.19571061517854105]
[57.625179052352905, -9.908018052112311, 0.19571596294008486]
[56.91648232936859, -9.880950391292572, 0.19580928113282425]
[56.225861966609955, -9.822356894612312, 0.196282047603745]
[55.54714295268059, -9.737863507121801, 0.19607554115646053]
[54.88327485322952, -9.626902841031551, 0.19621983389515663]
[54.23602205514908, -9.490457765758038, 0.19639914656727342]
[53.60552218556404, -9.328447468578815, 0.1967406392650446]
[52.99265918135643, -9.141736812889576, 0.19704216993704904]
[52.398576229810715, -8.930286288261414, 0.1973708196892403]
[51.82712537050247, -8.69557250291109, 0.19740782390181266]
[51.28153619170189, -8.437748298048973, 0.19765426502999617]
[50.760700196027756, -8.158197283744812, 0.19766316656023264]
[50.265982791781425, -7.858304068446159, 0.19771396003670816]
[49.79823198914528, -7.540407761931419, 0.1976685371480471]
[49.35762719810009, -7.206455901265144, 0.197624005742]
[48.943192809820175, -6.859325394034386, 0.19751942507718923]
[48.55602869391441, -6.503183990716934, 0.19735484333432396]
[48.200545847415924, -6.131364241242409, 0.1991167536471039]
[47.872705176472664, -5.741640031337738, 0.2002163804427255]
[47.573387920856476, -5.335147470235825, 0.20057279515458504]
[47.30499942600727, -4.914283335208893, 0.2007113918371033]
[47.06958918273449, -4.481908053159714, 0.2009552937488479]
[46.86676424741745, -4.041477993130684, 0.20072656928095967]
[46.69492081552744, -3.5959016382694244, 0.2002458799397573]
[46.550442799925804, -3.148622155189514, 0.19923549564555287]
[46.429178550839424, -2.717718794941902, 0.19597343262284994]
[46.336744986474514, -2.340043365955353, 0.1924565929803066]
[46.26109232753515, -1.9966824501752853, 0.1909695133799687]
[46.20683122240007, -1.7138580828905106, 0.19098347169347107]
[46.16066611558199, -1.4506473243236542, 0.19073569448664784]
[46.12490984424949, -1.21579310297966, 0.1912351604551077]
[46.09583534300327, -1.0010767057538033, 0.1910406876122579]
[46.08150840178132, -0.83685702085495, 0.1920197398867458]
[46.068803446833044, -0.7069740481674671, 0.19083072031935444]
[46.06438400107436, -0.609974704682827, 0.19138730340637267]
[46.055878846440464, -0.5200900435447693, 0.19232006912352517]
[46.05244932183996, -0.4404998794198036, 0.19547552929725498]
[46.050857762107626, -0.3716386742889881, 0.19688328658230603]
[46.04639664129354, -0.311307979747653, 0.19877137517323717]
[46.04805804605712, -0.2589242346584797, 0.19826020090840757]
[46.04587081668433, -0.21301725134253502, 0.1994478708365932]
[46.0478617179906, -0.17305884324014187, 0.20025653555057943]
[46.04735618265113, -0.14434113446623087, 0.19635614939033985]
[46.0476658847183, -0.15997791290283203, 0.19196031731553376]
[46.04830513341585, -0.17757799290120602, 0.1952674281783402]
[46.0474228101084, -0.19173826975747943, 0.20072863018140197]
[46.045678434864385, -0.18591691879555583, 0.20452626305632293]
[46.048135404707864, -0.16438954509794712, 0.20474244689103216]
[46.05089156574104, -0.12081657350063324, 0.20146308979019523]
[46.0605831281282, -0.055370137095451355, 0.20430390280671418]
[46.06892489618622, 0.031653013080358505, 0.2039974462823011]
[46.08411135291681, 0.13811341673135757, 0.20605342282215133]
[46.10090733412653, 0.25816163793206215, 0.20578315506281797]
[46.12011894211173, 0.3936587944626808, 0.205137978104176]
[46.141021717339754, 0.5439240112900734, 0.20392621110659093]
[46.16495357081294, 0.7116002887487411, 0.20314416708424687]
[46.193612514063716, 0.8970725536346436, 0.20217802742263302]
[46.22691278718412, 1.101721778512001, 0.2004933752468787]
[46.265786888077855, 1.3248827904462814, 0.19966125098289922]
[46.31111349724233, 1.5663203820586205, 0.1995288991569879]
[46.36359900794923, 1.8250964283943176, 0.1997500269280863]
[46.42417697608471, 2.0998080670833588, 0.19963103797635995]
[46.49363820254803, 2.3894067108631134, 0.19999911385821179]
[46.57194133102894, 2.692739799618721, 0.19972201128257439]
[46.659592017531395, 3.0084990113973618, 0.1997901901777368]
[46.756003234535456, 3.334834471344948, 0.19941340811783448]
[46.86188077181578, 3.67008613049984, 0.19962804568058345]
[46.976951133459806, 4.014185383915901, 0.1997246099926997]
[47.10178892314434, 4.36762835085392, 0.1996871136361733]
[47.23795325309038, 4.730962201952934, 0.19991165678948164]
[47.386984415352345, 5.104190960526466, 0.2001056692097336]
[47.55031683295965, 5.487801820039749, 0.2001371621954604]
[47.729452684521675, 5.88310119509697, 0.2004538656619843]
[47.92499078810215, 6.293090894818306, 0.200586902537907]
[48.13728982210159, 6.720641389489174, 0.2007388022975647]
[48.36743698269129, 7.167999044060707, 0.20085809853480896]
[48.61846782267094, 7.63800522685051, 0.20142446857062168]
[48.89406454563141, 8.131919980049133, 0.202114722749684]
[49.194814786314964, 8.648727983236313, 0.20255856994481292]
[49.521466225385666, 9.187717646360397, 0.20336070787743665]
[49.87666457891464, 9.750116169452667, 0.2046990767121315]
[50.26436011493206, 10.337479829788208, 0.20625727443257347]
[50.68910601735115, 10.951929777860641, 0.20749387476826087]
[51.15440309047699, 11.596648752689362, 0.2083979466697201]
[51.661915957927704, 12.273700147867203, 0.209042162518017]
[52.21302771568298, 12.982402235269547, 0.20960940833901986]
[52.80495634675026, 13.71882352232933, 0.2096431540994672]
[53.426197201013565, 14.468617767095566, 0.20773070235736668]
[54.05988281965256, 15.214744329452515, 0.20281734643504024]
[54.69243314862251, 15.948765754699707, 0.1962256000842899]
[55.31870684027672, 16.67266485095024, 0.19097685534507036]
[55.93708556890488, 17.391278505325317, 0.18867936928290874]
[56.54504436254501, 18.10836288332939, 0.18845116924785543]
[57.14029857516289, 18.82833245396614, 0.18868535969522782]
[57.72375109791756, 19.5595460832119, 0.18891123883076943]
[58.287325859069824, 20.293143570423126, 0.18591782147996128]
[58.80751460790634, 21.007162183523178, 0.1831443166011013]
[59.29509496688843, 21.71426984667778, 0.18355270245228894]
[59.75304397940636, 22.418703138828278, 0.184489337465493]
[60.18040914833546, 23.119359999895096, 0.18492454473744147]
[60.57706791162491, 23.81543904542923, 0.18538047347101383]
[60.94188439846039, 24.50763773918152, 0.1851551856379956]
[61.278247475624084, 25.20198079943657, 0.18533258627576288]
[61.58735692501068, 25.899424374103546, 0.1856943778693676]
[61.8675579726696, 26.59927088022232, 0.1856960302211519]
[62.11835578083992, 27.300878554582596, 0.18567082276433666]
[62.33911971747875, 28.002669632434845, 0.18566232160537766]
[62.52969551086426, 28.70403093099594, 0.18560965570577537]
[62.68877940624952, 29.40401503443718, 0.18524086018442176]
[62.81885087490082, 30.10098734498024, 0.18585454826825298]
[62.92167542874813, 30.792785227298737, 0.18614852421887917]
[62.99650127068162, 31.479205042123795, 0.18596321772929514]
[63.04339764267206, 32.15900754928589, 0.18586619390771375]
[63.061635269317776, 32.83151775598526, 0.18572648110421142]
[63.05170505307615, 33.49535542726517, 0.1858449271385325]
[63.01343921944499, 34.14973124861717, 0.18587042301442125]
[62.94705202057958, 34.79302552342415, 0.18598073757311795]
[62.853138510137796, 35.4243960082531, 0.1861636928661028]
[62.73277786374092, 36.04184743762016, 0.18638289567752508]
[62.58631967753172, 36.64465141296387, 0.18656539086077828]
[62.41519519686699, 37.23122751712799, 0.18669759816475562]
[62.220771595835686, 37.801074504852295, 0.18699631845811382]
[62.00500290095806, 38.353394627571106, 0.18731150741223246]
[61.7698086053133, 38.88775888085365, 0.18762850711937062]
[61.517266660928726, 39.403931230306625, 0.18797555887431372]
[61.24956043064594, 39.901872247457504, 0.18832311978621874]
[60.96799512207508, 40.38158021867275, 0.18861688564356882]
[60.67374634742737, 40.84331065416336, 0.18886954741901718]
[60.366048097610474, 41.28976818919182, 0.18925072644196916]
[60.043608486652374, 41.72297891974449, 0.18963853355671745]
[59.70532804727554, 42.14548830688, 0.19030448351986706]
[59.35025431215763, 42.55872216820717, 0.19088208838365972]
[58.977364346385, 42.96413914859295, 0.1914443792484235]
[58.584712848067284, 43.36291380226612, 0.1918141749338247]
[58.17026309669018, 43.75672949850559, 0.192286819772562]
[57.732711136341095, 44.145585998892784, 0.19267602590844035]
[57.27137805521488, 44.526083037257195, 0.19232576389913447]
[56.78676135838032, 44.8945367783308, 0.19227033515198855]
[56.282591968774796, 45.251014709472656, 0.19327517272904515]
[55.76053214073181, 45.59797215461731, 0.19424133480060846]
[55.216140419244766, 45.93819923698902, 0.1944725733192172]
[54.64264219999313, 46.27347432076931, 0.19413773037376814]
[54.046042650938034, 46.59656439721584, 0.19291121209971607]
[53.42974931001663, 46.90448547899723, 0.19174458098132163]
[52.795636504888535, 47.19438135623932, 0.19068710162537172]
[52.144433438777924, 47.4635566174984, 0.18966166587779298]
[51.47774159908295, 47.70943894982338, 0.18909070119843818]
[50.800261825323105, 47.93449328839779, 0.18966702820034698]
[50.1150486767292, 48.14034793525934, 0.19008209979801904]
[49.42167440056801, 48.32676392048597, 0.1900185871454596]
[48.71805542707443, 48.49320211261511, 0.1899389328864345]
[48.006226897239685, 48.63843934983015, 0.18984507833374664]
[47.287156879901886, 48.76165681704879, 0.18967108548531542]
[46.56175062060356, 48.86132399737835, 0.18933578762516845]
[45.830562978982925, 48.935253728181124, 0.18890114570967853]
[45.09544280171394, 48.98591080866754, 0.1893161045445595]
[44.35895794630051, 49.01564078126103, 0.1896509729049285]
[43.621292412281036, 49.02415972703602, 0.1893995340942638]
[42.88236665725708, 49.01114898175001, 0.1892382247133355]
[42.14180800318718, 48.97652526199818, 0.1893643961957423]
[41.399297684431076, 48.91979171521962, 0.1894757875452342]
[40.65483400225639, 48.839380607008934, 0.1893740108134807]
[39.90829133987427, 48.73384812474251, 0.189378471011878]
[39.160791754722595, 48.606626227498055, 0.18998104930506088]
[38.41096672415733, 48.45714885741472, 0.19031286290555727]
[37.6581914126873, 48.2843823581934, 0.19038723069706975]
[36.904461443424225, 48.088035099208355, 0.19029165038955398]
[36.15079918503761, 47.86783090978861, 0.1901909189982689]
[35.398267924785614, 47.62314656376839, 0.19001084192132112]
[34.647808879613876, 47.35289165377617, 0.18985707566025667]
[33.899712651968, 47.05923053622246, 0.19012815932364902]
[33.15431493520737, 46.74185888469219, 0.19023768969782395]
[32.411705672740936, 46.401079297065735, 0.19028858945603133]
[31.672516733407974, 46.03658698499203, 0.19027615499362582]
[30.937270402908325, 45.64878551661968, 0.1903714284853777]
[30.206778973340988, 45.23739390075207, 0.19027836222812766]
[29.48161205649376, 44.80285716056824, 0.19028077496113838]
[28.762260496616364, 44.346061915159225, 0.19041406631367863]
[28.049040764570236, 43.867159739136696, 0.19037409988231957]
[27.342462837696075, 43.366136848926544, 0.19036842384230113]
[26.642588257789612, 42.84340223670006, 0.19041348647442646]
[25.949667274951935, 42.298842161893845, 0.19049061089208408]
[25.26417714357376, 41.73202860355377, 0.19051877459060051]
[24.58581042289734, 41.14383152127266, 0.19069185022817692]
[23.91478842496872, 40.53404739499092, 0.19085349127999507]
[23.251308858394623, 39.90246391296387, 0.1909752945357468]
[22.59542402625084, 39.24893367290497, 0.19113119750545593]
[21.94709539413452, 38.573360562324524, 0.19141291262349114]
[21.3063482940197, 37.87530851364136, 0.19166679987392854]
[20.673173367977142, 37.15439730882645, 0.19194834573136177]
[20.047392070293427, 36.410129964351654, 0.19228606739488896]
[19.428694546222687, 35.641855508089066, 0.19266143182176165]
[18.816731303930283, 34.84862506389618, 0.193009655631613]
[18.211035132408142, 34.029294312000275, 0.19344861457648221]
[17.611101388931274, 33.18256804347038, 0.19396284196409397]
[17.016333907842636, 32.30708783864975, 0.19445676857139915]
[16.42649081349373, 31.401288509368896, 0.19495023682247847]
[15.841603398323059, 30.463728666305542, 0.1953906470153015]
[15.261302530765533, 29.493390798568726, 0.19581449263205286]
[14.685407757759094, 28.488980531692505, 0.1960900167323416]
[14.113835573196411, 27.449771225452423, 0.19655278525897302]
[13.546990692615509, 26.375597596168518, 0.19700731358898338]
[12.985344618558884, 25.266937136650085, 0.197373114497168]
[12.428980976343155, 24.12415498495102, 0.19768070193822496]
[11.878047049045563, 22.94732677936554, 0.19802096966304816]
[11.335936337709427, 21.74380600452423, 0.19729069690220058]
[10.80375811457634, 20.51957458257675, 0.19615382462507114]
[10.278302401304245, 19.270178020000458, 0.1961319533729693]
[9.758267372846603, 17.99540114402771, 0.1966276251769159]
[9.240375250577927, 16.690360724925995, 0.1976851201034151]
[8.719484359025955, 15.344328939914703, 0.1993093667551875]
[8.196755737066269, 13.959828674793243, 0.2003558340948075]
[7.673552423715591, 12.540927946567535, 0.2012016805820167]
[7.151200622320175, 11.090735614299774, 0.20161271300457884]
[6.63448241353035, 9.621706187725067, 0.20023018377833068]
[6.1345507353544235, 8.163053393363953, 0.19565036590211093]
[5.654497593641281, 6.7285454869270325, 0.1897918253671378]
[5.190177768468857, 5.3061240911483765, 0.18698441958986223]
[4.742410436272621, 3.8984113931655884, 0.18747203829116188]
[4.316783905029297, 2.5212027430534363, 0.18713124870555475]
[3.9050783962011337, 1.1549838185310364, 0.18485094443894923]
[3.527995079755783, -0.14346861839294434, 0.18266674311598763]
[3.181292951107025, -1.3967665433883667, 0.1847133251139894]
[2.8558918833732605, -2.6344507336616516, 0.1869504448841326]
[2.546667754650116, -3.8554956912994385, 0.18772163047106005]
[2.2503434121608734, -5.050221383571625, 0.18853373313322663]
[1.962278589606285, -6.216254472732544, 0.18952168626128696]
[1.677493840456009, -7.3536752462387085, 0.19057153194444254]
[1.3921985477209091, -8.4591423869133, 0.1916263474849984]
[1.1042641997337341, -9.529431879520416, 0.19204541192448232]
[0.8125254511833191, -10.566216826438904, 0.19184841567766853]
[0.5130462944507599, -11.586516737937927, 0.19181083899457008]
[0.21116885542869568, -12.58403018116951, 0.19101458063232712]
[-0.0876089483499527, -13.557665020227432, 0.19018209510250017]
[-0.37536782026290894, -14.499933302402496, 0.18871030147420242]
[-0.6447321027517319, -15.398825466632843, 0.1860237093642354]
[-0.8941853418946266, -16.25840437412262, 0.184197700524237]
[-1.1256213635206223, -17.092867642641068, 0.18412897425878327]
[-1.339931920170784, -17.912365525960922, 0.18426034129515756]
[-1.5326219201087952, -18.70982077717781, 0.18464324492379092]
[-1.7044538408517838, -19.49522352218628, 0.18569271397427656]
[-1.8558423072099686, -20.276004821062088, 0.1865309707063716]
[-1.9860570505261421, -21.053595542907715, 0.18685543097672053]
[-2.0934189073741436, -21.827019810676575, 0.18682660766353365]
[-2.1765571162104607, -22.59483802318573, 0.1866871871679905]
[-2.234553413465619, -23.355210036039352, 0.1865163746115286]
[-2.267010809853673, -24.107050836086273, 0.18633156100986525]
[-2.2723091508378275, -24.84903508424759, 0.18594990401470568]
[-2.252993338741362, -25.579471111297607, 0.18608036296791397]
[-2.2090478911995888, -26.29740223288536, 0.18594377792760497]
[-2.1402889378368855, -27.00206232070923, 0.18564494921884034]
[-2.046950727701187, -27.693003237247467, 0.18561218015747727]
[-1.9294495582580566, -28.369567900896072, 0.18576572673555347]
[-1.7877575159072876, -29.03145757317543, 0.18589293268451001]
[-1.6229975000023842, -29.67822352051735, 0.18611368817801122]
[-1.4344880804419518, -30.309837728738785, 0.18608963148471958]
[-1.2235822603106499, -30.926008373498917, 0.18634330147324363]
[-0.9902718365192413, -31.52669447660446, 0.18651946017780574]
[-0.735380157828331, -32.11132529377937, 0.1866825644756318]
[-0.4591071158647537, -32.679409474134445, 0.18673160450271098]
[-0.16102862358093262, -33.23324114084244, 0.18725881873979233]
[0.16073431074619293, -33.77543851733208, 0.18789271131390706]
[0.5042247474193573, -34.303980857133865, 0.18841860227985308]
[0.8685915619134903, -34.81759628653526, 0.18877178934053518]
[1.2517842054367065, -35.315008625388145, 0.18906267860438675]
[1.6523474901914597, -35.795291379094124, 0.18910141972514793]
[2.067699134349823, -36.25690150260925, 0.18898665549932048]
[2.4929095655679703, -36.6948517113924, 0.1882040952623356]
[2.9262828528881073, -37.110833674669266, 0.1880584037207882]
[3.3685659170150757, -37.50730277597904, 0.18852289093774743]
[3.8206067234277725, -37.88676239550114, 0.18926154036307707]
[4.2845184206962585, -38.25213600695133, 0.1900482575292699]
[4.762232676148415, -38.60548087954521, 0.19075737413368188]
[5.256326928734779, -38.948371678590775, 0.19134527156711556]
[5.769091337919235, -39.28152313828468, 0.19184971289359964]
[6.3022783398628235, -39.60513137280941, 0.1923104481829796]
[6.856713175773621, -39.91970981657505, 0.19271809291967656]
[7.432892054319382, -40.224984526634216, 0.1929321304342011]
[8.031275391578674, -40.5200759768486, 0.19286590398587578]
[8.651565283536911, -40.80394633114338, 0.19274784607659967]
[9.293131023645401, -41.07575844228268, 0.19266661155415932]
[9.954814970493317, -41.33346499502659, 0.19255892620276427]
[10.63412219285965, -41.574399292469025, 0.19242101870804618]
[11.327140390872955, -41.79975610971451, 0.19274737749947235]
[12.033059179782867, -42.009275414049625, 0.19278960023984837]
[12.752532869577408, -42.20318968594074, 0.19262101662025088]
[13.486458569765091, -42.381396628916264, 0.192353514910792]
[14.23487040400505, -42.54353481531143, 0.1921375673264265]
[15.000056475400925, -42.689512841403484, 0.19214701594319195]
[15.782590985298157, -42.8183911703527, 0.19230482396960724]
[16.582462638616562, -42.93137688934803, 0.19278004684019834]
[17.399995863437653, -43.0280880369246, 0.1930247426207643]
[18.235620319843292, -43.10833893716335, 0.1932543093134882]
[19.08973041176796, -43.17178134433925, 0.19337374404494767]
[19.962323635816574, -43.21802471391857, 0.19344715408078628]
[20.85284823179245, -43.2468694569543, 0.1934747195628006]
[21.76014569401741, -43.25848885066807, 0.19368098184349947]
[22.682925164699554, -43.25296623725444, 0.19412675994681194]
[23.6212777197361, -43.23064771480858, 0.19475662495824508]
[24.57748395204544, -43.19197258166969, 0.1955254418135155]
[25.555119454860687, -43.137433391064405, 0.19630389771191403]
[26.557790219783783, -43.0670881383121, 0.19695526562281884]
[27.58853906393051, -42.98068784177303, 0.19755921233445406]
[28.64794385433197, -42.878347374498844, 0.1980047233082587]
[29.724061727523804, -42.762356624007225, 0.1972891606274061]
[30.82238656282425, -42.634934313595295, 0.19747027425910346]
[31.945018470287323, -42.49772608280182, 0.1982606711681001]
[33.091395139694214, -42.3534028083086, 0.1988916191039607]
[34.26233798265457, -42.20439287275076, 0.1996118870738428]
[35.47023010253906, -42.0512011423707, 0.20152779202908278]
[36.716332256793976, -41.895145893096924, 0.20301409717649221]
[37.99747383594513, -41.738075375556946, 0.2040361059771385]
[39.312700033187866, -41.58110739290714, 0.20482715239631943]
[40.66314661502838, -41.424661584198475, 0.20540508281555958]
[42.050418972969055, -41.26877438277006, 0.2057903985696612]
[43.47573119401932, -41.11318350583315, 0.20588439960010874]
[44.93942314386368, -40.95771482586861, 0.20580946604604833]
[46.44080251455307, -40.802070669829845, 0.2055663753853878]
[47.978128254413605, -40.645579129457474, 0.20503821605234407]
[49.549194633960724, -40.48733816295862, 0.20448199735255912]
[51.15155291557312, -40.32558198273182, 0.20385914359940216]
[52.783181726932526, -40.158302523195744, 0.2031459414283745]
[54.442837953567505, -39.983079589903355, 0.20243592307087965]
[56.129942417144775, -39.79726077616215, 0.20170031260931864]
[57.84421169757843, -39.59863582998514, 0.2011241146537941]
[59.585238218307495, -39.38547693938017, 0.20062589042936452]
[61.35239815711975, -39.15705919265747, 0.20026784458605107]
[63.14583367109299, -38.91320461779833, 0.20032489130971953]
[64.96925711631775, -38.6539391875267, 0.20108613627962768]
[66.81595158576965, -38.38103975355625, 0.20112684370178613]
[68.68486899137497, -38.09699301421642, 0.20106405795377214]
[70.5752820968628, -37.80353835225105, 0.2009756327897776]
[72.48692589998245, -37.50325174629688, 0.200850154094951]
[74.42339164018631, -37.19700516760349, 0.20139679228304885]
[76.38491529226303, -36.885755598545074, 0.20181744389992673]
[78.37202721834183, -36.5700860619545, 0.20208281777013326]
[80.38510537147522, -36.25005576014519, 0.20215222707702196]
[82.42433595657349, -35.925544276833534, 0.2021968280969304]
[84.48940765857697, -35.595753237605095, 0.2021041962216259]
[86.57993388175964, -35.26051829755306, 0.20208101204025297]
[88.69513988494873, -34.91966199874878, 0.20200785414272104]
[90.8343346118927, -34.57339723408222, 0.20198810269721434]
[92.99690330028534, -34.221863493323326, 0.20197788102586856]
[95.18254280090332, -33.86524084210396, 0.2019743503913105]
[97.39121913909912, -33.50356428325176, 0.20193229734286433]
[99.6229647397995, -33.136719450354576, 0.201859872588102]
[101.87777853012085, -32.764337584376335, 0.2016523892089026]
[104.15553879737854, -32.38564129173756, 0.20140777043707203]
[106.45597672462463, -31.99829624593258, 0.20101631035504397]
[108.77851831912994, -31.60040007531643, 0.20055197220062837]
[111.1221934556961, -31.189540147781372, 0.2000209960679058]
[113.48584306240082, -30.76388743519783, 0.1995836323912954]
[115.868288397789, -30.322287365794182, 0.1993102257983992]
[118.26854825019836, -29.864596098661423, 0.19926958917903903]
[120.68607342243195, -29.39171765744686, 0.19951180943462532]
[123.12080836296082, -28.905355289578438, 0.19999447977170348]
[125.57278120517731, -28.4074904024601, 0.2003876102535287]
[128.04244935512543, -27.900017142295837, 0.20088609715458006]
[130.53040826320648, -27.38436332345009, 0.20126870213425718]
[133.03702104091644, -26.861209511756897, 0.20150254509644583]
[135.5613715648651, -26.330972641706467, 0.2016419778137788]
[138.09854912757874, -25.79443711042404, 0.2011845560045913]
[140.64871263504028, -25.251412600278854, 0.20072627904301044]
[143.2123554944992, -24.699705243110657, 0.2002885204856284]
