[5.001407703413861, 6.215613957727328, 0.42116971069481224]
[5.001026791433105, 6.212024492910132, 0.42120265257835854]
[5.000965356422057, 6.208856761455536, 0.421752383117564]
[5.001165693902294, 6.2064264247892424, 0.42204790838150075]
[5.000968113105046, 6.1985827959142625, 0.4235290614888072]
[5.001381723966915, 6.177013415843248, 0.42788712051697075]
[5.001537106902106, 6.122624889016151, 0.43461233121342957]
[5.001613673637621, 6.015286777168512, 0.4359211587579921]
[5.006587570533156, 5.856703490018845, 0.4354560715146363]
[5.010258629452437, 5.660904690623283, 0.43512177577940747]
[5.01567145017907, 5.443919837474823, 0.43495880614500493]
[5.021245608571917, 5.2157259956002235, 0.4344971456739586]
[5.027137192664668, 4.981455072760582, 0.4344742965331534]
[5.032463074894622, 4.743485309183598, 0.4344729281583568]
[5.037030125735328, 4.502724729478359, 0.4346376435642014]
[5.040838950197212, 4.258869327604771, 0.434628307215462]
[5.043676968780346, 4.010239139199257, 0.434620400366839]
[5.0450877826078795, 3.7536536753177643, 0.43463401022017933]
[5.044727251777658, 3.4841968715190887, 0.4347510805018828]
[5.042522794334218, 3.194800317287445, 0.4345706493186299]
[5.037084162933752, 2.8780051320791245, 0.4342839124437887]
[5.027890347875655, 2.5293318927288055, 0.43365931313019246]
[5.013548734597862, 2.1502539664506912, 0.4329729808232514]
[4.993809613399208, 1.7471302598714828, 0.4324198641406838]
[4.967403792776167, 1.3276135176420212, 0.43196071111015044]
[4.934411995112896, 0.8979010581970215, 0.4318027576300665]
[4.893804030492902, 0.4620652347803116, 0.4316244300134713]
[4.845211235806346, 0.022198423743247986, 0.43148690558518865]
[4.788267349824309, -0.4208431988954544, 0.431403861812214]
[4.722381342202425, -0.867230236530304, 0.43142761792842066]
[4.646935615688562, -1.3188606947660446, 0.431417841475195]
[4.560820002108812, -1.780583381652832, 0.4313889142431435]
[4.460690386593342, -2.262117400765419, 0.43139751852208974]
[4.341386541724205, -2.779442638158798, 0.4316810482123401]
[4.196304425597191, -3.3499656915664673, 0.4318787015458838]
[4.020631313323975, -3.981993168592453, 0.4316694223525701]
[3.813634216785431, -4.669957637786865, 0.43182304606671096]
[3.5784959122538567, -5.400588542222977, 0.4317050321260467]
[3.3182181119918823, -6.161581933498383, 0.4317333395501919]
[3.035255879163742, -6.946508049964905, 0.43177640894282376]
[2.7309956550598145, -7.753555417060852, 0.43177966247458244]
[2.4082383066415787, -8.5808145403862, 0.43191144028969575]
[2.0725819021463394, -9.4222272336483, 0.43185747762254323]
[1.7306881546974182, -10.270825684070587, 0.4316247178649064]
[1.3887170851230621, -11.12173143029213, 0.43122932067490183]
[1.0527288168668747, -11.970320969820023, 0.43100329879598576]
[0.7285223752260208, -12.80979934334755, 0.4309628358023474]
[0.42097628116607666, -13.63027349114418, 0.43052911266568117]
[0.1513396054506302, -14.374082326889038, 0.42623691679909825]
[-0.08923441171646118, -15.059717029333115, 0.4338301960378885]
[-0.3216991052031517, -15.734339624643326, 0.4351638405350968]
[-0.5364684909582138, -16.407670348882675, 0.42659735796041787]
[-0.7215889394283295, -17.08524751663208, 0.43376076803542674]
[-0.8923338502645493, -17.766367405653, 0.4305570880242158]
[-1.0538437590003014, -18.457999914884567, 0.4320170564969885]
[-1.2090523391962051, -19.16733628511429, 0.4310827614099253]
[-1.353597268462181, -19.897559314966202, 0.4315820768242702]
[-1.4789684638381004, -20.644404411315918, 0.4314555367163848]
[-1.5811146721243858, -21.40085756778717, 0.4314744974253699]
[-1.6616044342517853, -22.161328494548798, 0.430795778229367]
[-1.7223525140434504, -22.921489596366882, 0.43064412328385515]
[-1.7634197622537613, -23.67608278989792, 0.43070675170747563]
[-1.7796948994509876, -24.41761875152588, 0.43060940806753933]
[-1.7675009910017252, -25.136491388082504, 0.43069738140911795]
[-1.7314645797014236, -25.81794461607933, 0.4304053097439464]
[-1.6779956426471472, -26.448908299207687, 0.430341489813145]
[-1.6113701984286308, -27.052724093198776, 0.4305268568059546]
[-1.5316164791584015, -27.63594415783882, 0.4305667964508757]
[-1.4365589246153831, -28.2029587328434, 0.4304331007733708]
[-1.320681631565094, -28.755187451839447, 0.4306114394621545]
[-1.1828741356730461, -29.294312208890915, 0.43099102412816137]
[-1.026299588382244, -29.823760718107224, 0.43072625709464774]
[-0.8536371067166328, -30.3483407497406, 0.43117555977187294]
[-0.6661215797066689, -30.872101604938507, 0.4308460894935706]
[-0.46109283715486526, -31.395754039287567, 0.4312354721769225]
[-0.23583756387233734, -31.91673657298088, 0.4308014376729261]
[0.011255167424678802, -32.43125241994858, 0.4309815453016199]
[0.27852150797843933, -32.93723723292351, 0.4310956380213611]
[0.5633457899093628, -33.43383711576462, 0.43039796806988306]
[0.8649952262639999, -33.919279307127, 0.4307784884585999]
[1.1826033890247345, -34.39156232774258, 0.43047883688450383]
[1.5165431648492813, -34.84801296889782, 0.43066102566808695]
[1.8658724874258041, -35.28781479597092, 0.43092200526734814]
[2.2292311936616898, -35.712476760149, 0.4305395659612259]
[2.6069560945034027, -36.124143585562706, 0.4308210499002598]
[3.00106318295002, -36.52595788240433, 0.43114134785719216]
[3.417493999004364, -36.92147180438042, 0.4310667118988931]
[3.866878241300583, -37.3171948492527, 0.4316146586788818]
[4.361615061759949, -37.7219113111496, 0.4314984900265699]
[4.909571409225464, -38.13842551410198, 0.4316255377198104]
[5.508192241191864, -38.56204104423523, 0.43143301630334463]
[6.148767560720444, -38.983830243349075, 0.4313235111985705]
[6.821709841489792, -39.39503327012062, 0.43124817428179085]
[7.519651800394058, -39.78899469971657, 0.4311907268129289]
[8.238543063402176, -40.16030502319336, 0.43113616809569066]
[8.97609668970108, -40.5063032656908, 0.4311329299453064]
[9.731521278619766, -40.82684542238712, 0.43121796682680724]
[10.506203353404999, -41.12367279827595, 0.43149810093746055]
[11.304427027702332, -41.400149777531624, 0.4314484813839954]
[12.134332150220871, -41.65855549275875, 0.431743694076431]
[13.004997789859772, -41.89982391893864, 0.4318740121088922]
[13.921889990568161, -42.12264045327902, 0.43188833123713266]
[14.883587807416916, -42.3248106688261, 0.4318261667249317]
[15.883257985115051, -42.504142075777054, 0.4317670316522708]
[16.91265958547592, -42.65853364765644, 0.43168614957085083]
[17.964999973773956, -42.78611743450165, 0.43164710082578495]
[19.03612893819809, -42.88547398522496, 0.4316560420704718]
[20.124790608882904, -42.95615725964308, 0.4317361068133323]
[21.232859551906586, -42.998493913561106, 0.4318450578211923]
[22.365486085414886, -43.01348430896178, 0.43196155452460516]
[23.530285954475403, -43.001936291344464, 0.4321117255531135]
[24.734295070171356, -42.9641479421407, 0.43221149731471087]
[25.979885160923004, -42.90037554129958, 0.43226327842967294]
[27.263536036014557, -42.81189966201782, 0.43224069352800143]
[28.57823097705841, -42.70136312395334, 0.4321900691429619]
[29.91688847541809, -42.572195805609226, 0.4322171284165961]
[31.27471923828125, -42.42854108661413, 0.43222469870852365]
[32.648986995220184, -42.27462135255337, 0.4323383290793572]
[34.03758841753006, -42.11431437730789, 0.43237096061238844]
[35.43945848941803, -41.95083674043417, 0.4324039079449449]
[36.85484331846237, -41.78645617514849, 0.4324005925845995]
[38.28600537776947, -41.62259824573994, 0.4324567527473846]
[39.73963242769241, -41.45957328379154, 0.43254591951154]
[41.227881610393524, -41.29636775702238, 0.432704686652869]
[42.76469552516937, -41.13151794672012, 0.4328812027015374]
[44.35759258270264, -40.96412394195795, 0.4328650124534761]
[46.00276130437851, -40.79477866739035, 0.4327735491315252]
[47.68820708990097, -40.624482229352, 0.4326663571737299]
[49.40130573511124, -40.45348550379276, 0.4325792890699631]
[51.13257575035095, -40.281174048781395, 0.43249246204049996]
[52.875607907772064, -40.1058257445693, 0.4324497601519397]
[54.62537878751755, -39.92452131956816, 0.43238851730893657]
[56.377172350883484, -39.733608052134514, 0.43226355523074744]
[58.12642276287079, -39.53035669028759, 0.432109709319775]
[59.86851912736893, -39.314190194010735, 0.4320146071331692]
[61.598312973976135, -39.086400263011456, 0.43198101342568407]
[63.31018424034119, -38.849471643567085, 0.4318576243458665]
[64.99913853406906, -38.606359258294106, 0.4317822620832885]
[66.66145646572113, -38.36002816259861, 0.4317849579365429]
[68.27523976564407, -38.11569541692734, 0.4305066671804525]
[69.82893943786621, -37.87682783603668, 0.43148256617132574]
[71.35348516702652, -37.640509732067585, 0.4325968676712364]
[72.85430353879929, -37.405804730951786, 0.43106563776382245]
[74.33137154579163, -37.17157832533121, 0.43222662595235306]
[75.78392833471298, -36.93840043246746, 0.4314377556547697]
[77.21184629201889, -36.70730485767126, 0.43164115204126574]
[78.61476743221283, -36.479729160666466, 0.4315419886015661]
[79.98818343877792, -36.257346890866756, 0.43104726291494444]
[81.32106614112854, -36.04217080771923, 0.43156125204404816]
[82.62363785505295, -35.83216381072998, 0.4315280302835163]
[83.8970655798912, -35.62679375708103, 0.43124786198313814]
[85.14058595895767, -35.42605099081993, 0.43160574985358835]
[86.3547368645668, -35.22954814881086, 0.4312058957366389]
[87.53946423530579, -35.03730511665344, 0.4314569536218187]
[88.69514799118042, -34.84935932606459, 0.4312090286766761]
[89.82123851776123, -34.66592896729708, 0.4313085146495723]
[90.9180543422699, -34.4870827421546, 0.43117590658948757]
[91.98580980300903, -34.31286418437958, 0.43118412006879225]
[93.02350878715515, -34.14351835846901, 0.4310966559496592]
[94.03210312128067, -33.978857189416885, 0.4310956338986216]
[95.01154750585556, -33.81889025866985, 0.4309713381153415]
[95.96109202504158, -33.66369193792343, 0.43094974862651725]
[96.8807825744152, -33.51329626888037, 0.4308856986626779]
[97.77175578474998, -33.36759100109339, 0.43085442012124986]
[98.63330641388893, -33.22669452428818, 0.4307706711588253]
[99.4643906056881, -33.09078559279442, 0.4307394207580728]
[100.2660014629364, -32.95952204614878, 0.43069763172570674]
[101.03898739814758, -32.83290544897318, 0.4306381127116765]
[101.78250071406364, -32.71114972606301, 0.4305878011145978]
[102.49455603957176, -32.59462171047926, 0.4306041336785711]
[103.17695713043213, -32.48295186087489, 0.430538793472806]
[103.8305194079876, -32.37609304860234, 0.43047149954145425]
[104.45602357387543, -32.27405195683241, 0.4304267760744551]
[105.0509435236454, -32.177002258598804, 0.43025673373631435]
[105.6121038198471, -32.08547832816839, 0.4303844894384383]
[106.14267340302467, -31.998721607029438, 0.43027924806665396]
[106.64352713525295, -31.91673668846488, 0.4304108034266392]
[107.11650559306145, -31.839364636689425, 0.43055816162814153]
[107.56211605668068, -31.766817577183247, 0.4309451053268276]
[107.97006018459797, -31.700462128967047, 0.4311652523756493]
[108.31994187831879, -31.64337819069624, 0.43309515295550227]
[108.62657728791237, -31.593453599140048, 0.4330461904173717]
[108.8863850235939, -31.551262693479657, 0.43411846045637503]
[109.11109022051096, -31.513954482972622, 0.4339824268827215]
[109.3009791597724, -31.482893247157335, 0.434518581838347]
[109.46341697871685, -31.456434139981866, 0.4342562983802054]
[109.60070948302746, -31.43377805314958, 0.4344943866963149]
[109.71477975323796, -31.415127023123205, 0.43454559860401787]
[109.80781362578273, -31.399961709976196, 0.4343184131575981]
[109.88211996108294, -31.38769363099709, 0.4342535872274311]
[109.94041103310883, -31.37774778995663, 0.4347470596403582]
[109.98623824119568, -31.37166532734409, 0.4351287512399722]
[110.02177875302732, -31.364447780884802, 0.43498411029577255]
[110.05069712270051, -31.360426098457538, 0.4351543321099598]
[110.07488427590579, -31.357530002715066, 0.4356605694629252]
[110.09594877343625, -31.35279222240206, 0.4351775071991142]
[110.11647807061672, -31.350527532980777, 0.4349772020650562]
[110.13567852415144, -31.346067904727533, 0.43572798030800186]
[110.15351064223796, -31.34394355857512, 0.4350089945801301]
[110.16767033189535, -31.342304377118126, 0.43512314492545556]
[110.17506245034747, -31.34062145050848, 0.4353211355628446]
[110.17703622436966, -31.340704845977598, 0.43510238121962175]
[110.17531334550586, -31.3407512818776, 0.4352367846586276]
[110.17295569181442, -31.34131975992932, 0.43517121065815445]
[110.1758004212752, -31.340659651643364, 0.4356758460344281]
[110.19668078795075, -31.337198404828086, 0.43592992647108986]
[110.26194036006927, -31.32644466869533, 0.4357959268963896]
[110.3989587277174, -31.304706909693778, 0.43565262691117823]
[110.60971568524837, -31.270860746502876, 0.435364825068973]
[110.87022188305855, -31.229157434776425, 0.434576715080766]
[111.15479689836502, -31.183400051668286, 0.4339864544090233]
[111.44889952242374, -31.13644305244088, 0.4336937696716632]
[111.74560323357582, -31.088942090049386, 0.4336786097778713]
[112.04136838018894, -31.041453270241618, 0.4337175360051333]
[112.33425916731358, -30.994216853752732, 0.4339068379649689]
[112.62373419106007, -30.94720841385424, 0.43393269371608767]
[112.91079117357731, -30.900355834513903, 0.4339479079717421]
[113.19775721430779, -30.85321377404034, 0.4340519514371408]
[113.48834873735905, -30.8050584346056, 0.4341726132261101]
[113.78935672342777, -30.75469703041017, 0.43428089549524884]
[114.11376194655895, -30.699738766998053, 0.4340856909257127]
[114.4801045358181, -30.6368818692863, 0.4334109712217469]
[114.90147364139557, -30.563702445477247, 0.43194046209100634]
[115.37490989267826, -30.480507027357817, 0.43134537788137095]
[115.88591772317886, -30.389415755867958, 0.4313268988917116]
[116.42003750801086, -30.293142035603523, 0.43105689898948185]
[116.96832662820816, -30.193082120269537, 0.4310894631926203]
[117.52699828147888, -30.089770514518023, 0.43113803186497535]
[118.09656956791878, -29.9829805418849, 0.43127161650409107]
[118.68273365497589, -29.871653519570827, 0.43143678831256693]
[119.29947683215141, -29.753114379942417, 0.4315631868666969]
[119.96972915530205, -29.62265046685934, 0.4318062754464336]
[120.71409013867378, -29.475894793868065, 0.4320393288435298]
[121.53570839762688, -29.31151805073023, 0.4320023638247221]
[122.42049846053123, -29.13252667337656, 0.43187794178265904]
[123.34958854317665, -28.94294199347496, 0.43183958137524314]
[124.30903339385986, -28.74564680457115, 0.43182005584822036]
[125.29107344150543, -28.542260840535164, 0.43188822868614807]
[126.29267680644989, -28.33347738534212, 0.4319552136148559]
[127.31500041484833, -28.11927841603756, 0.43205575980391586]
[128.36330616474152, -27.89886685460806, 0.43215604756915127]
[129.44732856750488, -27.670448318123817, 0.4322622449035407]
[130.5794420838356, -27.431494362652302, 0.43240108510508435]
[131.768017411232, -27.180313780903816, 0.43253185340290656]
[133.01203417778015, -26.917186483740807, 0.4324767990037799]
[134.3026783466339, -26.64396956562996, 0.4323898007205571]
[135.6291076540947, -26.363043159246445, 0.4323203953481425]
[136.9831042289734, -26.076278194785118, 0.4323338544445505]
[138.36070930957794, -25.784879714250565, 0.43240469778174884]
[139.76210927963257, -25.48910130560398, 0.43248568757553585]
[141.1913394331932, -25.188275083899498, 0.43257384552271105]
[142.65519499778748, -24.880888536572456, 0.4326384273081203]
[144.1606012582779, -24.56517767906189, 0.43275176029783324]
[145.71084469556808, -24.23945114016533, 0.43277120399216074]
[147.30341881513596, -23.90271493792534, 0.43269851127115544]
[148.93155300617218, -23.55438956618309, 0.43263901830505347]
[150.58741211891174, -23.194180965423584, 0.4325893526561231]
[152.2646484375, -22.82147216796875, 0.43255535778553167]
[153.95934516191483, -22.43569464981556, 0.4325589425625367]
[155.67012238502502, -22.03622743487358, 0.43259292973243646]
[157.39786672592163, -21.622634574770927, 0.43268626528879395]
[159.14546078443527, -21.194640040397644, 0.43276235382290906]
[160.91740304231644, -20.75201477110386, 0.43284222283546114]
[162.71884983778, -20.294679298996925, 0.432904607438104]
[164.55248481035233, -19.823180690407753, 0.43298625267561874]
[166.41720086336136, -19.33904168009758, 0.43292136781383306]
[168.30894875526428, -18.844625934958458, 0.43287259924181853]
[170.22314715385437, -18.342667311429977, 0.4328563816889073]
[172.15662932395935, -17.83529695868492, 0.43284818948814063]
[174.10793846845627, -17.323480993509293, 0.4328724463339313]
[176.07727253437042, -16.8071446120739, 0.43294440990393923]
[178.06645894050598, -16.28532502055168, 0.43303066264343215]
[180.0788952112198, -15.756859004497528, 0.4331054707099611]
[182.11867344379425, -15.220611542463303, 0.4331595962312349]
[184.1889841556549, -14.675949424505234, 0.43322267743315024]
[186.290629029274, -14.12272909283638, 0.4332625668066612]
[188.42167735099792, -13.561279088258743, 0.43323701827875993]
[190.57834005355835, -12.992382884025574, 0.4331470090255607]
[192.75697708129883, -12.416903495788574, 0.43314647676743334]
[194.95462894439697, -11.835744887590408, 0.43313307135395007]
[197.1696776151657, -11.249356895685196, 0.4331639956199069]
[199.40176379680634, -10.657916963100433, 0.43321618620029767]
[201.65200889110565, -10.06166723370552, 0.4332731509930454]
[203.9228264093399, -9.460908234119415, 0.4333553614706034]
[206.21697890758514, -8.855118602514267, 0.43340031935258594]
[208.53621113300323, -8.242758184671402, 0.4334461293210552]
[210.88073754310608, -7.622437983751297, 0.43346783938068256]
[213.2494683265686, -6.994104474782944, 0.4335194988107105]
[215.6407722234726, -6.359299331903458, 0.4334726606093682]
[218.05246543884277, -5.719783455133438, 0.43350867286062567]
[220.4821662902832, -5.075744032859802, 0.4334647139626213]
[222.92775106430054, -4.425966590642929, 0.4334347219570418]
[225.38763892650604, -3.768178552389145, 0.4334260344185168]
[227.86094915866852, -3.0995948016643524, 0.4334223808182287]
[230.34758746623993, -2.4178723990917206, 0.43349293306710024]
[232.84772849082947, -1.722296804189682, 0.4335629650595365]
[235.3616180419922, -1.0141903460025787, 0.4335998223796196]
[237.8895606994629, -0.29636114835739136, 0.43363901072370936]
[240.43195402622223, 0.42832592129707336, 0.43363346264959546]
[242.98942804336548, 1.1578214168548584, 0.4336192296525496]
[245.5622320175171, 1.890834391117096, 0.4336914244613581]
[248.1491403579712, 2.626317948102951, 0.43368790886779607]
[250.74670362472534, 3.3633656203746796, 0.43360134064823797]
[253.35004150867462, 4.101637631654739, 0.4334558143236791]
[255.9542953968048, 4.841487467288971, 0.4332939005944354]
[258.555010676384, 5.583076000213623, 0.43314015160649433]
[261.1477438211441, 6.325647920370102, 0.433132100632065]
[263.7277058362961, 7.06712806224823, 0.4331355934154999]
[266.2879704236984, 7.803863197565079, 0.4330883139600701]
[268.7732071876526, 8.519120007753372, 0.4287052338477224]
[271.1360238790512, 9.203021317720413, 0.43387411534786224]
[273.46712815761566, 9.8844054043293, 0.4435099479742348]
[275.7747006416321, 10.564517676830292, 0.42999543249607086]
[278.0700196027756, 11.22711780667305, 0.4342774455435574]
[280.3544090986252, 11.869973808526993, 0.43113710451871157]
[282.62572860717773, 12.506554275751114, 0.4332966395886615]
[284.8769005537033, 13.156882852315903, 0.43185862625250593]
[287.1005458831787, 13.835096687078476, 0.43293993128463626]
[289.29113006591797, 14.544879049062729, 0.4318004057276994]
[291.44388473033905, 15.282302230596542, 0.4328157951240428]
[293.5631340742111, 16.016543179750443, 0.43223594420123845]
[295.6014379262924, 16.703112810850143, 0.4308782560401596]
[297.58214569091797, 17.341746240854263, 0.43395894090645015]
[299.54198783636093, 17.949212223291397, 0.43208358681295067]
[301.4849873781204, 18.527174025774002, 0.43283511383924633]
[303.4103681445122, 19.086130142211914, 0.431718937586993]
[305.3123471736908, 19.644410878419876, 0.432092516522971]
[307.1818091273308, 20.222032099962234, 0.4317744170257356]
[309.0114777684212, 20.82715755701065, 0.43187343393219635]
[310.80006009340286, 21.457477271556854, 0.43168927076112595]
[312.5518391728401, 22.10652831196785, 0.4320564379740972]
[314.2739946246147, 22.76293432712555, 0.43189127098594327]
[315.97551733255386, 23.412073135375977, 0.4323134556179866]
[317.66346925497055, 24.04337513446808, 0.43230144724657293]
[319.3390609025955, 24.656650185585022, 0.4322111305882572]
[320.9933468103409, 25.257924735546112, 0.43165382559527643]
[322.5596801638603, 25.83639308810234, 0.4269096255302429]
[324.0588007569313, 26.406773656606674, 0.4363730698823929]
[325.53475695848465, 26.984248757362366, 0.43757318146526814]
[326.98378270864487, 27.578693985939026, 0.42605788819491863]
[328.4010829925537, 28.197721153497696, 0.43461721227504313]
[329.79726642370224, 28.813690960407257, 0.43080358259612694]
[331.17954206466675, 29.413662254810333, 0.4323932278348366]
[332.55011397600174, 29.997089385986328, 0.43145433490280993]
[333.9054026007652, 30.57111781835556, 0.4322550229917397]
[335.2379416823387, 31.148005187511444, 0.4307827674492728]
[336.53959715366364, 31.740349382162094, 0.43186035114194965]
[337.806723177433, 32.35223522782326, 0.43116404890315607]
[339.04072684049606, 32.98357620835304, 0.43132975422940945]
[340.24695271253586, 33.63142314553261, 0.4313903728398145]
[341.4309384226799, 34.29316285252571, 0.4314576368124108]
[342.6002188324928, 34.962806195020676, 0.4319192846887745]
[343.76030147075653, 35.637088030576706, 0.4320457721587445]
[344.91064178943634, 36.31969192624092, 0.4316693306900561]
[346.0470747947693, 37.01578766107559, 0.431418632317218]
[347.16515350341797, 37.727432668209076, 0.4314382176817162]
[348.26049530506134, 38.453990787267685, 0.43146005164999224]
[349.3293033838272, 39.19163888692856, 0.4315474377654027]
[350.36985570192337, 39.93205040693283, 0.4314118663460249]
[351.3761015832424, 40.66311967372894, 0.43013058020733297]
[352.3087122142315, 41.35204875469208, 0.43039287196006626]
[353.2064520120621, 42.02683725953102, 0.43151172615762334]
[354.07733553647995, 42.69443294405937, 0.4306609914347064]
[354.92200645804405, 43.356038719415665, 0.4311842227471061]
[355.74119305610657, 44.011385172605515, 0.43096200332547596]
[356.5355434715748, 44.658906042575836, 0.4312409449921688]
[357.3061002790928, 45.29623553156853, 0.43099068218725733]
[358.05417907238007, 45.92016750574112, 0.43103957938365056]
[358.78038492798805, 46.52761375904083, 0.4308873504596704]
[359.48017102479935, 47.113134771585464, 0.4304805483552627]
[360.1486032605171, 47.672538965940475, 0.43087393237510696]
[360.79375636577606, 48.21262177824974, 0.4306991724006366]
[361.4172828197479, 48.734208196401596, 0.43072825889248634]
[362.0198722779751, 49.2369664311409, 0.43063875936786644]
[362.600446164608, 49.71994252502918, 0.4305699279611872]
[363.15741533041, 50.181988418102264, 0.4305588814181647]
[363.6913474202156, 50.62350432574749, 0.43057205350305594]
[364.20410311222076, 51.046297177672386, 0.4305025095018209]
[364.69552709162235, 51.44998161494732, 0.4304850182161317]
[365.16124427318573, 51.83130972087383, 0.43018113073776476]
[365.6007681041956, 52.1900926977396, 0.4304667673277436]
[366.01811806857586, 52.53035591542721, 0.4302653084159829]
[366.4137286692858, 52.85144644975662, 0.43036211179423844]
[366.7881324291229, 53.15446078777313, 0.4304942929156823]
[367.1415229290724, 53.43905074894428, 0.43093361519277096]
[367.4560759961605, 53.692285507917404, 0.43120796070434153]
[367.7271099984646, 53.909589037299156, 0.43331368146755267]
[367.9650536775589, 54.101841293275356, 0.43318681011442095]
[368.1712328493595, 54.26711219549179, 0.434069792740047]
[368.3497173115611, 54.41117811948061, 0.4341533223632723]
[368.5043430030346, 54.534880604594946, 0.43428410502383485]
[368.63717555999756, 54.641334030777216, 0.4344846491876524]
[368.7491192035377, 54.73109578713775, 0.4342680838672095]
[368.84119061008096, 54.804842207580805, 0.4341580552281812]
[368.91514985635877, 54.86406306922436, 0.4343902910268298]
[368.9728818628937, 54.910388892516494, 0.4339232470956631]
[369.0178276989609, 54.944520520977676, 0.43500484427204356]
[369.0502643575892, 54.972176182083786, 0.43484151893062517]
[369.0772069944069, 54.99045685399324, 0.4354494148574304]
[369.0960734067485, 55.007153074257076, 0.4350971750100143]
[369.1126147666946, 55.01944578718394, 0.4354456722503528]
[369.12827231222764, 55.03205438749865, 0.43449525847972836]
[369.1430753618479, 55.0439468016848, 0.4360379482677672]
[369.159649387002, 55.05474334023893, 0.4349779332114849]
[369.1756012570113, 55.069256314542145, 0.43534125917358324]
[369.1923109041527, 55.08097121771425, 0.43600788721232675]
[369.2063807807863, 55.09353225165978, 0.4344937502173707]
[369.2190874218941, 55.10285958275199, 0.43523836496751755]
[369.22738663991913, 55.1092477159109, 0.43556002760306]
[369.23392913653515, 55.114103245548904, 0.43556161658489145]
[369.2436177940108, 55.121314296498895, 0.4352048177534016]
[369.26130362134427, 55.13492016866803, 0.4348009472814738]
[369.2966665774584, 55.163758860901, 0.43646620769868605]
[369.3720398209989, 55.21940068528056, 0.43468634103192016]
[369.4976450577378, 55.31755996122956, 0.4359106234915089]
[369.6730047762394, 55.450818940997124, 0.4354240474640392]
[369.8787231594324, 55.608172334730625, 0.4344621407217346]
[370.0999436825514, 55.77729617059231, 0.4338175569428131]
[370.3279034346342, 55.95158252120018, 0.4336422922788188]
[370.5580118596554, 56.12774135172367, 0.43392041514016455]
[370.78739415854216, 56.30444046854973, 0.4341400491539389]
[371.01482785493135, 56.480806551873684, 0.4342416952131316]
[371.2399829700589, 56.656936787068844, 0.4340937921515433]
[371.4634187668562, 56.833795107901096, 0.4339656535667018]
[371.68669879436493, 57.01300662755966, 0.43400778574869037]
[371.9126738756895, 57.19700814038515, 0.4341984188213246]
[372.1459602341056, 57.39026299118996, 0.4343790979073674]
[372.39398899674416, 57.60095004737377, 0.43424715944274794]
[372.6657631993294, 57.83797086030245, 0.4335366716841236]
[372.9641853570938, 58.10805840790272, 0.43242659978568554]
[373.2851150780916, 58.40970207750797, 0.4315193052752875]
[373.6198722720146, 58.736565724015236, 0.43120920566434506]
[373.9593618810177, 59.08240520954132, 0.4310419784669648]
[374.2971287071705, 59.442664459347725, 0.430880387997604]
[374.62922245264053, 59.81492120027542, 0.4307733709429158]
[374.95207057893276, 60.1988185942173, 0.4310076226538513]
[375.2636620402336, 60.5953224748373, 0.43087520006884006]
[375.5645045787096, 61.00681422650814, 0.4308582049488905]
[375.858344823122, 61.439999774098396, 0.431081422594616]
[376.1520898491144, 61.90814018249512, 0.43126631986524444]
[376.4489806294441, 62.423674046993256, 0.4316544411412906]
[376.7435270398855, 62.98417949676514, 0.4314111777348444]
[377.0266145914793, 63.575644969940186, 0.4311679445381742]
[377.29404482245445, 64.18428772687912, 0.4307156564609613]
[377.5424310415983, 64.80187448859215, 0.4306712633224379]
[377.7664487808943, 65.42198807001114, 0.4306871364424296]
[377.9580040127039, 66.0367098748684, 0.43044169011409394]
[378.11259662359953, 66.63505244255066, 0.43053740114555694]
[378.2296634092927, 67.17946702241898, 0.429863739234861]
[378.3190032839775, 67.68172124028206, 0.4313781135715544]
[378.3939314559102, 68.16414278745651, 0.4303501036192756]
[378.45480366423726, 68.6325289607048, 0.4309591316996375]
[378.5002080909908, 69.09090173244476, 0.4305839781300165]
[378.52401262987405, 69.54149186611176, 0.4314108816033695]
[378.5249833583366, 69.98589846491814, 0.43157296630670317]
[378.5079839900136, 70.4273852109909, 0.4317937323648948]
[378.48067309428006, 70.87146055698395, 0.4316323194288998]
[378.4427516832948, 71.32281111180782, 0.4314102391072083]
[378.391439659521, 71.78334476053715, 0.4313740946527105]
[378.32297240942717, 72.25245982408524, 0.4311957194877323]
[378.2347405254841, 72.72873365879059, 0.4313917211984517]
[378.1281331628561, 73.21168422698975, 0.43110661507671466]
[378.0033157542348, 73.7003061324358, 0.4310784871049691]
[377.85977797955275, 74.19308543205261, 0.4309804118538523]
[377.6955140531063, 74.68760189414024, 0.4309528577650781]
[377.50920433551073, 75.18260243535042, 0.43099747167434543]
[377.2994128540158, 75.6778609007597, 0.4310468471958302]
[377.0653731673956, 76.17461141943932, 0.43080644792644307]
[376.80521290004253, 76.67365668714046, 0.43112199670576956]
[376.51659268140793, 77.17445313930511, 0.43127200548769906]
[376.19831912219524, 77.6754877269268, 0.4310418291570386]
[375.8499349653721, 78.17446218430996, 0.43102598113182466]
[375.4718388915062, 78.66922248899937, 0.4311215204943437]
[375.0646854490042, 79.15716178715229, 0.43108679932629457]
[374.62867648899555, 79.63462314009666, 0.43105029601065326]
[374.164225846529, 80.0982305854559, 0.43108329375172616]
[373.6722814589739, 80.54591597616673, 0.43096340551710455]
[373.1535530090332, 80.97654642164707, 0.43109085411379056]
[372.60813865065575, 81.38948464393616, 0.43113230435028527]
[372.03535041213036, 81.7841877490282, 0.4311028099837131]
[371.4342121183872, 82.16027741134167, 0.4311227052603499]
[370.80341896414757, 82.51721920073032, 0.43126657827906456]
[370.14222356677055, 82.85458718240261, 0.4313601261965232]
[369.4510567486286, 83.17151765525341, 0.43134713546169223]
[368.73147904872894, 83.46621595323086, 0.43128525406064]
[367.9862023293972, 83.73708462715149, 0.43138297927362146]
[367.2186677157879, 83.98233796656132, 0.4311880041495897]
[366.432260453701, 84.20085099339485, 0.4313029150453076]
[365.62994703650475, 84.39259606599808, 0.4312573191964475]
[364.81368601322174, 84.55777802318335, 0.4312440308276564]
[363.984695404768, 84.69765482842922, 0.43136894068447873]
[363.14295786619186, 84.81305139139295, 0.4313373722397955]
[362.2872695028782, 84.90548739954829, 0.4315759795426857]
[361.4149323105812, 84.9756846986711, 0.43151655902329367]
[360.5218902528286, 85.02430186793208, 0.43177021146402694]
[359.60328301787376, 85.05147185083479, 0.4318333738428919]
[358.65474048256874, 85.05734160073916, 0.43192486957559595]
[357.6740654408932, 85.04184861294925, 0.4319462013154407]
[356.661857008934, 85.0050433371216, 0.4319572199046888]
[355.6208050251007, 84.94732909277081, 0.4319665656266807]
[354.5542886853218, 84.8698638305068, 0.43196474001069873]
[353.4667219519615, 84.77421689778566, 0.43195206380914897]
[352.36249738931656, 84.66224601492286, 0.43197200504619104]
[351.24407202005386, 84.53586053848267, 0.43198049213424383]
[350.11157113313675, 84.39683900773525, 0.43200777278684654]
[348.9627403020859, 84.24705912172794, 0.4321388820389984]
[347.7909523844719, 84.08824115991592, 0.43224198291864013]
[346.58322608470917, 83.92123916000128, 0.43240413341118256]
[345.32377088069916, 83.74623811990023, 0.43262514198431745]
[344.0031982064247, 83.56392622739077, 0.4326643800495731]
[342.62482661008835, 83.37587052583694, 0.4326331651718647]
[341.2009037733078, 83.18396769464016, 0.43246602897852426]
[339.74442732334137, 82.98908416926861, 0.4323632086488942]
[338.2642876505852, 82.7912045121193, 0.4323522422755559]
[336.7644914984703, 82.58927046507597, 0.43240240089835424]
[335.2448332309723, 82.38130018115044, 0.4324788550147787]
[333.70136511325836, 82.16458385437727, 0.43257554221054306]
[332.12712144851685, 81.93612667918205, 0.432644291438919]
[330.51450103521347, 81.69353434443474, 0.4327424802540918]
[328.8593598008156, 81.4357617199421, 0.43280521269116434]
[327.1637197136879, 81.16353964805603, 0.4328116676706486]
[325.434273481369, 80.87893898785114, 0.43273486425164265]
[323.6789333820343, 80.58417159318924, 0.43267492519044026]
[321.9039697051048, 80.28142938017845, 0.4326204903936741]
[320.1131979227066, 79.97247821092606, 0.43263059037781204]
[318.3076322674751, 79.6586094647646, 0.4327763278706698]
[316.4856211543083, 79.34044294059277, 0.43274030416068854]
[314.6429253220558, 79.01787140965462, 0.4328969899943331]
[312.77390629053116, 78.68996599316597, 0.4329677893911139]
[310.8734128475189, 78.35584761202335, 0.4330027485757455]
[308.93915766477585, 78.01549038290977, 0.4330325211158197]
[306.9719444513321, 77.66983702778816, 0.43304701204738194]
[304.9747772216797, 77.32017500698566, 0.4329768853604037]
[302.95183050632477, 76.9670321047306, 0.4329653436998342]
[300.90698623657227, 76.60931704938412, 0.4329400890292163]
[298.8430576324463, 76.24429728090763, 0.4329250929022237]
[296.7614530324936, 75.86809611320496, 0.4329251293838752]
[294.6620754003525, 75.47649970650673, 0.4329445795774518]
[292.543420791626, 75.06596033275127, 0.43298490239612875]
[290.4028595685959, 74.63437263667583, 0.43299962777018663]
[288.23784124851227, 74.18124496936798, 0.4331493126737769]
[286.04673874378204, 73.70712895691395, 0.4331714910822484]
[283.8298772573471, 73.21426013112068, 0.43323122539004544]
[281.58906686306, 72.70589649677277, 0.43319200202768116]
[279.3267413377762, 72.18581900000572, 0.43320046586995886]
[277.0452311038971, 71.65714311599731, 0.43320149662213225]
[274.74627804756165, 71.1215580701828, 0.4332203716621734]
[272.4308693408966, 70.57940018177032, 0.4332661685621133]
[270.0989043712616, 70.03035110235214, 0.43330688358764746]
[267.7492526769638, 69.4740317761898, 0.43337870920368005]
[265.37996888160706, 68.91007626056671, 0.43347847228869796]
[262.9890352487564, 68.3372572362423, 0.43343341087665976]
[260.57620322704315, 67.75416812300682, 0.4334921786103223]
[258.14417493343353, 67.15816709399223, 0.43343492721396615]
[255.6985639333725, 66.5466178059578, 0.43329547553730663]
[253.24607276916504, 65.91666626930237, 0.43318701992029673]
[250.7926343679428, 65.26553091406822, 0.4330143063561991]
[248.34283125400543, 64.59150713682175, 0.4329147831922455]
[245.89944624900818, 63.89506232738495, 0.43288861153268954]
[243.4631645679474, 63.17960035800934, 0.4329970822418545]
[241.0327535867691, 62.45070323348045, 0.43300037591325236]
[238.6059901714325, 61.71405208110809, 0.4331326897990948]
[236.18135285377502, 60.973262935876846, 0.43312149392841093]
[233.75901329517365, 60.22882089018822, 0.4331052576962975]
[231.34065318107605, 59.47855645418167, 0.43300188202556456]
[228.92885720729828, 58.71908286213875, 0.43293305689985573]
[226.52656769752502, 57.94699293375015, 0.4328131570291589]
[224.13689064979553, 57.15966844558716, 0.4327958420108189]
[221.76270043849945, 56.35595950484276, 0.43274132280566846]
[219.4059671163559, 55.536848813295364, 0.4327898234805616]
[217.06710624694824, 54.70543098449707, 0.4327265600886676]
[214.74474668502808, 53.8663105070591, 0.43277173225578736]
[212.4359519481659, 53.02457335591316, 0.43286926284781657]
[210.13724875450134, 52.1840900182724, 0.43296614939754363]
[207.84479212760925, 51.346816688776016, 0.43296346921033546]
[205.55538094043732, 50.51182818412781, 0.43297931157940184]
[203.26648473739624, 49.67552840709686, 0.43317120293795597]
[200.9747486114502, 48.83419784903526, 0.4332832989784947]
[198.67417168617249, 47.98379126191139, 0.43357433690835023]
[196.3556363582611, 47.12290561199188, 0.4337512184283696]
[194.01152861118317, 46.251036405563354, 0.4338302292962908]
[191.64092481136322, 45.36955064535141, 0.4337228039003094]
[189.24946439266205, 44.48147678375244, 0.4334731530252611]
[186.84438931941986, 43.58998444676399, 0.43333045883628074]
[184.43185544013977, 42.695937275886536, 0.4331966085519525]
[182.01755738258362, 41.79640397429466, 0.4330936214682879]
[179.60698807239532, 40.88625881075859, 0.43297179473302094]
[177.2041211128235, 39.96181359887123, 0.4329421487491345]
[174.81046152114868, 39.022979736328125, 0.432985933344753]
[172.4246895313263, 38.07296034693718, 0.43300870507471245]
[170.04348587989807, 37.115996927022934, 0.43316452513681725]
[167.66295158863068, 36.154795318841934, 0.4332544858298206]
[165.27911806106567, 35.18895414471626, 0.4334644017944811]
[162.88717830181122, 34.215806901454926, 0.43364091640978586]
[160.48194980621338, 33.23298662900925, 0.43370366598719556]
[158.0609757900238, 32.2405606508255, 0.43381689525631373]
[155.62660145759583, 31.241160809993744, 0.43365072150481865]
[153.18429231643677, 30.237917065620422, 0.4334141682993504]
[150.73938119411469, 29.233210623264313, 0.4331704567739507]
[148.29625928401947, 28.227924942970276, 0.43304282989993226]
[145.86160719394684, 27.22121775150299, 0.4330728689128591]
[143.44751131534576, 26.21287590265274, 0.4329439054708928]
[141.1438831090927, 25.24106004834175, 0.4250081479549408]
[138.94611930847168, 24.30850476026535, 0.4350961069576442]
[136.77697241306305, 23.379140585660934, 0.4324936537304893]
[134.63673377037048, 22.438881069421768, 0.43390285316854715]
[132.52434849739075, 21.484314918518066, 0.43155363108962774]
[130.44189715385437, 20.513907879590988, 0.43219388549914584]
[128.39158141613007, 19.53427815437317, 0.4314584630774334]
[126.38594728708267, 18.560150027275085, 0.43012887495569885]
[124.45754235982895, 17.619908660650253, 0.4319216159856296]
[122.55782181024551, 16.697747349739075, 0.4323392740334384]
[120.67878359556198, 15.794884979724884, 0.43249145659501664]
[118.81973022222519, 14.908204168081284, 0.4325158174324315]
[116.98283123970032, 14.031707912683487, 0.432378633209737]
[115.1729628443718, 13.158504784107208, 0.4320585058612778]
[113.3981204032898, 12.28513252735138, 0.4313841497641988]
[111.67748636007309, 11.421540528535843, 0.4321083244867623]
[109.99886238574982, 10.569634586572647, 0.43176338517514523]
[108.35917329788208, 9.734241932630539, 0.43220073817064986]
[106.74715960025787, 8.91127622127533, 0.431959629728226]
[105.16132670640945, 8.10000091791153, 0.43202466471120715]
[103.59934270381927, 7.30275022983551, 0.4320627181150485]
[102.05722308158875, 6.522931456565857, 0.43200669027282856]
[100.53155690431595, 5.763724356889725, 0.4321166654917761]
[99.02171915769577, 5.025805443525314, 0.4320490236495971]
[97.53071397542953, 4.305981904268265, 0.43190900551599043]
[96.06494718790054, 3.5992611944675446, 0.43157044507097453]
[94.63438898324966, 2.9048552811145782, 0.4315585638032644]
[93.23318320512772, 2.2220391035079956, 0.4318662045552628]
[91.85578000545502, 1.5556491315364838, 0.43178691233333666]
[90.49985611438751, 0.9097470343112946, 0.43192333939805394]
[89.16423761844635, 0.2870039939880371, 0.4319378761865664]
[87.84975588321686, -0.30817165970802307, 0.43178162494587013]
[86.56398397684097, -0.8707383573055267, 0.43164006374718156]
[85.3043263554573, -1.4019020795822144, 0.43194750987458974]
[84.06523442268372, -1.9052776396274567, 0.43184861418558285]
[82.84507501125336, -2.3774156272411346, 0.43178782611357747]
[81.64187461137772, -2.8179969489574432, 0.4317885953641962]
[80.45863664150238, -3.229751169681549, 0.43140981171745807]
[79.33066129684448, -3.6135963052511215, 0.4292030166834593]
[78.25084030628204, -3.9886519014835358, 0.4322963471058756]
[77.19873440265656, -4.367054685950279, 0.4303001193329692]
[76.17574226856232, -4.752387270331383, 0.43157311307732016]
[75.18389603495598, -5.141060680150986, 0.4309013279271312]
[74.23890575766563, -5.520626291632652, 0.43048977880971506]
[73.33418110013008, -5.887432709336281, 0.43130015837959945]
[72.45153573155403, -6.245621487498283, 0.43096187578339595]
[71.58504924178123, -6.592339813709259, 0.4312956767389551]
[70.73052433133125, -6.925397917628288, 0.43127774975437205]
[69.8859498500824, -7.242950916290283, 0.43146965040796204]
[69.05105113983154, -7.543674364686012, 0.43117598645039834]
[68.2270250916481, -7.827304840087891, 0.43100756421335973]
[67.41668382287025, -8.094302013516426, 0.4310265473286563]
[66.62361332774162, -8.344521217048168, 0.4309995141584295]
[65.85133999586105, -8.577275104820728, 0.43083762844435114]
[65.10249984264374, -8.792333967983723, 0.4309440202487167]
[64.378193795681, -8.989562302827835, 0.4308845770501648]
[63.67784199118614, -9.16812465339899, 0.43088059430556314]
[62.999144554138184, -9.326574891805649, 0.4309891388784308]
[62.338938504457474, -9.463046051561832, 0.4308672313727584]
[61.693967789411545, -9.576438684016466, 0.43100434317966574]
[61.06123945116997, -9.667074963450432, 0.4309337386639527]
[60.437914937734604, -9.736314613372087, 0.43091958272998454]
[59.82178208231926, -9.78629213385284, 0.4309681515151169]
[59.211021929979324, -9.817829752340913, 0.4310276173710008]
[58.60438898205757, -9.832217005081475, 0.4311059750907589]
[58.00082439184189, -9.828514150809497, 0.43112209103128407]
[57.3997201025486, -9.80684209894389, 0.4310038914318284]
[56.80115368962288, -9.765562744811177, 0.4310874305811012]
[56.20618477463722, -9.704534564167261, 0.43117112637264654]
[55.61691638827324, -9.623189892619848, 0.43087283964268863]
[55.03583478927612, -9.522257342934608, 0.43115120855509304]
[54.466047048568726, -9.402054477483034, 0.4307291632867418]
[53.91105231642723, -9.262496292591095, 0.43100151564067346]
[53.37485775351524, -9.104630909860134, 0.43094196676975116]
[52.861447751522064, -8.929753452539444, 0.4306559798133094]
[52.37371176481247, -8.74031512439251, 0.43072336324257776]
[51.913156270980835, -8.539908088743687, 0.43083508078416344]
[51.47979527711868, -8.331765070557594, 0.4309064655099064]
[51.073064625263214, -8.116639778017998, 0.43126548807049403]
[50.69168947637081, -7.893865697085857, 0.43168413151579443]
[50.33372241258621, -7.6629364266991615, 0.4318184232834028]
[49.99640415608883, -7.423896424472332, 0.43217535834992304]
[49.678495451807976, -7.1762261018157005, 0.4322041820250888]
[49.38100753724575, -6.92031928896904, 0.4324400871992111]
[49.10598327219486, -6.6592758148908615, 0.4325956763786962]
[48.85674791038036, -6.400687038898468, 0.4330873572907876]
[48.66844244301319, -6.194720707833767, 0.43362091993913054]
[48.54762311279774, -6.041259057819843, 0.43615579698234797]
[48.44411715865135, -5.917843669652939, 0.4350005045416765]
[48.356765266507864, -5.817157253623009, 0.43429994967300445]
[48.27910538762808, -5.740747377276421, 0.4337363907834515]
[48.22676778770983, -5.685976415872574, 0.43479044211562723]
[48.20304627530277, -5.6418487168848515, 0.43395337590482086]
[48.18446536269039, -5.618895013816655, 0.43482821018551476]
[48.17982930393191, -5.609182779910043, 0.43606056045973673]
[48.18108180351555, -5.612404060317203, 0.4352919063385343]
[48.1889717313461, -5.62387343402952, 0.43482949753524736]
[48.199387721251696, -5.6401089848950505, 0.4343913445418366]
[48.207815430127084, -5.654177216347307, 0.43598257035773713]
[48.21409347769804, -5.664676936343312, 0.43561122214305215]
[48.21887019695714, -5.671526999445632, 0.4355690983356908]
[48.22210896247998, -5.677133270306513, 0.43477013863957836]
[48.22420240670908, -5.679922615177929, 0.4347492638225958]
[48.223644562996924, -5.6790129378205165, 0.43469460296910256]
[48.21983677148819, -5.673767723608762, 0.43478887651872355]
[48.213464617030695, -5.662939775269479, 0.4360597427585162]
[48.20100888423622, -5.642828513868153, 0.43603541483025765]
[48.17592343874276, -5.604563871398568, 0.43510675699508283]
[48.1337574981153, -5.537987090647221, 0.4360081854974851]
[48.07030901312828, -5.4345457553863525, 0.43496839309227653]
[47.98523272573948, -5.294359818100929, 0.4348378359572962]
[47.88518792018294, -5.124367490410805, 0.4349269267258933]
[47.77785912901163, -4.933781147003174, 0.43489394685821026]
[47.66721074283123, -4.731996603310108, 0.43474611442070454]
[47.55682775378227, -4.524215646088123, 0.434536589338677]
[47.449508901685476, -4.312394306063652, 0.4341127873340156]
[47.347247771918774, -4.096035532653332, 0.43430972343776375]
[47.25144275277853, -3.8745903074741364, 0.4342564973048866]
[47.161419335752726, -3.6463298574090004, 0.43467430204327684]
[47.076559983193874, -3.4087673649191856, 0.43452197559236083]
[46.99602074921131, -3.1570906788110733, 0.4346130247140536]
[46.91947939246893, -2.8847555816173553, 0.4341711258748546]
[46.8469314314425, -2.585253342986107, 0.4339494304731488]
[46.77892163395882, -2.25422503054142, 0.4334810203581583]
[46.717231415212154, -1.8930596560239792, 0.4330827205267269]
[46.6641384921968, -1.5070123374462128, 0.4326771280466346]
[46.62210853397846, -1.1030629575252533, 0.4323195494216634]
[46.59321742784232, -0.6867921650409698, 0.43202812184244976]
[46.57878468511626, -0.2618519067764282, 0.43178121457458474]
[46.580550846178085, 0.16990135610103607, 0.431844146700314]
[46.599007891491055, 0.6078702509403229, 0.43173443508931086]
[46.635056821629405, 1.0530395209789276, 0.431681491798372]
[46.68906080722809, 1.5090849101543427, 0.4315565848228289]
[46.76413568109274, 1.9840806275606155, 0.43144422399200266]
[46.86436954513192, 2.4916451275348663, 0.4313686374516692]
[46.99592021852732, 3.047022372484207, 0.4316293752344791]
[47.16544343531132, 3.6588104963302612, 0.4318892099208824]
[47.3749812990427, 4.323728233575821, 0.4316731088438246]
[47.623547956347466, 5.029752165079117, 0.43181724724945525]
[47.908908903598785, 5.764094740152359, 0.43167426563377376]
[48.231033369898796, 6.518090128898621, 0.4318276169042292]
[48.59222362935543, 7.288674920797348, 0.4318323990287354]
[48.99694773554802, 8.078274458646774, 0.4320226521740551]
[49.45188809931278, 8.89298290014267, 0.4322092951479135]
[49.96140518784523, 9.736212223768234, 0.4324535550622386]
[50.521805852651596, 10.599911272525787, 0.43242977956833784]
[51.121176689863205, 11.46785119175911, 0.4320873446704354]
[51.747307896614075, 12.3275266289711, 0.4316327763372101]
[52.391305297613144, 13.172921001911163, 0.4314887818891293]
[53.0450464785099, 13.998184263706207, 0.43158766078431654]
[53.69720721244812, 14.79296025633812, 0.43063940602587536]
[54.27923762798309, 15.481684893369675, 0.42781528015621006]
[54.83172196149826, 16.122625529766083, 0.43348435778170824]
[55.37509733438492, 16.74752026796341, 0.42970158148091286]
[55.902636259794235, 17.365595638751984, 0.430802054470405]
[56.413012981414795, 17.980563551187515, 0.43017303268425167]
[56.905172780156136, 18.5945982336998, 0.4309358839673223]
[57.379628106951714, 19.208293825387955, 0.4310062452714192]
[57.83822298049927, 19.821451276540756, 0.4313664141227491]
[58.2829417437315, 20.43351122736931, 0.43115528477937914]
[58.71383556723595, 21.045460760593414, 0.4309434149131448]
[59.12962594628334, 21.65863725543022, 0.43079258892976213]
[59.52801017463207, 22.274097055196762, 0.43074553764017764]
[59.90575830638409, 22.89270371198654, 0.43084036037907936]
[60.26029892265797, 23.5144924223423, 0.4308973640181648]
[60.5913652330637, 24.13848227262497, 0.43097441216377774]
[60.90007160604, 24.763480722904205, 0.43088914739200845]
[61.18750087916851, 25.38901862502098, 0.43080415142867423]
[61.453372567892075, 26.0147767663002, 0.4307896101636288]
[61.69598264992237, 26.640320420265198, 0.4306837331241695]
[61.91294261813164, 27.264843702316284, 0.43078221766336355]
[62.10411214083433, 27.886928111314774, 0.4307173705747118]
[62.270532831549644, 28.50529482960701, 0.4307844989552905]
[62.41471970081329, 29.119061768054962, 0.4306300059442947]
[62.53759386762977, 29.72793185710907, 0.43077777355210856]
[62.63956140726805, 30.331569850444794, 0.4306033534139715]
[62.719435922801495, 30.929449558258057, 0.4306837942713173]
[62.77659039758146, 31.52064138650894, 0.4307433254143689]
[62.81100544985384, 32.10411620140076, 0.43050651464727707]
[62.82287618587725, 32.67906680703163, 0.43072597178979777]
[62.81362673314288, 33.24483585357666, 0.43044338278559735]
[62.783289859071374, 33.8007698059082, 0.4305995069153141]
[62.732680559158325, 34.34621176123619, 0.4307999219163321]
[62.6624490916729, 34.88035073876381, 0.43019686854677275]
[62.57291464880109, 35.402377247810364, 0.43080250391358277]
[62.46557565405965, 35.91194695234299, 0.43046733549363125]
[62.3409154266119, 36.409179642796516, 0.43061401688464684]
[62.20027331262827, 36.895014479756355, 0.43086353241233155]
[62.0436190739274, 37.37057067453861, 0.43078789541687]
[61.87141886353493, 37.83777818083763, 0.43072437299997546]
[61.682354778051376, 38.29855668544769, 0.43095886768060154]
[61.47515784949064, 38.75648480653763, 0.4312257547280751]
[61.24511253833771, 39.21754586696625, 0.43129004909133073]
[60.98614510893822, 39.69232864677906, 0.43128547714150045]
[60.68957604467869, 40.19012504816055, 0.43168998762848787]
[60.35078862309456, 40.712951362133026, 0.43136619504366536]
[59.970796659588814, 41.253149300813675, 0.4313417053926969]
[59.55487045645714, 41.79961124062538, 0.43113721984627773]
[59.1073052585125, 42.34205427765846, 0.4310198216116987]
[58.63054032623768, 42.871965408325195, 0.4309834378946107]
[58.12685930728912, 43.38313168287277, 0.43092647890080116]
[57.59926185011864, 43.87220688164234, 0.43095145048027916]
[57.051202207803726, 44.3383012264967, 0.430930781762072]
[56.485643953084946, 44.78172342479229, 0.4309150009721634]
[55.90475779771805, 45.20301125943661, 0.4308190669325995]
[55.30962201952934, 45.60170955955982, 0.43095184840785805]
[54.700882852077484, 45.97614786028862, 0.43083582523831865]
[54.0795236825943, 46.32458259165287, 0.43080787966027856]
[53.44650739431381, 46.64625799655914, 0.43094043098244583]
[52.802980065345764, 46.94273762404919, 0.4309795904700877]
[52.149722665548325, 47.21709084510803, 0.43101263999415096]
[51.48651272058487, 47.471493408083916, 0.43122638219210785]
[50.81267246603966, 47.706704907119274, 0.4311437829674105]
[50.127049416303635, 47.92166870832443, 0.43125503504415974]
[49.42933741211891, 48.115179777145386, 0.4310820078244433]
[48.71960347890854, 48.28547330200672, 0.43128044164768653]
[47.99854865670204, 48.43213325738907, 0.4312255151021418]
[47.26684519648552, 48.55561004206538, 0.431312314229217]
[46.52529460191727, 48.65711500123143, 0.431278497002495]
[45.77482458949089, 48.736548606306314, 0.43131596117564186]
[45.016421020030975, 48.79349797964096, 0.43122773949471593]
[44.25103971362114, 48.82678767666221, 0.43124686956434743]
[43.47993189096451, 48.835474462248385, 0.4310669178958051]
[42.70424509048462, 48.81806264910847, 0.43125420858177677]
[41.924891114234924, 48.774663327261806, 0.4312147121599992]
[41.14230862259865, 48.705643728375435, 0.4313341731685796]
[40.35656777024269, 48.612241607159376, 0.43117254541721195]
[39.56780818104744, 48.494053438305855, 0.4313542797608534]
[38.77631205320358, 48.3507399559021, 0.4311782925360603]
[37.9829278588295, 48.18068788200617, 0.431345399334532]
[37.1884970664978, 47.98332282155752, 0.4312122451738105]
[36.39359441399574, 47.7580101788044, 0.43141353075407096]
[35.59818476438522, 47.50578497350216, 0.43137140045291744]
[34.802525013685226, 47.22669444978237, 0.43146572542309514]
[34.007039308547974, 46.92096105217934, 0.4313493284762444]
[33.21296173334122, 46.587915271520615, 0.4314552727737464]
[32.421607464551926, 46.22757138311863, 0.4314097000460606]
[31.634303838014603, 45.840004593133926, 0.43141370003286283]
[30.85193282365799, 45.425983875989914, 0.43149228299444076]
[30.075292229652405, 44.98603613674641, 0.43141054234001786]
[29.30504322052002, 44.520618975162506, 0.43148205398756545]
[28.54192343354225, 44.02993334829807, 0.43147868678352097]
[27.786590725183487, 43.51408678293228, 0.4314928302919725]
[27.039297342300415, 42.9732129573822, 0.431567635770989]
[26.29981705546379, 42.40742835402489, 0.4315807029197458]
[25.567591905593872, 41.81661331653595, 0.4316329640932963]
[24.842104583978653, 41.20005804300308, 0.4316930930581293]
[24.122605741024017, 40.55687728524208, 0.43178681706194766]
[23.40847384929657, 39.885773688554764, 0.43178820176399313]
[22.69902366399765, 39.18529370427132, 0.43183341313852]
[21.99342441558838, 38.45394164323807, 0.4318376963819901]
[21.291101157665253, 37.69010642170906, 0.431905573932454]
[20.591830849647522, 36.89225435256958, 0.43192403634611765]
[19.895648300647736, 36.05902898311615, 0.43195813503734826]
[19.202657222747803, 35.18934762477875, 0.43196860684474814]
[18.51314178109169, 34.28219157457352, 0.431996416186621]
[17.827855080366135, 33.3365903198719, 0.4320073138696898]
[17.14787122607231, 32.35161438584328, 0.4320405645194114]
[16.474134266376495, 31.326639771461487, 0.43206577551245573]
[15.80727630853653, 30.261435449123383, 0.43211802694895596]
[15.147913813591003, 29.156446278095245, 0.43213814454429667]
[14.496913194656372, 28.012433528900146, 0.43215531025452947]
[13.855817139148712, 26.831340312957764, 0.43216931688959903]
[13.226935058832169, 25.61744076013565, 0.4321539529155416]
[12.61728048324585, 24.387176275253296, 0.43239643838023767]
[12.02556198835373, 23.138839185237885, 0.43201211537234485]
[11.446303129196167, 21.862562775611877, 0.43247768544824794]
[10.87504243850708, 20.55443948507309, 0.4322330148279434]
[10.305569648742676, 19.206324338912964, 0.43228541634744033]
[9.732774287462234, 17.808177530765533, 0.43234694947022945]
[9.1553013920784, 16.35506522655487, 0.43267663178994553]
[8.576261460781097, 14.853748440742493, 0.43285104958340526]
[8.002277940511703, 13.322544276714325, 0.4325982243317412]
[7.439263820648193, 11.779067635536194, 0.4319532303197775]
[6.890845626592636, 10.234424412250519, 0.43157364110811614]
[6.36057910323143, 8.701732516288757, 0.4318022246006876]
[5.889672517776489, 7.319105863571167, 0.4237664158572443]
[5.466200888156891, 6.069108963012695, 0.4348995550535619]
[5.054504856467247, 4.843681752681732, 0.4309442300000228]
[4.662847086787224, 3.6332226395606995, 0.4326302749104798]
[4.292944133281708, 2.435615301132202, 0.4298543203622103]
[3.9454589188098907, 1.249433159828186, 0.4310595671122428]
[3.6177980303764343, 0.07524067163467407, 0.43052820849698037]
[3.310742437839508, -1.0862072110176086, 0.43148062680847943]
[3.01840503513813, -2.231542408466339, 0.43165115112788044]
[2.7358610332012177, -3.356866776943207, 0.43166163412388414]
[2.4613840728998184, -4.458631932735443, 0.4311706019216217]
[2.198044538497925, -5.521784961223602, 0.4298472839873284]
[1.9494870603084564, -6.5254915952682495, 0.4307286407420179]
[1.708071380853653, -7.501108378171921, 0.4306193775264546]
[1.4654844477772713, -8.450321525335312, 0.4314078706083819]
[1.217338502407074, -9.374715596437454, 0.43132433105347445]
[0.96201191842556, -10.27417129278183, 0.4314763187430799]
[0.7011930346488953, -11.14658796787262, 0.43111524424602976]
[0.44444842636585236, -11.97153091430664, 0.4292713935719803]
[0.20072529464960098, -12.742526262998581, 0.4309694877592847]
[-0.033266350626945496, -13.489200621843338, 0.43045638129115105]
[-0.2553592473268509, -14.215144962072372, 0.43112041032873094]
[-0.4656651169061661, -14.924257606267929, 0.4307864446527674]
[-0.6648439317941666, -15.621212095022202, 0.4309362279600464]
[-0.8536398559808731, -16.310687243938446, 0.4309149606669962]
[-1.0324706137180328, -16.9968179166317, 0.4311184051357486]
[-1.2015438973903656, -17.682871967554092, 0.43120719839498634]
[-1.3605190962553024, -18.37158340215683, 0.4313496549093543]
[-1.5086444020271301, -19.065150886774063, 0.43120989800809184]
[-1.6446644738316536, -19.764948070049286, 0.43130497526726685]
[-1.7661991454660892, -20.471261709928513, 0.4312811984491418]
[-1.87075724452734, -21.182888686656952, 0.4311515609078924]
[-1.956802535802126, -21.897540003061295, 0.4310606072322116]
[-2.023134421557188, -22.61258155107498, 0.43087240074237343]
[-2.069464635103941, -23.324784010648727, 0.4308630362575059]
[-2.0950939934700727, -24.030276268720627, 0.4307975290030299]
[-2.098993698717095, -24.724313020706177, 0.430780322625651]
[-2.081507094204426, -25.40202122926712, 0.43068304007465485]
[-2.0438761189579964, -26.05945074558258, 0.43068742302421015]
[-1.9883914794772863, -26.69446012377739, 0.4304387122101616]
[-1.915762435644865, -27.30633518099785, 0.4306064434349537]
[-1.8264177665114403, -27.895531594753265, 0.43042352539487183]
[-1.7189326025545597, -28.463443875312805, 0.4306129407923436]
[-1.5933253467082977, -29.012720346450806, 0.4303870004732744]
[-1.4483980387449265, -29.546232521533966, 0.4306188641612607]
[-1.2844100520014763, -30.06763619184494, 0.4308048375241924]
[-1.1015335619449615, -30.580752104520798, 0.43075393940671347]
[-0.9000425860285759, -31.090568900108337, 0.43130271817790344]
[-0.6787756010890007, -31.602315366268158, 0.4310565851337742]
[-0.4344984143972397, -32.11900395154953, 0.4316295648459345]
[-0.16532795131206512, -32.64061748981476, 0.43112121261401626]
[0.129369854927063, -33.16400930285454, 0.43115990003570914]
[0.447959840297699, -33.68545180559158, 0.43110906312358566]
[0.7889280170202255, -34.20092475414276, 0.4307917006954085]
[1.1512331664562225, -34.706663489341736, 0.43103017755493056]
[1.533463329076767, -35.200113743543625, 0.43081047710438725]
[1.9349179714918137, -35.679247096180916, 0.4309030115182395]
[2.354676231741905, -36.14367063343525, 0.43091741189709865]
[2.7923609018325806, -36.59389616549015, 0.43080757712596096]
[3.2492513209581375, -37.03041358292103, 0.43116875042323954]
[3.7273875772953033, -37.45526657998562, 0.4310075650919316]
[4.231470227241516, -37.870690330863, 0.4314957414753735]
[4.767265021800995, -38.28153036534786, 0.4314394152679597]
[5.341457486152649, -38.690223321318626, 0.431562230536656]
[5.956428021192551, -39.09641058743, 0.43154242998571135]
[6.609298586845398, -39.495558589696884, 0.431474308410543]
[7.293355852365494, -39.88192069530487, 0.4313564834083081]
[8.001650512218475, -40.25032199919224, 0.43121720340423053]
[8.72868025302887, -40.597502663731575, 0.4311534757143818]
[9.470542639493942, -40.92095202207565, 0.43102467554126633]
[10.224501848220825, -41.21930478513241, 0.4311427371430909]
[10.988678097724915, -41.49252116680145, 0.4310219797771424]
[11.762211203575134, -41.74146173149347, 0.4311836967099225]
[12.545355528593063, -41.96741412580013, 0.4312367601378355]
[13.339791476726532, -42.17170599102974, 0.43131072538380977]
[14.149613976478577, -42.355458080768585, 0.4316123363969382]
[14.982209742069244, -42.520830638706684, 0.431694249411521]
[15.848103314638138, -42.66881015151739, 0.43197275499551324]
[16.755989611148834, -42.79937396943569, 0.4319022289946588]
[17.7077654004097, -42.91094946116209, 0.43199057682613784]
[18.697890758514404, -43.00200802460313, 0.4318642397806798]
[19.717748522758484, -43.07139952480793, 0.4317456892968039]
[20.75951796770096, -43.118085427209735, 0.4316931024504811]
[21.818078935146332, -43.141215403564274, 0.4317093851009304]
[22.891309797763824, -43.140513450605795, 0.4317713081763941]
[23.978953003883362, -43.116616325452924, 0.43185137022737763]
[25.082154512405396, -43.07049025781453, 0.4319514943526883]
[26.203880608081818, -43.00308733806014, 0.4320063650538941]
[27.348835170269012, -42.91516410931945, 0.4321183044958161]
[28.52243083715439, -42.80774740874767, 0.43222291902202414]
[29.731589436531067, -42.682389698922634, 0.4323359557238291]
[30.98438459634781, -42.54115305840969, 0.43239415272546466]
[32.285967230796814, -42.38640096783638, 0.4325171570421844]
[33.635284423828125, -42.220837727189064, 0.4325161768902035]
[35.02627885341644, -42.04785879701376, 0.43252505047894374]
[36.45167565345764, -41.871002696454525, 0.4324877544622723]
[37.90606468915939, -41.69327538460493, 0.43246572590805954]
[39.38697534799576, -41.51685604453087, 0.4325149570067879]
[40.894847989082336, -41.34284369647503, 0.432582356706007]
[42.43253892660141, -41.17134667187929, 0.4326922890213609]
[44.004247546195984, -41.001932226121426, 0.4327693872510281]
[45.61391317844391, -40.833814918994904, 0.43279502368022804]
[47.262946128845215, -40.66621880978346, 0.4327786621579435]
[48.94929647445679, -40.49809070676565, 0.43277181008488697]
[50.66843205690384, -40.32786978036165, 0.43276437144959345]
[52.4152135848999, -40.15359324961901, 0.43270475240387896]
[54.18520212173462, -39.97252440452576, 0.43263918051110295]
[55.975312888622284, -39.78134661912918, 0.43262849739312514]
[57.78418815135956, -39.57670113444328, 0.43268424093184876]
[59.612816512584686, -39.355726942420006, 0.4326234778636717]
[61.463672041893005, -39.1165414750576, 0.43277327228861395]
[63.33983361721039, -38.85829997062683, 0.43283320866612485]
[65.24349844455719, -38.58202388882637, 0.43290608706956846]
[67.1749318242073, -38.290207132697105, 0.43289215506769096]
[69.13311451673508, -37.986176922917366, 0.4329141197285935]
[71.11647021770477, -37.67327816784382, 0.4328913815843407]
[73.12335205078125, -37.35414436459541, 0.4329638174476713]
[75.15249574184418, -37.03068372607231, 0.4330260891074431]
[77.20346927642822, -36.70410181581974, 0.43304575968068093]
[79.2767847776413, -36.37485910952091, 0.4330625327957023]
[81.3736959695816, -36.04250568151474, 0.43309983639755956]
[83.49573421478271, -35.70572416484356, 0.4331543445150601]
[85.64407479763031, -35.36305697262287, 0.43317107889743056]
[87.81926417350769, -35.013599291443825, 0.43324112176833296]
[90.0208842754364, -34.6573182195425, 0.43317414792363707]
[92.24793493747711, -34.29491409659386, 0.43318472030659905]
[94.49887096881866, -33.9274260699749, 0.43323572964800405]
[96.77209150791168, -33.55566357076168, 0.4332290094025666]
[99.06611955165863, -33.179772064089775, 0.4332446332264226]
[101.37996649742126, -32.799295753240585, 0.43323657885468947]
[103.71341180801392, -32.41375036537647, 0.4332859292139801]
[106.06697463989258, -32.02214752137661, 0.4333212452529551]
[108.44138979911804, -31.62233617901802, 0.43334204444681745]
[110.83688867092133, -31.210612565279007, 0.4333662690876281]
[113.25299561023712, -30.78309342265129, 0.4333379551553662]
[115.68870556354523, -30.335916757583618, 0.4333587943274324]
[118.14262449741364, -29.867923319339752, 0.43341771262930706]
[120.61352920532227, -29.380574494600296, 0.43339917586718]
[123.1006475687027, -28.87721112370491, 0.43345994985565994]
[125.60357511043549, -28.36216175556183, 0.43351670406991616]
[128.12242770195007, -27.839448273181915, 0.4335215251267073]
[130.65757811069489, -27.31172701716423, 0.43356750149905565]
[133.20862293243408, -26.77962225675583, 0.4335957631592464]
[135.7741311788559, -26.24218261241913, 0.43358743621138274]
[138.35249400138855, -25.698214918375015, 0.4335534926922264]
