[4.998434422785067, -0.008864812552928925, 0.18735433160327375]
[4.995099699124694, -0.026303790509700775, 0.18904617562657222]
[4.990915325586684, -0.04796687699854374, 0.18926818991894834]
[4.983895883895457, -0.07736945617944002, 0.1918831050861627]
[4.977604794548824, -0.11552154459059238, 0.1990035269409418]
[4.97178943362087, -0.1706672478467226, 0.2050783431623131]
[4.961126136127859, -0.24492159485816956, 0.20801228075288236]
[4.950347701087594, -0.33494558557868004, 0.20652228873223066]
[4.933718704152852, -0.44048065319657326, 0.20609354053158313]
[4.916271827183664, -0.5633948668837547, 0.2050285144287045]
[4.895797353237867, -0.7075163573026657, 0.20368602318922058]
[4.8707758616656065, -0.8732763379812241, 0.2021650014212355]
[4.840684425085783, -1.0608085319399834, 0.20131058193510398]
[4.805685380473733, -1.2690617069602013, 0.19982695521321148]
[4.76523376442492, -1.4971756860613823, 0.19940296989807393]
[4.718745086342096, -1.7442051321268082, 0.19923128609661944]
[4.665893483906984, -2.008733034133911, 0.19922840717026702]
[4.606114337220788, -2.2893785685300827, 0.19973603539983742]
[4.539499115198851, -2.5850147902965546, 0.20022163458634168]
[4.465975794941187, -2.893997684121132, 0.2000673612647006]
[4.385182369500399, -3.214333027601242, 0.20009164458315354]
[4.297201730310917, -3.544324353337288, 0.20009278234647354]
[4.201720144599676, -3.8841116577386856, 0.19991073475102894]
[4.09816151112318, -4.234427943825722, 0.19991379232305917]
[3.985552493482828, -4.596027910709381, 0.1999915759661235]
[3.863219901919365, -4.969827383756638, 0.19988762791035697]
[3.730801798403263, -5.356508329510689, 0.19980165899141866]
[3.587421402335167, -5.756741628050804, 0.19958383106768451]
[3.4326497241854668, -6.172140225768089, 0.19956297539829393]
[3.265577904880047, -6.6049569845199585, 0.1996538316452643]
[3.0850820913910866, -7.057879060506821, 0.20011606367188506]
[2.8904448822140694, -7.533812552690506, 0.20024487844239047]
[2.6811067536473274, -8.035744547843933, 0.20019210349892091]
[2.4565970450639725, -8.566228747367859, 0.2002794394866214]
[2.217873230576515, -9.125591367483139, 0.20057040217216127]
[1.9658826440572739, -9.714556843042374, 0.20134039333788678]
[1.7007250934839249, -10.336720764636993, 0.20227738728863187]
[1.4216859489679337, -10.997405350208282, 0.20297981571638957]
[1.1280417889356613, -11.701825052499771, 0.20358643025974743]
[0.820189580321312, -12.453149229288101, 0.20380132177160704]
[0.5046788305044174, -13.244629979133606, 0.202562176855281]
[0.19565406441688538, -14.05264201760292, 0.198160006897524]
[-0.09435819089412689, -14.855179816484451, 0.19147062371484935]
[-0.36500316858291626, -15.652195304632187, 0.18671750044450164]
[-0.6167082414031029, -16.444672465324402, 0.18519968489999883]
[-0.8491448685526848, -17.23321071267128, 0.18578388867899776]
[-1.0621061474084854, -18.018502235412598, 0.18692220881348476]
[-1.2549990937113762, -18.802062392234802, 0.18758086806337815]
[-1.4283731877803802, -19.59028297662735, 0.18727708980441093]
[-1.5819168165326118, -20.393241465091705, 0.18740742838417646]
[-1.7098400369286537, -21.19556498527527, 0.18622761114966124]
[-1.8101119585335255, -21.993194729089737, 0.18536584181129]
[-1.8824768476188183, -22.78338024020195, 0.18534769421967212]
[-1.9278294667601585, -23.56425753235817, 0.1860834005055949]
[-1.9462261800654233, -24.33513906598091, 0.1863046593789477]
[-1.937090509571135, -25.093653857707977, 0.1859472609430668]
[-1.9026191756129265, -25.837039351463318, 0.1853978610597551]
[-1.8429418168962002, -26.56439533829689, 0.1847316532221157]
[-1.7587421610951424, -27.27612814307213, 0.18489699630299583]
[-1.6509623154997826, -27.973205387592316, 0.18557532018166967]
[-1.5199104696512222, -28.655779361724854, 0.1859638312162133]
[-1.3666158840060234, -29.32392454147339, 0.186184341662738]
[-1.1912169754505157, -29.97769170999527, 0.18617120731687464]
[-0.9940209314227104, -30.617913961410522, 0.1862397556506039]
[-0.7748768180608749, -31.245356023311615, 0.1863794929308824]
[-0.5311817973852158, -31.864979594945908, 0.18574082833947614]
[-0.26312093436717987, -32.469707041978836, 0.18538182562042493]
[0.02953214943408966, -33.056649297475815, 0.18549159946269356]
[0.3440196216106415, -33.62319976091385, 0.18589495978085324]
[0.6794330477714539, -34.167718797922134, 0.1861685047770152]
[1.0326530635356903, -34.688925355672836, 0.18663446948630735]
[1.401981458067894, -35.18662767112255, 0.18709776271134615]
[1.7844393402338028, -35.66030815243721, 0.18726458596847806]
[2.17837718129158, -36.10990293323994, 0.18727144968124776]
[2.581402212381363, -36.53481297194958, 0.187210753254476]
[2.991502061486244, -36.93585787713528, 0.1874842963006813]
[3.4077430367469788, -37.31534264981747, 0.1882456845487468]
[3.831749379634857, -37.67718233168125, 0.1891668371972628]
[4.2648182809352875, -38.024162381887436, 0.1900790642539505]
[4.70940525829792, -38.358718916773796, 0.1906680183019489]
[5.1671790182590485, -38.68221418559551, 0.1912590307474602]
[5.640888765454292, -38.99563209712505, 0.19171735494455788]
[6.1329220831394196, -39.30058239400387, 0.19244422268820927]
[6.645713746547699, -39.599891766905785, 0.19353444245643914]
[7.18149721622467, -39.8929925262928, 0.19388576551136794]
[7.740765810012817, -40.1789111495018, 0.19396859387461518]
[8.323387205600739, -40.456681579351425, 0.1937431773840217]
[8.927970677614212, -40.72434376180172, 0.19343359715276165]
[9.550808191299438, -40.98005482554436, 0.19346018807846121]
[10.191308677196503, -41.221742771565914, 0.19383366833790205]
[10.85334399342537, -41.45158948749304, 0.194732939300593]
[11.535478740930557, -41.6698412001133, 0.1950780917031807]
[12.241602122783661, -41.87652671337128, 0.19490064929414075]
[12.974719434976578, -42.071526654064655, 0.19468830914411228]
[13.736821830272675, -42.25347047299147, 0.19468491089355666]
[14.527889996767044, -42.42076878994703, 0.1947949440072989]
[15.347349971532822, -42.57217191904783, 0.19481583575179684]
[16.194494426250458, -42.706754952669144, 0.19478791496203485]
[17.06792315840721, -42.823551800101995, 0.19467920308670728]
[17.965236604213715, -42.92122957110405, 0.1943628699373221]
[18.88286927342415, -42.99855498597026, 0.1941057684889529]
[19.819853246212006, -43.05581323057413, 0.19441850011935458]
[20.775709956884384, -43.09334600158036, 0.19495919256587513]
[21.75268879532814, -43.11135736340657, 0.19548974707140587]
[22.753762900829315, -43.11001365701668, 0.19594636528927367]
[23.78172880411148, -43.08902034256607, 0.1963387006544508]
[24.838206350803375, -43.048302847892046, 0.19683766091475263]
[25.924103319644928, -42.988197572529316, 0.19738751597469673]
[27.039845049381256, -42.90912605077028, 0.19784718258597422]
[28.184614777565002, -42.81213041767478, 0.19816202142828843]
[29.356290817260742, -42.69937252998352, 0.19866681935673114]
[30.55243694782257, -42.57343207299709, 0.19918217390659265]
[31.77165174484253, -42.4372181519866, 0.19985979853663594]
[33.014388501644135, -42.29334442317486, 0.2004845963383559]
[34.282685816287994, -42.144131273031235, 0.20115234845434316]
[35.57899159193039, -41.99116449058056, 0.20176284736953676]
[36.905283749103546, -41.835887745022774, 0.20233285415451974]
[38.25469094514847, -41.680279433727264, 0.20191027232795022]
[39.62171113491058, -41.52614752948284, 0.20064164968789555]
[41.010715663433075, -41.37307554483414, 0.20029896448977524]
[42.42219126224518, -41.22080750763416, 0.2004198348367936]
[43.86315906047821, -41.06840045005083, 0.20143348805140704]
[45.3441943526268, -40.91447730362415, 0.20275497634429485]
[46.861603140830994, -40.75920344889164, 0.20314837287878618]
[48.41026544570923, -40.60253243148327, 0.203195120961027]
[49.98618322610855, -40.44376726448536, 0.203397868819593]
[51.58822214603424, -40.28136248886585, 0.20346292845351854]
[53.21777164936066, -40.113101691007614, 0.20323492697207257]
[54.87681770324707, -39.93617606163025, 0.20257549776579253]
[56.566379845142365, -39.74784727394581, 0.2017764622287359]
[58.28630858659744, -39.545914098620415, 0.2011426618846599]
[60.035551369190216, -39.32880864292383, 0.20065358218562324]
[61.81238204240799, -39.09595639258623, 0.20032416119647678]
[63.61580973863602, -38.847910568118095, 0.2004412137903273]
[65.44823586940765, -38.58501295745373, 0.20106268419476692]
[67.3015147447586, -38.30935111641884, 0.20114245173044765]
[69.173488676548, -38.023580715060234, 0.2010808254544827]
[71.0639380812645, -37.72927778959274, 0.20109811139082012]
[72.97431057691574, -37.42844244837761, 0.201005439797882]
[74.91043639183044, -37.12149251997471, 0.20147444237954915]
[76.8715950846672, -36.80933789908886, 0.20167266237331205]
[78.8511872291565, -36.49403488636017, 0.20104242992238142]
[80.83846926689148, -36.17735530436039, 0.1991603662027046]
[82.82186859846115, -35.8608692586422, 0.19644727010745555]
[84.79657489061356, -35.54485549032688, 0.1942454927484505]
[86.76364070177078, -35.22888319194317, 0.1935825338732684]
[88.7237519621849, -34.91262049973011, 0.1940829649392981]
[90.67769944667816, -34.596033960580826, 0.19492790178628638]
[92.62373059988022, -34.279615715146065, 0.1955047391966218]
[94.54572319984436, -33.96616730093956, 0.1948492169030942]
[96.43669784069061, -33.65634539723396, 0.19344878883566707]
[98.3141450881958, -33.347137957811356, 0.19432831613812596]
[100.15814810991287, -33.04203374683857, 0.1926890667527914]
[101.95756590366364, -32.74244198203087, 0.19067314267158508]
[103.7244274020195, -32.446064829826355, 0.1900337431434309]
[105.46276438236237, -32.15203915536404, 0.19066547666443512]
[107.17234486341476, -31.859687954187393, 0.19155428401427343]
[108.85233551263809, -31.56814782321453, 0.19178051673952723]
[110.50175994634628, -31.27711422741413, 0.19139740252285264]
[112.12066680192947, -30.98598039150238, 0.19049295218428597]
[113.71007019281387, -30.6946392506361, 0.19013455909589538]
[115.28002262115479, -30.401330068707466, 0.19208486995194107]
[116.82443851232529, -30.109382838010788, 0.19190428470028564]
[118.32553291320801, -29.820796459913254, 0.18940408085472882]
[119.79284620285034, -29.533563897013664, 0.1881188681581989]
[121.23060876131058, -29.248189464211464, 0.18857825611485168]
[122.6363108754158, -28.96688261628151, 0.18909645019448362]
[124.01305145025253, -28.690051779150963, 0.18953029543627053]
[125.35993921756744, -28.418450087308884, 0.18923752702539787]
[126.67862111330032, -28.15176187455654, 0.18866647878894582]
[127.97669577598572, -27.88816672563553, 0.18910197098739445]
[129.25290644168854, -27.628014236688614, 0.18966308771632612]
[130.49287176132202, -27.37405288219452, 0.18903700436931103]
[131.700621843338, -27.125628046691418, 0.18929987520095892]
[132.88035702705383, -26.882349230349064, 0.18994340271456167]
[134.03029626607895, -26.644930504262447, 0.1901445456296642]
[135.1508203148842, -26.413485646247864, 0.19011209563177545]
[136.24385261535645, -26.18779644370079, 0.19018815505478415]
[137.3087164759636, -25.96784544736147, 0.1901244839427818]
[138.3434174656868, -25.754048071801662, 0.18996412015258102]
[139.34792056679726, -25.546289935708046, 0.18972874731116462]
[140.32306724786758, -25.34448477625847, 0.1895834155511693]
[141.2696983218193, -25.148501820862293, 0.1895781143575732]
[142.18789634108543, -24.958361223340034, 0.18957467662949057]
[143.07585737109184, -24.774417117238045, 0.18947667835163884]
[143.93323457241058, -24.596789583563805, 0.1892892506730277]
[144.7610276043415, -24.425194784998894, 0.18926138118877134]
[145.5600194633007, -24.259542606770992, 0.18931012152643234]
[146.33140137791634, -24.09951939433813, 0.18930772233579773]
[147.07420364022255, -23.945328146219254, 0.18920768978568958]
[147.7849354147911, -23.797698758542538, 0.1889299551694421]
[148.46414256095886, -23.656659670174122, 0.18866530795639846]
[149.11262813210487, -23.522076576948166, 0.18859634315754192]
[149.7316706776619, -23.393593803048134, 0.188670401024865]
[150.3223734498024, -23.270925171673298, 0.1887419353624864]
[150.8864517211914, -23.153750780969858, 0.18913157070346642]
[151.42397612333298, -23.042038459330797, 0.1897480211337097]
[151.9196626096964, -22.938936062157154, 0.18945673952111974]
[152.367564573884, -22.845897406339645, 0.1888751351798419]
[152.76562996208668, -22.763096403330564, 0.18905094669025857]
[153.1172581166029, -22.689991738647223, 0.19006627844646573]
[153.42809872329235, -22.6253109741956, 0.1912621317896992]
[153.70334270596504, -22.568385353311896, 0.19222467925283127]
[153.94703965634108, -22.5179620757699, 0.1924405432146159]
[154.16354798525572, -22.472956012934446, 0.19259096886526095]
[154.35880921036005, -22.43247176334262, 0.19267350628069835]
[154.53617542237043, -22.395666163414717, 0.1934191686232225]
[154.69644371420145, -22.362501261755824, 0.1938106931047514]
[154.84076590836048, -22.33257750235498, 0.19372307985759107]
[154.97001872956753, -22.305719410069287, 0.1940157104691025]
[155.08610332012177, -22.281568792648613, 0.19459965644637123]
[155.18971456587315, -22.260127224959433, 0.1955231036117766]
[155.28214341029525, -22.241189246997237, 0.1963394716149196]
[155.36527732014656, -22.223646032623947, 0.19639578627538867]
[155.4394112676382, -22.20773481950164, 0.19687317620264366]
[155.5064458064735, -22.194749754387885, 0.19795477529987693]
[155.56554973870516, -22.181396367494017, 0.1975435185013339]
[155.61931830272079, -22.171264349948615, 0.19836842303629965]
[155.6664924994111, -22.160315140150487, 0.1985241980146384]
[155.71008810587227, -22.152098901104182, 0.19764297583606094]
[155.74324541911483, -22.144972736714408, 0.19826750826905482]
[155.73871193872765, -22.14550677675288, 0.19607451558113098]
[155.7260130783543, -22.147509285947308, 0.1957031152851414]
[155.73029968235642, -22.147883550496772, 0.19885444059036672]
[155.75682458654046, -22.14089538808912, 0.20029413822339848]
[155.80588322132826, -22.130905516445637, 0.20071519805060234]
[155.8784040696919, -22.11521020811051, 0.20175958145409822]
[155.97545840591192, -22.092464472167194, 0.20165747746068519]
[156.09723513573408, -22.064647402614355, 0.20138456404674798]
[156.2390444278717, -22.032531142234802, 0.200889143103268]
[156.39295924454927, -21.99690116941929, 0.20032474450090376]
[156.5519255772233, -21.96020425669849, 0.19950895415240666]
[156.71745932847261, -21.921376824378967, 0.19908399583073333]
[156.89625097811222, -21.879633646458387, 0.19908764956198866]
[157.09375569969416, -21.833055594936013, 0.19834954827092588]
[157.3108508065343, -21.781780675053596, 0.19804694626509445]
[157.5473160892725, -21.725426318123937, 0.19836675681290217]
[157.80311961472034, -21.664080563932657, 0.19879068636510056]
[158.07790711522102, -21.597728595137596, 0.19912830801331438]
[158.37126123905182, -21.52636194601655, 0.19904685756046092]
[158.68275168538094, -21.450224075466394, 0.19933898451563437]
[159.01160643994808, -21.369139097630978, 0.19893356878310442]
[159.3572028428316, -21.2832851074636, 0.19881885987706482]
[159.71890737116337, -21.192929554730654, 0.19857384695205837]
[160.0950320661068, -21.098492458462715, 0.19823446692316793]
[160.48235465586185, -21.000629145652056, 0.19812709116376936]
[160.87873797118664, -20.899899870157242, 0.19849381265521515]
[161.28633281588554, -20.795782450586557, 0.1987442150566494]
[161.7103233039379, -20.68730152398348, 0.1991631013515871]
[162.15633852779865, -20.572595044970512, 0.19923091207783727]
[162.629873752594, -20.450126845389605, 0.19926231051795185]
[163.13596099615097, -20.318659491837025, 0.19961985429108609]
[163.6788074374199, -20.17689897119999, 0.2002279410371557]
[164.2616277039051, -20.024186611175537, 0.20072211968363263]
[164.8854096531868, -19.860151804983616, 0.20131203398341313]
[165.54888799786568, -19.68511651456356, 0.2020087912096642]
[166.24833020567894, -19.500386998057365, 0.20289840491022915]
[166.98175629973412, -19.30623944848776, 0.20417088695103303]
[167.75251442193985, -19.10203967988491, 0.20544765080558136]
[168.5672124028206, -18.885884299874306, 0.20620249697822146]
[169.43059560656548, -18.65679195523262, 0.20641061323840404]
[170.34393537044525, -18.414356261491776, 0.20642248944932362]
[171.30594977736473, -18.159049302339554, 0.20632632499473402]
[172.31377756595612, -17.891573503613472, 0.2059316195663996]
[173.36308270692825, -17.61320687830448, 0.2054000676725991]
[174.44857972860336, -17.325396463274956, 0.20485848910175264]
[175.56607276201248, -17.029253274202347, 0.20450396309024654]
[176.71376997232437, -16.725172147154808, 0.2041258858225774]
[177.8969042301178, -16.411955311894417, 0.2044106761168223]
[179.11795908212662, -16.088471442461014, 0.20467039942013798]
[180.37442821264267, -15.755570769309998, 0.20430465092067607]
[181.66748362779617, -15.413013249635696, 0.2041689835205034]
[182.9980354309082, -15.060458943247795, 0.20413896285026567]
[184.36743021011353, -14.697925791144371, 0.20449902869586367]
[185.77289897203445, -14.325867801904678, 0.20482262145378627]
[187.21111857891083, -13.945094406604767, 0.20490402298355548]
[188.67943269014359, -13.556238651275635, 0.20478268860460958]
[190.17687970399857, -13.159611493349075, 0.20462188540113857]
[191.70404851436615, -12.755058497190475, 0.20443546455499018]
[193.26201051473618, -12.342319563031197, 0.2041707919415785]
[194.8513251543045, -11.921383425593376, 0.20384704238676932]
[196.4717355966568, -11.492070809006691, 0.20349436714604963]
[198.12241971492767, -11.05464193224907, 0.2032061951686046]
[199.80211675167084, -10.609514147043228, 0.20305471609026426]
[201.5089589357376, -10.157151252031326, 0.20283917027700227]
[203.2408037185669, -9.6981730312109, 0.20264532073633745]
[205.00010627508163, -9.232091441750526, 0.20306539806188084]
[206.78369468450546, -8.759189635515213, 0.20320184808952035]
[208.58853447437286, -8.280700400471687, 0.20283335988642648]
[210.41562616825104, -7.796471551060677, 0.20246333978138864]
[212.26450210809708, -7.3066554218530655, 0.201839388377266]
[214.14013266563416, -6.810525014996529, 0.2017796299260226]
[216.0432729125023, -6.307303875684738, 0.20205055683618411]
[217.97380715608597, -5.796744853258133, 0.202197275342769]
[219.93112802505493, -5.278417497873306, 0.2021593339559331]
[221.91405582427979, -4.751837223768234, 0.20199505948403385]
[223.9209337234497, -4.21616142988205, 0.20174655196024105]
[225.95004069805145, -3.670678675174713, 0.20150160793127725]
[228.00007331371307, -3.114715039730072, 0.2012911375713884]
[230.07071018218994, -2.547635078430176, 0.20119510412405361]
[232.16251385211945, -1.9690233170986176, 0.2011793247766036]
[234.27643954753876, -1.3788607120513916, 0.20125518983695656]
[236.41340267658234, -0.7777111828327179, 0.20144299429375678]
[238.57400488853455, -0.16636109352111816, 0.201668567940942]
[240.7576494216919, 0.45380643010139465, 0.20176324462227058]
[242.95829892158508, 1.0805496871471405, 0.2011271401133854]
[245.16656494140625, 1.7104484140872955, 0.199829577060882]
[247.37273740768433, 2.340211361646652, 0.19778527354355901]
[249.57008183002472, 2.9676462709903717, 0.1956628899788484]
[251.75818765163422, 3.5927994549274445, 0.19446382205933332]
[253.93831324577332, 4.216069996356964, 0.19442002594587393]
[256.1113144159317, 4.8377825319767, 0.1950040980882477]
[258.27825021743774, 5.458207041025162, 0.19556512997951359]
[260.43424105644226, 6.07588854432106, 0.19577299473712628]
[262.56147062778473, 6.685777306556702, 0.19492778801941313]
[264.66664385795593, 7.289767265319824, 0.19398822146467865]
[266.75544250011444, 7.889247119426727, 0.19488912500673905]
[268.7968007326126, 8.475032657384872, 0.19302601285744458]
[270.79946714639664, 9.050273299217224, 0.1919965106062591]
[272.7723236680031, 9.618180364370346, 0.1921704914420843]
[274.71532595157623, 10.180005818605423, 0.1928901384526398]
[276.62799686193466, 10.737442970275879, 0.19333131758321542]
[278.5098903775215, 11.29221686720848, 0.1929450094467029]
[280.3610644340515, 11.84591880440712, 0.19198236806550995]
[282.1820706129074, 12.399791777133942, 0.19093143017380498]
[283.9834904074669, 12.956847697496414, 0.19149695229134522]
[285.7559112906456, 13.514168620109558, 0.19131617725361139]
[287.49622517824173, 14.069379955530167, 0.19133218041679356]
[289.2100858092308, 14.62206855416298, 0.19182095027645119]
[290.89599907398224, 15.169744342565536, 0.19206758298605564]
[292.5522418618202, 15.710848093032837, 0.1917813448526431]
[294.1797727942467, 16.245321303606033, 0.19141507310268935]
[295.77816021442413, 16.772992104291916, 0.1911309741990408]
[297.34822285175323, 17.294263124465942, 0.19107235448245774]
[298.88955706357956, 17.80924642086029, 0.19112923175634933]
[300.4038117527962, 18.318729132413864, 0.1907674403337296]
[301.88968777656555, 18.822457909584045, 0.19030864353408106]
[303.3425714969635, 19.3184901624918, 0.18977684396668337]
[304.76631796360016, 19.808471962809563, 0.1896976624848321]
[306.16145926713943, 20.292047664523125, 0.189872604671109]
[307.52729338407516, 20.768815502524376, 0.18997121445318044]
[308.86464005708694, 21.23903377354145, 0.1899202996828535]
[310.17335468530655, 21.702786207199097, 0.1896701152654714]
[311.4531477689743, 22.160229802131653, 0.18937209618161432]
[312.7040279507637, 22.61161008477211, 0.18924755784973968]
[313.92556911706924, 23.056466966867447, 0.1892655969477346]
[315.1180579662323, 23.494691163301468, 0.1893395078186586]
[316.28229224681854, 23.9260206669569, 0.18948523155995645]
[317.4180637001991, 24.349924996495247, 0.18959894641011488]
[318.52520698308945, 24.76578776538372, 0.18975142505951226]
[319.6044877767563, 25.173421919345856, 0.1899313371250173]
[320.655053794384, 25.572066888213158, 0.18997023573319893]
[321.677357673645, 25.96155373752117, 0.18997142818261636]
[322.6721013188362, 26.34166093170643, 0.18994884691528569]
[323.63866797089577, 26.711890652775764, 0.1898205508259707]
[324.5765384733677, 27.07182666659355, 0.18956643428100506]
[325.48709815740585, 27.421800807118416, 0.1894631760296761]
[326.36950558423996, 27.76148883998394, 0.18944095584265597]
[327.22315284609795, 28.090591937303543, 0.18933154617116088]
[328.0493273139, 28.409378066658974, 0.18936808193393517]
[328.8480930328369, 28.7178595662117, 0.18945983628509566]
[329.61799931526184, 29.015494406223297, 0.18937291955808178]
[330.35970291495323, 29.30240759253502, 0.18919201468816027]
[331.0740295946598, 29.57887077331543, 0.18907770187979622]
[331.76099050045013, 29.84484687447548, 0.18913749738112529]
[332.41840067505836, 30.099496975541115, 0.18902399844955653]
[333.0477163493633, 30.343241207301617, 0.188925280193871]
[333.6497175395489, 30.576372615993023, 0.18896257675805828]
[334.2250697314739, 30.799347832798958, 0.18898360442881312]
[334.77012261748314, 31.010776549577713, 0.18882381849107333]
[335.2846106290817, 31.210498355329037, 0.18900885904440656]
[335.76949349045753, 31.39877098798752, 0.18933370197191834]
[336.22655588388443, 31.576141238212585, 0.1898807642282918]
[336.65762154757977, 31.743273191154003, 0.19055410378496163]
[337.0626704543829, 31.900393970310688, 0.19122011540457606]
[337.4242635667324, 32.0406042560935, 0.19068000730476342]
[337.7428960353136, 32.16485849022865, 0.19078746641753241]
[338.0192143917084, 32.2718238979578, 0.19160524687322322]
[338.25059950351715, 32.36130020022392, 0.19155406807840336]
[338.45039903372526, 32.43873609229922, 0.19211900522350334]
[338.6243199184537, 32.506320871412754, 0.19259663322009146]
[338.7772882208228, 32.56566142477095, 0.19305935286683962]
[338.90905770659447, 32.61666893400252, 0.19343838888744358]
[339.0242733359337, 32.66128594242036, 0.19392646860796958]
[339.1256652623415, 32.700702611356974, 0.19426728299004026]
[339.2134282551706, 32.734892796725035, 0.19472940245759673]
[339.28975953161716, 32.76443140488118, 0.1963374990154989]
[339.3557785823941, 32.789601584896445, 0.19688998127821833]
[339.4127457458526, 32.812481108121574, 0.1975315913095983]
[339.46285748668015, 32.830959158949554, 0.1973607992840698]
[339.50511487573385, 32.84867243934423, 0.19831480881839525]
[339.54246585816145, 32.86248181806877, 0.19792792532825842]
[339.5508856140077, 32.86490396223962, 0.19582426303531975]
[339.52844407595694, 32.85732367634773, 0.19325497347745113]
[339.5140060787089, 32.8513690570835, 0.19525374611839652]
[339.51273368671536, 32.85076465457678, 0.19734595384215936]
[339.5321407513693, 32.85878157382831, 0.19870043225819245]
[339.57255977392197, 32.874812338501215, 0.19983734632842243]
[339.6356622092426, 32.90282647870481, 0.20221650187158957]
[339.72357351332903, 32.93871356919408, 0.20324802881805226]
[339.8322460912168, 32.985361812636256, 0.2018946859461721]
[339.95667864382267, 33.03720545582473, 0.2011637401592452]
[340.0893962532282, 33.09242858923972, 0.20062278685509227]
[340.2302495986223, 33.150392131879926, 0.20008616303675808]
[340.3835878148675, 33.21286853402853, 0.19953264662763104]
[340.5535926967859, 33.28206334635615, 0.199547353277012]
[340.7427192032337, 33.35875689983368, 0.1985783776617609]
[340.9504485204816, 33.443060755729675, 0.19842863295707502]
[341.17677707225084, 33.53500375524163, 0.19862172700231895]
[341.42125460505486, 33.63451732695103, 0.19885182565485593]
[341.68315540254116, 33.741442520171404, 0.199131636225502]
[341.96165849268436, 33.85586001351476, 0.19912025004305178]
[342.2564196139574, 33.977641239762306, 0.19913954006915446]
[342.5663392841816, 34.10693388432264, 0.1986584137484897]
[342.8904760479927, 34.24345970898867, 0.19853048303048126]
[343.22721803188324, 34.38688404113054, 0.19824074209464015]
[343.5741208791733, 34.53646295517683, 0.19808504567481577]
[343.9291732609272, 34.69172861427069, 0.19799789805983892]
[344.2929271161556, 34.853164210915565, 0.19792023123591207]
[344.66806949675083, 35.022856056690216, 0.19790575503429864]
[345.0582933574915, 35.203400664031506, 0.19789965457312064]
[345.46795220673084, 35.39519375562668, 0.1981585741377785]
[345.90027353167534, 35.60150647163391, 0.19825348135782406]
[346.3591271042824, 35.82509853690863, 0.1984711070836056]
[346.84796035289764, 36.06917005032301, 0.19888430112041533]
[347.3689940571785, 36.336203783750534, 0.1992369929794222]
[347.9225932061672, 36.628125712275505, 0.1995329942292301]
[348.5060873925686, 36.94621106982231, 0.19991895504062995]
[349.1155294775963, 37.29015086591244, 0.20075695891864598]
[349.74984964728355, 37.6610964089632, 0.2019764764700085]
[350.4127671122551, 38.062573954463005, 0.20296315028099343]
[351.1091370880604, 38.49996577203274, 0.20326757372095017]
[351.84093952178955, 38.97837519645691, 0.20310843818151625]
[352.60722213983536, 39.500397115945816, 0.2029115705663571]
[353.4052763581276, 40.06628328561783, 0.20302874330809573]
[354.23082172870636, 40.67543947696686, 0.20305002695295116]
[355.0787156224251, 41.32530263066292, 0.20293036888324423]
[355.9443709552288, 42.01213896274567, 0.2028262744897802]
[356.8256102204323, 42.73258563876152, 0.20272054662927985]
[357.7231812477112, 43.48432692885399, 0.20249967236304656]
[358.6398237645626, 44.26666721701622, 0.20236234537514974]
[359.58273020386696, 45.08281910419464, 0.2028901753074024]
[360.54792845249176, 45.92722949385643, 0.20263943323516287]
[361.52168306708336, 46.78634962439537, 0.2004920607432723]
[362.49387711286545, 47.650636941194534, 0.19675745931454003]
[363.4549486339092, 48.51113811135292, 0.19262998108752072]
[364.4033064544201, 49.36577081680298, 0.19024897704366595]
[365.3344081938267, 50.20971789956093, 0.18943705955462065]
[366.24809470772743, 51.04205372929573, 0.18969328670937102]
[367.1433151066303, 51.86243459582329, 0.19014649755263235]
[368.0201471745968, 52.67295628786087, 0.18995822481520008]
[368.88183999061584, 53.473631113767624, 0.18747086869552732]
[369.6913529932499, 54.234149903059006, 0.1846840342041105]
[370.4580682516098, 54.96382975578308, 0.18490431719692424]
[371.18627843260765, 55.66647455096245, 0.18558583955746144]
[371.87754648923874, 56.34437075257301, 0.18510703960782848]
[372.5337635278702, 57.00144138932228, 0.18417913907615002]
[373.1451875269413, 57.63049536943436, 0.18252863641828299]
[373.71332570910454, 58.23608481884003, 0.18202880899480078]
[374.24627336859703, 58.827307760715485, 0.18285427941009402]
[374.7522320896387, 59.4205396771431, 0.18388327371212654]
[375.2348183840513, 60.02199625968933, 0.18532653024885803]
[375.6969903111458, 60.63089323043823, 0.1863782344153151]
[376.1362263262272, 61.24841997027397, 0.18594416583073325]
[376.5499166995287, 61.874503672122955, 0.18539010534004774]
[376.93595588207245, 62.508724212646484, 0.18531643834103306]
[377.29277826845646, 63.14986106753349, 0.18546080172382062]
[377.6178461909294, 63.79724031686783, 0.18523425757302903]
[377.9091040045023, 64.45004731416702, 0.18480218150216388]
[378.1692605763674, 65.10420152544975, 0.1852847732079681]
[378.399338722229, 65.75721767544746, 0.18540856351773982]
[378.5992882400751, 66.40837949514389, 0.18529522742392146]
[378.7698497325182, 67.05644884705544, 0.18545786519825924]
[378.91104839742184, 67.70075470209122, 0.1857934860745445]
[379.0239811874926, 68.34007209539413, 0.18610409476968925]
[379.1091159544885, 68.9738202393055, 0.1863106993287147]
[379.166243031621, 69.60128861665726, 0.18645728316914756]
[379.1975428070873, 70.22180119156837, 0.1869062357582152]
[379.20305160374846, 70.83479624986649, 0.1871688654719037]
[379.18281811568886, 71.440285384655, 0.18728881817150977]
[379.13744769617915, 72.03715413808823, 0.18724955715151737]
[379.0672642029822, 72.62489011883736, 0.1872565130070143]
[378.97314105927944, 73.20209702849388, 0.18740088010235922]
[378.85573238134384, 73.76794004440308, 0.18758732517017052]
[378.71531365811825, 74.32081741094589, 0.18769121760851704]
[378.55313435196877, 74.85973918437958, 0.1879056312245666]
[378.37082950770855, 75.38305538892746, 0.18820027892797953]
[378.1694717258215, 75.88964906334877, 0.1882918110313767]
[377.95088467001915, 76.37850023806095, 0.1884032662055688]
[377.71633069217205, 76.84868089854717, 0.18843627613023273]
[377.4677344709635, 77.29983824491501, 0.18862165039899992]
[377.2060596048832, 77.73147848248482, 0.1885044914961327]
[376.93318413197994, 78.14362473785877, 0.18865832839219365]
[376.64945220947266, 78.53850539028645, 0.1890370533656096]
[376.3538978099823, 78.91929797828197, 0.18959610088495538]
[376.0451340228319, 79.28878127038479, 0.19016100084991194]
[375.7213566452265, 79.64895410835743, 0.19078655808698386]
[375.3807722181082, 80.00196197628975, 0.19125560988322832]
[375.0215560942888, 80.34820400178432, 0.19165767316007987]
[374.6408524811268, 80.69017705321312, 0.19231288527953438]
[374.2371837645769, 81.02736531198025, 0.19264320182264782]
[373.810383901, 81.35886389017105, 0.19287715798418503]
[373.36007095873356, 81.68340340256691, 0.19300697670405498]
[372.8879915177822, 81.99860551953316, 0.19312665757752256]
[372.39650408923626, 82.30192433297634, 0.1933868045307463]
[371.8845743536949, 82.59365157783031, 0.19391333768726327]
[371.3475748002529, 82.87602572143078, 0.19435555959353223]
[370.7896665930748, 83.14504159986973, 0.19390062187449075]
[370.20887595415115, 83.40094102919102, 0.1934512496663956]
[369.60411763191223, 83.64333619177341, 0.1931853068417695]
[368.9739087820053, 83.87129916995764, 0.1931349399519604]
[368.3176731467247, 84.08442422747612, 0.19329683679097798]
[367.6344814300537, 84.28163662552834, 0.19343724663485773]
[366.9240978062153, 84.46252569556236, 0.1936776376896887]
[366.1861846446991, 84.62562710791826, 0.19380265234212857]
[365.4214977324009, 84.77043557912111, 0.19400987861445174]
[364.6310682296753, 84.89525292813778, 0.1941499281238066]
[363.8161190748215, 84.99979013949633, 0.19472046522423625]
[362.9764657318592, 85.08428525552154, 0.19552509477944113]
[362.10981062054634, 85.14908491633832, 0.19627279444830492]
[361.2123129069805, 85.19379049912095, 0.19671067179297097]
[360.2805617749691, 85.2176406327635, 0.197087064923835]
[359.31209245324135, 85.21941729821265, 0.19759485422400758]
[358.3053758740425, 85.19851745851338, 0.19835655693896115]
[357.26022309064865, 85.15425314195454, 0.19916828887653537]
[356.17828476428986, 85.08636725693941, 0.1998706292361021]
[355.06282472610474, 84.99558328837156, 0.20042064058361575]
[353.91644102334976, 84.88375211507082, 0.20091915901866741]
[352.7397025823593, 84.75320872664452, 0.20129873788391706]
[351.53134763240814, 84.60671244561672, 0.20176184360752814]
[350.28918302059174, 84.44658295810223, 0.20218905874935444]
[349.0112472772598, 84.27521784603596, 0.20269591180840507]
[347.6964767575264, 84.09507944434881, 0.2033345176896546]
[346.34460490942, 83.9085783958435, 0.20402006831136532]
[344.95608192682266, 83.7181543931365, 0.20467545292922296]
[343.5320354104042, 83.52535554766655, 0.2050857978174463]
[342.0741049647331, 83.33076263219118, 0.20522843167418614]
[340.58379250764847, 83.13394235819578, 0.20508686151879374]
[339.06189316511154, 82.93330313265324, 0.20459952714736573]
[337.5084948539734, 82.7267359495163, 0.20397756341844797]
[335.9234973192215, 82.51192262768745, 0.20329186026356183]
[334.3070394396782, 82.28683081269264, 0.20264647842850536]
[332.6598457098007, 82.04967828840017, 0.20204123615985736]
[330.9831340909004, 81.79973764717579, 0.2016001377342036]
[329.27847677469254, 81.53688257932663, 0.20139663404552266]
[327.54749500751495, 81.26165682077408, 0.2013290858212713]
[325.7918493151665, 80.97517424821854, 0.20131073920038034]
[324.0130802989006, 80.6788481771946, 0.20139336660940899]
[322.2075182199478, 80.37332358956337, 0.20203290646895766]
[320.3770486712456, 80.05952028930187, 0.20230402577726636]
[318.52423107624054, 79.73906384408474, 0.2021730559572461]
[316.64798986911774, 79.41271485388279, 0.2019417245319346]
[314.7493386864662, 79.08119781315327, 0.20144341315608472]
[312.82371270656586, 78.74511429667473, 0.20152456810319563]
[310.87082320451736, 78.40415331721306, 0.20187510676623788]
[308.8909521102905, 78.05842235684395, 0.2020696706531453]
[306.88480746746063, 77.70805189013481, 0.20213162034269772]
[304.85336780548096, 77.35262750089169, 0.2020720450564113]
[302.7978228330612, 76.99080495536327, 0.2018154181278078]
[300.7191672325134, 76.6209694892168, 0.20143970832577907]
[298.6180177927017, 76.24085715413094, 0.20097299726330675]
[296.49466121196747, 75.8477348536253, 0.20036353764589876]
[294.34910345077515, 75.43911914527416, 0.19981970131630078]
[292.18138551712036, 75.01297092437744, 0.19946453544253018]
[289.9917057752609, 74.56801822781563, 0.19929613382555544]
[287.7805064916611, 74.10424920916557, 0.19935152288962854]
[285.54823565483093, 73.62261997163296, 0.19955269308411516]
[283.29537749290466, 73.1247205734253, 0.1998448237136472]
[281.0225132703781, 72.61268198490143, 0.2001906493678689]
[278.73005163669586, 72.08852115273476, 0.20054105036251713]
[276.4183945655823, 71.55399298667908, 0.200790133450937]
[274.0876203775406, 71.01047337055206, 0.20101345221337397]
[271.7375658750534, 70.45898282527924, 0.20117160785594024]
[269.36797297000885, 69.89983108639717, 0.20118661492915635]
[266.97864496707916, 69.33281174302101, 0.20111115312829497]
[264.5695722103119, 68.75698751211166, 0.2009658432289143]
[262.1411225795746, 68.17055860161781, 0.20061385081498884]
[259.69471979141235, 67.57131087779999, 0.20015682726807427]
[257.2342176437378, 66.95742937922478, 0.19930805714102462]
[254.76704823970795, 66.32693353295326, 0.19777296169195324]
[252.30042338371277, 65.67894929647446, 0.19588760257465765]
[249.83769249916077, 65.01320368051529, 0.1944455117918551]
[247.37767696380615, 64.32920727133751, 0.19409359595010756]
[244.91878950595856, 63.62752243876457, 0.19471924874233082]
[242.4590630531311, 62.90948909521103, 0.19563116325298324]
[239.9964483976364, 62.177363216876984, 0.19668279134202749]
[237.5263216495514, 61.43202808499336, 0.19784637133125216]
[235.04654145240784, 60.673565328121185, 0.19867554039228708]
[232.5564625263214, 59.901668548583984, 0.19901529009075603]
[230.05630135536194, 59.114256143569946, 0.1987953181087505]
[227.5565549135208, 58.31191411614418, 0.19715610845014453]
[225.06992781162262, 57.496734619140625, 0.19442827941384166]
[222.59830009937286, 56.66847050189972, 0.19246098800795153]
[220.14074552059174, 55.82742092013359, 0.19205416387330843]
[217.6952897310257, 54.974852949380875, 0.1927817354153376]
[215.25944542884827, 54.11269363760948, 0.1938805435784161]
[212.83059191703796, 53.243064165115356, 0.19495756679680198]
[210.40611159801483, 52.36768984794617, 0.1958958367467858]
[207.9835159778595, 51.48761311173439, 0.1966593049291987]
[205.56078326702118, 50.60321405529976, 0.19725196124636568]
[203.13636994361877, 49.714357018470764, 0.19772261260368396]
[200.70907497406006, 48.82081472873688, 0.19809884473215789]
[198.27805995941162, 47.922453463077545, 0.19836480824596947]
[195.84535562992096, 47.02002772688866, 0.19817496211908292]
[193.41766464710236, 46.11586773395538, 0.19731252815108746]
[190.99359941482544, 45.209546118974686, 0.1968430977576645]
[188.5732625722885, 44.300967276096344, 0.19666348040482262]
[186.157301902771, 43.38906055688858, 0.19634074384521227]
[183.75358140468597, 42.47599312663078, 0.19553158816415817]
[181.38642597198486, 41.569041550159454, 0.19258590100798756]
[179.0537314414978, 40.66678607463837, 0.19038769433973357]
[176.7502816915512, 39.76744648814201, 0.1901957674563164]
[174.47532951831818, 38.871068090200424, 0.19085748650832102]
[172.22606694698334, 37.9778256714344, 0.19162137422244996]
[169.98961806297302, 37.083419024944305, 0.1923420046805404]
[167.7728977203369, 36.19435840845108, 0.1913044934044592]
[165.60861337184906, 35.323416858911514, 0.18892220174893737]
[163.47208857536316, 34.45934537053108, 0.18957870360463858]
[161.36214101314545, 33.60230928659439, 0.19077520194696262]
[159.28207671642303, 32.75474640727043, 0.1918264365522191]
[157.22903382778168, 31.91757732629776, 0.19280466093914583]
[155.20338666439056, 31.092534720897675, 0.19290586574788904]
[153.204234957695, 30.27960306406021, 0.19258851210179273]
[151.23172736167908, 29.477962136268616, 0.19232302778254962]
[149.28586304187775, 28.686127871274948, 0.19177954472252168]
[147.3602402806282, 27.900310546159744, 0.19176693525514565]
[145.4660856127739, 27.125195264816284, 0.19126797796343453]
[143.60747277736664, 26.3624946475029, 0.19067966080910992]
[141.77590811252594, 25.610717624425888, 0.1912341433344409]
[139.97035938501358, 24.871044784784317, 0.1922775716520846]
[138.19100838899612, 24.14419400691986, 0.19302406391943805]
[136.43899601697922, 23.430523544549942, 0.1928282560838852]
[134.71378308534622, 22.728621184825897, 0.19206401030533016]
[133.01564866304398, 22.036984741687775, 0.1912461471511051]
[131.34515017271042, 21.35448995232582, 0.19089733206055826]
[129.69843649864197, 20.679350554943085, 0.19121722991985735]
[128.07553285360336, 20.013065993785858, 0.1915346205350943]
[126.4893649816513, 19.36107885837555, 0.19021094171330333]
[124.93584924936295, 18.722470939159393, 0.1897219579841476]
[123.41205114126205, 18.096919238567352, 0.19009758028551005]
[121.91003197431564, 17.48205554485321, 0.1914298307383433]
[120.43411952257156, 16.879420340061188, 0.19187174661055906]
[118.98577481508255, 16.28913328051567, 0.19138473056955263]
[117.56305730342865, 15.709241330623627, 0.19071647498640232]
[116.16574114561081, 15.138625532388687, 0.19027923143585213]
[114.79514586925507, 14.577427923679352, 0.19025310996221378]
[113.4486095905304, 14.02518817782402, 0.19076969841262326]
[112.13426804542542, 13.485733211040497, 0.18997948811738752]
[110.8507394194603, 12.958695501089096, 0.18944967261631973]
[109.59428662061691, 12.443274736404419, 0.18972625932656229]
[108.36309498548508, 11.939041793346405, 0.19039487472036853]
[107.15945029258728, 11.447219610214233, 0.19067793893191265]
[105.98148912191391, 10.966879516839981, 0.19063823261967627]
[104.83091378211975, 10.498041436076164, 0.19016737479250878]
[103.70860081911087, 10.040551289916039, 0.1897097322216723]
[102.61380898952484, 9.593570873141289, 0.18958903285238193]
[101.54817962646484, 9.157611414790154, 0.18962640479730908]
[100.51630252599716, 8.734968557953835, 0.18898076767800376]
[99.50663536787033, 8.32111431658268, 0.18939959595445544]
[98.52186557650566, 7.9175898134708405, 0.18983838394342456]
[97.56513366103172, 7.525799721479416, 0.19013891911890823]
[96.63580110669136, 7.145509660243988, 0.190179357838133]
[95.73330825567245, 6.776514783501625, 0.18995694548357278]
[94.85789132118225, 6.418829321861267, 0.18964332318864763]
[94.0104872584343, 6.072598084807396, 0.18940245591511484]
[93.18865209817886, 5.736633285880089, 0.18944495981850196]
[92.3906606733799, 5.410307332873344, 0.18928604389657266]
[91.62618207931519, 5.097682431340218, 0.1886738464818336]
[90.89051792025566, 4.7966934740543365, 0.18871314613352297]
[90.18151566386223, 4.5064995139837265, 0.1889819188218098]
[89.49951946735382, 4.2272898107767105, 0.18918112453684444]
[88.84624928236008, 3.9598027765750885, 0.1891381706664106]
[88.22037652134895, 3.703682526946068, 0.1889964221700211]
[87.62189757823944, 3.4588043093681335, 0.18888972869535792]
[87.05019772052765, 3.2249504923820496, 0.18886325784296787]
[86.5075945854187, 3.003009006381035, 0.18880635975074256]
[85.9953661262989, 2.793679468333721, 0.1889938191161491]
[85.51228955388069, 2.5961101725697517, 0.18946795142255723]
[85.05673740804195, 2.409730911254883, 0.1901410611171741]
[84.6265664100647, 2.233690485358238, 0.19087414763635024]
[84.22145825624466, 2.06781192868948, 0.19145837950054556]
[83.85593792796135, 1.918143130838871, 0.19116169601329602]
[83.53423842787743, 1.78615090996027, 0.19096908745996188]
[83.25335928797722, 1.671238873153925, 0.19176134536974132]
[83.01842864602804, 1.575500950217247, 0.1914838372176746]
[82.8196187466383, 1.4946098290383816, 0.19167750932683703]
[82.64670450240374, 1.4235702194273472, 0.19256151394802146]
[82.49577382206917, 1.3618796057999134, 0.19328564862371422]
[82.3671624995768, 1.3093578424304724, 0.19350202049827203]
[82.2554140239954, 1.2637211568653584, 0.19396488048369065]
[82.15845487639308, 1.2241068556904793, 0.19463702768553048]
[82.0740380063653, 1.1895680855959654, 0.19540578941814601]
[82.00121004506946, 1.1593321273103356, 0.19591087791559403]
[81.93708944693208, 1.133544652722776, 0.19728121481603011]
[81.8799112867564, 1.110010264441371, 0.19738357356982306]
[81.8311438523233, 1.0899615064263344, 0.19811611327168066]
[81.78957434929907, 1.0731776459142566, 0.1982081800524611]
[81.7521069869399, 1.0576951932162046, 0.19788368355875718]
[81.74637412186712, 1.055458080372773, 0.19622502801939845]
[81.7681553484872, 1.064093645196408, 0.19486057525500655]
[81.78250127006322, 1.070726149249822, 0.19632635760353878]
[81.78307836758904, 1.0707482050638646, 0.19744506193092093]
[81.76374944765121, 1.062531629577279, 0.19878232572227716]
[81.72424357011914, 1.0453333677724004, 0.2015944216400385]
[81.66168539598584, 1.017643895931542, 0.20227821983280592]
[81.57657534629107, 0.9798827096819878, 0.20247044655843638]
[81.47174444049597, 0.9332979787141085, 0.20201989146880805]
[81.35333150625229, 0.8791858553886414, 0.20124000078067183]
[81.22497995197773, 0.8205657098442316, 0.20072276478458662]
[81.08512046933174, 0.7560517601668835, 0.20010450299014337]
[80.92979453504086, 0.6838078275322914, 0.1995941311470233]
[80.75633922964334, 0.60236831381917, 0.19891820395423565]
[80.5637341812253, 0.5107499361038208, 0.1983220122056082]
[80.35266850888729, 0.4089449644088745, 0.19822689126158366]
[80.12380261719227, 0.29679984971880913, 0.19845810606057057]
[79.87793578207493, 0.17440368607640266, 0.19859404678209103]
[79.6160260438919, 0.04161030799150467, 0.19826387967623305]
[79.33849166333675, -0.10115683078765869, 0.19862634324817918]
[79.04685100913048, -0.25435084104537964, 0.19823520368663594]
[78.74185211956501, -0.41733188182115555, 0.19819340671529062]
[78.42524652183056, -0.5897825956344604, 0.1978887965597096]
[78.09920166432858, -0.7707981392741203, 0.19758313672355143]
[77.76577746868134, -0.9593983441591263, 0.19736649365222547]
[77.4255142211914, -1.155422493815422, 0.19722081735380925]
[77.07719372212887, -1.3593519181013107, 0.19720043516281294]
[76.71886545419693, -1.5719842314720154, 0.1972087730973726]
[76.34835101664066, -1.7940049767494202, 0.1972171902707487]
[75.9637815207243, -2.0265677124261856, 0.1973821880092146]
[75.56235392391682, -2.271435596048832, 0.19765940902289003]
[75.14164674282074, -2.5307769924402237, 0.19793816961464472]
[74.69807615876198, -2.806088909506798, 0.19859264272963628]
[74.22808110713959, -3.0984654873609543, 0.19928224361501634]
[73.72899952530861, -3.408318415284157, 0.19983745070931036]
[73.19983366131783, -3.734613686800003, 0.2003896394453477]
[72.64164251089096, -4.075182065367699, 0.2013396744732745]
[72.05498322844505, -4.4278454631567, 0.2028213517041877]
[71.43639367818832, -4.792165040969849, 0.2044525775127113]
[70.77990171313286, -5.170880675315857, 0.20557966563501395]
[70.08040022850037, -5.5693449229002, 0.20581711806880776]
[69.33420068025589, -5.989443048834801, 0.2062029536027694]
[68.54416191577911, -6.427923604846001, 0.206198501837207]
[67.7344661951065, -6.870227694511414, 0.20325909927487373]
[66.93191710114479, -7.3002180606126785, 0.1971013406291604]
[66.13686615228653, -7.716098666191101, 0.1921521162148565]
[65.34737721085548, -8.117147386074066, 0.1906642803514842]
[64.56179812550545, -8.500941529870033, 0.19180837698513642]
[63.77878639101982, -8.864579483866692, 0.19370034796884283]
[63.00346702337265, -9.202556625008583, 0.19470884912880138]
[62.24215558171272, -9.509731188416481, 0.19444698144798167]
[61.47849389910698, -9.792501717805862, 0.19394326047040522]
[60.73659160733223, -10.03644685447216, 0.19291197636630386]
[60.010319262742996, -10.244238995015621, 0.19349500013049692]
[59.29150152206421, -10.420097284018993, 0.19436310717719607]
[58.58033484220505, -10.564021848142147, 0.195014934084611]
[57.87747150659561, -10.67606446892023, 0.1956861785147339]
[57.1840323805809, -10.756607789546251, 0.19587914711155463]
[56.50095674395561, -10.804961536079645, 0.19619847770081833]
[55.827892273664474, -10.822582779452205, 0.19613485383160878]
[55.16509494185448, -10.812201808206737, 0.19606471627412247]
[54.51508158445358, -10.773460807278752, 0.19628905430727173]
[53.87863501906395, -10.70610324665904, 0.19676305504981428]
[53.25709915161133, -10.61112442985177, 0.19688644078269135]
[52.65055423974991, -10.48946288228035, 0.1969628628648934]
[52.05968236923218, -10.343300737440586, 0.1968290456206887]
[51.48616763949394, -10.17306101322174, 0.1971594655769877]
[50.93792888522148, -9.977818116545677, 0.19769296955200844]
[50.418704837560654, -9.757222950458527, 0.19808141194516793]
[49.93021537363529, -9.509307473897934, 0.19874400994740427]
[49.47214050590992, -9.236032947897911, 0.1990488634328358]
[49.04451908171177, -8.94046139717102, 0.19912282247969415]
[48.64821515977383, -8.62495605647564, 0.1992332379159052]
[48.282688930630684, -8.287792101502419, 0.20014806848485023]
[47.9481106698513, -7.930944532155991, 0.2008091553580016]
[47.644941702485085, -7.556860134005547, 0.20096369211387355]
[47.37273691594601, -7.169027253985405, 0.20077674976346316]
[47.1302899569273, -6.771155908703804, 0.20012669841526076]
[46.914522647857666, -6.366957426071167, 0.1993106929876376]
[46.72481442242861, -5.9590874165296555, 0.1988636445312295]
[46.55909585952759, -5.549409568309784, 0.19873686682694824]
[46.414708003401756, -5.136912256479263, 0.19855877371446695]
[46.29021044448018, -4.719665110111237, 0.19876189778733533]
[46.18607285991311, -4.296165660023689, 0.19961726671317592]
[46.10075769945979, -3.86510868370533, 0.19993664280627854]
[46.03149791806936, -3.4245592206716537, 0.19999746261237306]
[45.978497033938766, -2.973656117916107, 0.20037732538185082]
[45.94161846674979, -2.510977253317833, 0.20102506564580835]
[45.92164894845337, -2.035709172487259, 0.2013716004876187]
[45.91921149811242, -1.545346960425377, 0.20199920842424035]
[45.935004535131156, -1.040111631155014, 0.20222254891268676]
[45.9702558722347, -0.5177423655986786, 0.2028474156104494]
[46.02775378897786, 0.021255403757095337, 0.20328434868133627]
[46.10968482866883, 0.5767866671085358, 0.2035465024964651]
[46.21465366333723, 1.1490581333637238, 0.20327019481919706]
[46.34183634072542, 1.7384946942329407, 0.20285349478945136]
[46.491041265428066, 2.34391251206398, 0.20262425044347765]
[46.664177909493446, 2.9640037417411804, 0.20281321300717536]
[46.864088118076324, 3.604137897491455, 0.20371904157218523]
[47.09251380711794, 4.2611671686172485, 0.20421488054125803]
[47.3501565605402, 4.931559294462204, 0.20431423771515256]
[47.64000555872917, 5.6141259372234344, 0.20488312558154576]
[47.96372310817242, 6.308590084314346, 0.20536151484702714]
[48.321470245718956, 7.017048180103302, 0.20540307099508937]
[48.71247501671314, 7.740568995475769, 0.20537695112852816]
[49.13731023669243, 8.475720524787903, 0.20553768998070154]
[49.59668433666229, 9.220813482999802, 0.2054942340546404]
[50.090444058179855, 9.974454671144485, 0.20527780438715126]
[50.61727499961853, 10.735895186662674, 0.20481674245093018]
[51.175335466861725, 11.504733264446259, 0.20425247782259248]
[51.76320505142212, 12.281172931194305, 0.20374956796877086]
[52.381667762994766, 13.067733436822891, 0.20360594150042743]
[53.02579614520073, 13.859036535024643, 0.2028206048416905]
[53.68260762095451, 14.641879320144653, 0.19990028184838593]
[54.34146124124527, 15.410338789224625, 0.19558557402342558]
[55.000602066516876, 16.16957402229309, 0.19254530384205282]
[55.657363295555115, 16.924129337072372, 0.19133058871375397]
[56.30872544646263, 17.677848279476166, 0.19113609962369082]
[56.94707477092743, 18.429203748703003, 0.19059729791479185]
[57.55666866898537, 19.1652655005455, 0.1882574709597975]
[58.14034390449524, 19.89382553100586, 0.18639896583044901]
[58.70763850212097, 20.627592742443085, 0.1846529565518722]
[59.23038151860237, 21.33740472793579, 0.18266447115456685]
[59.71865274012089, 22.036618500947952, 0.18335497251246125]
[60.17748115956783, 22.731678187847137, 0.1844617914466653]
[60.60445940494537, 23.42020881175995, 0.1846256384633307]
[60.99984259903431, 24.10311523079872, 0.1848072127904743]
[61.36351203918457, 24.782476276159286, 0.1846109506150242]
[61.698143780231476, 25.463884741067886, 0.18474016834807117]
[62.003991112113, 26.14892277121544, 0.1851610781304771]
[62.280552715063095, 26.83790510892868, 0.18549255173275014]
[62.5260790809989, 27.529128670692444, 0.1854947709107364]
[62.740543857216835, 28.22169879078865, 0.185519082186147]
[62.92332422733307, 28.914037764072418, 0.1854630524176173]
[63.07326827943325, 29.606058299541473, 0.18533269262115937]
[63.19420965760946, 30.296469390392303, 0.18595181207638234]
[63.28538895025849, 30.9841750562191, 0.18614459505624836]
[63.34748569317162, 31.667721301317215, 0.18619291471986799]
[63.37998322211206, 32.34596684575081, 0.1861139150105373]
[63.38362474623136, 33.01744157075882, 0.18624939515575534]
[63.35841014049947, 33.68103566765785, 0.1863127643810003]
[63.30535299889743, 34.335337311029434, 0.18644000627318746]
[63.224102683365345, 34.97928100824356, 0.18647576524381293]
[63.11607779935002, 35.61158913373947, 0.18671278128022095]
[62.98160944133997, 36.23099595308304, 0.1868200827811961]
[62.82148138433695, 36.8366217315197, 0.18697444044664735]
[62.63664098829031, 37.42731133103371, 0.18711217196687358]
[62.428475111722946, 38.00263553857803, 0.18740899211843498]
[62.19865869730711, 38.56162574887276, 0.18760307919365005]
[61.94862765073776, 39.104271441698074, 0.18788261519512162]
[61.680176481604576, 39.63002836704254, 0.18820640293415636]
[61.39486941695213, 40.1388937830925, 0.18846782423497643]
[61.0939365029335, 40.630614563822746, 0.18865469974844018]
[60.77841733396053, 41.10500665009022, 0.18888102693017572]
[60.448115810751915, 41.56366482377052, 0.18920599095872603]
[60.10160405933857, 42.00895509123802, 0.18968972745642532]
[59.73786810040474, 42.442916080355644, 0.19033006860991009]
[59.35596044361591, 42.867273822426796, 0.19090057822177187]
[58.95487503707409, 43.28303423523903, 0.191387652506819]
[58.53327365219593, 43.69108034670353, 0.1917571470985422]
[58.090306997299194, 44.09149131178856, 0.19210826038033701]
[57.62513656914234, 44.48327200114727, 0.19204965130484197]
[57.136793956160545, 44.86263056099415, 0.1915435973642161]
[56.62710067629814, 45.228012546896935, 0.19180769775994122]
[56.099668234586716, 45.581291392445564, 0.19297225208720192]
[55.55450478196144, 45.92478497326374, 0.1935781321299146]
[54.988609343767166, 46.25862243771553, 0.1933702289534267]
[54.400289595127106, 46.58200927078724, 0.19277431009686552]
[53.790491342544556, 46.891823545098305, 0.19205937965307385]
[53.16104504466057, 47.186415269970894, 0.19161838432773948]
[52.51268908381462, 47.461964666843414, 0.19074668979737908]
[51.846685618162155, 47.71587356925011, 0.1899363067932427]
[51.166312128305435, 47.9472506865859, 0.18978642228466924]
[50.476917803287506, 48.15888851881027, 0.19026366948673967]
[49.779733777046204, 48.35106302797794, 0.19008941428910475]
[49.07515224814415, 48.52298989146948, 0.1896885121386731]
[48.363655000925064, 48.67364900559187, 0.18934730072214734]
[47.645808547735214, 48.80232239887118, 0.1892966867890209]
[46.92221927642822, 48.90862147137523, 0.18923576248198515]
[46.193139135837555, 48.989716373384, 0.18873406597413123]
[45.45967823266983, 49.04602392017841, 0.1887814689980587]
[44.72342038154602, 49.081018899567425, 0.18947372626280412]
[43.98475220799446, 49.09537055622786, 0.18968279803084442]
[43.24321600794792, 49.088533696718514, 0.18958063183526974]
[42.49898985028267, 49.059900341555476, 0.18952869824443042]
[41.75166383385658, 49.00936824455857, 0.18973307748819934]
[41.00241458415985, 48.935851745307446, 0.18960353490547277]
[40.25216317176819, 48.83715846762061, 0.18917508650338277]
[39.500069946050644, 48.715210899710655, 0.1897783828608226]
[38.746166080236435, 48.5707707926631, 0.19016852833738085]
[37.99223309755325, 48.40395341068506, 0.19011667002632748]
[37.238210678100586, 48.214109785854816, 0.19002430510226986]
[36.48457756638527, 48.000698268413544, 0.1900478848729108]
[35.73147729039192, 47.76360484212637, 0.19016153369739186]
[34.98006933927536, 47.5010861158371, 0.18986430762743112]
[34.23075798153877, 47.21449825167656, 0.19010680229985155]
[33.48385053873062, 46.904543325304985, 0.190287624784105]
[32.73975169658661, 46.570924028754234, 0.19027606442523393]
[31.99885618686676, 46.213966712355614, 0.19023728441152343]
[31.26191282272339, 45.833794966340065, 0.19030323860260978]
[30.529754161834717, 45.430439203977585, 0.19025026876261109]
[29.80308309197426, 45.003870874643326, 0.19011445619889855]
[29.0822910964489, 44.55536858737469, 0.19030273015232524]
[28.367992222309113, 44.08511932194233, 0.19021234374667984]
[27.660515934228897, 43.59364676475525, 0.19027195703893085]
[26.960326671600342, 43.08096718788147, 0.19027032553685785]
[26.267725259065628, 42.54722902178764, 0.1903116442827013]
[25.582723051309586, 41.992656230926514, 0.1904168598994147]
[24.905394911766052, 41.41722199320793, 0.1905989412771305]
[24.23576632142067, 40.82105499505997, 0.19068340998819622]
[23.573631912469864, 40.20410427451134, 0.1908347201642755]
[22.919100016355515, 39.56608086824417, 0.1910152304553776]
[22.272233575582504, 38.906648427248, 0.19120384484995157]
[21.63297936320305, 38.2255140542984, 0.19142140779877082]
[21.00106704235077, 37.522313207387924, 0.19175429754250217]
[20.376444309949875, 36.79648244380951, 0.19206908320484217]
[19.75884699821472, 36.04739174246788, 0.19237266229174566]
[19.14800715446472, 35.27413538098335, 0.19272322849428747]
[18.543425649404526, 34.4758195579052, 0.19316649445681833]
[17.94456884264946, 33.65136390924454, 0.19360468580271117]
[17.35125771164894, 32.7994410097599, 0.1940912411955651]
[16.763298749923706, 31.91868758201599, 0.19460453910869546]
[16.18020886182785, 31.007804304361343, 0.1951702928636223]
[15.60167372226715, 30.065545737743378, 0.19560884215752594]
[15.027237176895142, 29.090233892202377, 0.196034298511222]
[14.456765472888947, 28.080109238624573, 0.19645247960579582]
[13.890338718891144, 27.03442734479904, 0.19688052458513994]
[13.32846200466156, 25.953560948371887, 0.1970953548880061]
[12.77217847108841, 24.83936071395874, 0.19717276114533888]
[12.227655589580536, 23.70368218421936, 0.19576984498417005]
[11.691254287958145, 22.542245030403137, 0.19522819459962193]
[11.161957800388336, 21.35365480184555, 0.19558335185865872]
[10.638309240341187, 20.13690721988678, 0.19630367716308683]
[10.114457428455353, 18.881806254386902, 0.19814557558856905]
[9.587700605392456, 17.58287423849106, 0.199719404859934]
[9.059647768735886, 16.243560910224915, 0.20040970490663312]
[8.531755447387695, 14.867798089981079, 0.2010462261387147]
[8.00502136349678, 13.459350883960724, 0.20172491885023192]
[7.479793518781662, 12.019936800003052, 0.2021423412952572]
[6.9571298360824585, 10.553289830684662, 0.20173713157419115]
[6.445599377155304, 9.08115291595459, 0.19832532154396176]
[5.952453687787056, 7.627211153507233, 0.19284106278792024]
[5.485883101820946, 6.222320854663849, 0.18575377902016044]
[5.039540812373161, 4.840625286102295, 0.18355425018671667]
[4.608183994889259, 3.469154179096222, 0.1860653351759538]
[4.187455832958221, 2.102799355983734, 0.18543596961535513]
[3.799026280641556, 0.7942747473716736, 0.18359384417999536]
[3.440843254327774, -0.46864622831344604, 0.18440325977280736]
[3.1063056588172913, -1.707802414894104, 0.18593867169693112]
[2.7878363877534866, -2.935182273387909, 0.18744945735670626]
[2.48197802901268, -4.142200946807861, 0.18879154999740422]
[2.186010479927063, -5.3191229701042175, 0.18944774648116436]
[1.8962270617485046, -6.462210714817047, 0.18992804270237684]
[1.6085345447063446, -7.570939123630524, 0.19076861324720085]
[1.3197962492704391, -8.643819987773895, 0.19148340527317487]
[1.0278136730194092, -9.68278157711029, 0.19162573989160592]
[0.7290372103452682, -10.694556772708893, 0.19104559847619385]
[0.4265962094068527, -11.674122393131256, 0.19076951653551077]
[0.12061169743537903, -12.63258108496666, 0.19104261451866478]
[-0.18195010721683502, -13.569974154233932, 0.1899832222261466]
[-0.4704800546169281, -14.472227483987808, 0.18748017959296703]
[-0.7381973117589951, -15.328839242458344, 0.18473770644050092]
[-0.9868006184697151, -16.152403563261032, 0.18396644997119438]
[-1.2172259613871574, -16.954254984855652, 0.18452130141668022]
[-1.4299192801117897, -17.742428988218307, 0.18522786840912886]
[-1.6250669062137604, -18.527196317911148, 0.18613671616185457]
[-1.798944152891636, -19.30215984582901, 0.18608103937003762]
[-1.950887218117714, -20.07334464788437, 0.18629037664504722]
[-2.0813872031867504, -20.843526542186737, 0.18679480110586155]
[-2.1886758990585804, -21.611305087804794, 0.18701720533863408]
[-2.2715178541839123, -22.375258713960648, 0.18693616954988101]
[-2.32889056019485, -23.13328406214714, 0.1866764124133624]
[-2.36040956992656, -23.883290141820908, 0.1865078238188289]
[-2.3645516651449725, -24.624208241701126, 0.186003554292256]
[-2.343156287446618, -25.354149609804153, 0.18610466791142244]
[-2.2975543718785048, -26.071435868740082, 0.18609543141064933]
[-2.227497335523367, -26.775110870599747, 0.18577928288141266]
[-2.1326849050819874, -27.464073300361633, 0.18541435005317908]
[-2.0137198120355606, -28.13763737678528, 0.18541443561116466]
[-1.8706255406141281, -28.795283138751984, 0.1855054339430353]
[-1.7042608633637428, -29.436764359474182, 0.18578611985140014]
[-1.5146787539124489, -30.0614632666111, 0.1859216302909772]
[-1.3023526817560196, -30.66937717795372, 0.1862146848870907]
[-1.0681264251470566, -31.260027587413788, 0.18644006903923582]
[-0.81218321621418, -31.83368870615959, 0.18675769894616678]
[-0.5352031588554382, -32.38989448547363, 0.18689188576536253]
[-0.2376357465982437, -32.92863902449608, 0.18700667178200092]
[0.08115950226783752, -33.45231330394745, 0.1874141706211958]
[0.4224962145090103, -33.96348634362221, 0.18798700481420383]
[0.7851740717887878, -34.46032711863518, 0.1885144441621378]
[1.1674526929855347, -34.94152617454529, 0.18894887471105903]
[1.5678628236055374, -35.40622738003731, 0.18934995601011906]
[1.9834166467189789, -35.853899374604225, 0.18968770527862944]
[2.4115568846464157, -36.28433306515217, 0.1898701863374299]
[2.845549836754799, -36.69467528164387, 0.18958051638037432]
[3.2813279926776886, -37.085223346948624, 0.18926103581907228]
[3.716324508190155, -37.457128033041954, 0.18933344135439256]
[4.148368760943413, -37.81230612099171, 0.1898717164003756]
[4.576648980379105, -38.15327471494675, 0.1904539591341745]
[5.0011351853609085, -38.482083946466446, 0.19084735402429942]
[5.421923458576202, -38.800368919968605, 0.1912436486018123]
[5.838892012834549, -39.10926824808121, 0.19169703224906698]
[6.237540081143379, -39.39985033869743, 0.1915402646700386]
[6.594109147787094, -39.65579321235418, 0.18973656027810648]
[6.9214170426130295, -39.887519881129265, 0.18934148487642233]
[7.23275026679039, -40.10869490355253, 0.18730664008762687]
[7.492960564792156, -40.289368994534016, 0.18800406146328896]
[7.7188815623521805, -40.4434504583478, 0.1905874436488375]
[7.920800268650055, -40.580047354102135, 0.19189716145046987]
[8.102940194308758, -40.70286115631461, 0.19207051786361262]
[8.267558209598064, -40.81258112937212, 0.19188317428779555]
[8.415687300264835, -40.91124788299203, 0.19272302195895463]
[8.549863040447235, -41.00006303563714, 0.19312658070703037]
[8.671039935201406, -41.080066334456205, 0.19394882677443093]
[8.780001495033503, -41.15176050364971, 0.19450925676574116]
[8.877645246684551, -41.215929474681616, 0.19466320519859437]
[8.965236149728298, -41.27322278171778, 0.19490093245985918]
[9.043600838631392, -41.324284341186285, 0.19571658758241028]
[9.114042766392231, -41.37026238068938, 0.19666799099650234]
[9.17710648663342, -41.41076324135065, 0.19639471956179477]
[9.23343681357801, -41.44720241986215, 0.19752670597517863]
[9.284272741526365, -41.480073656886816, 0.19711296716559445]
[9.330046907067299, -41.50920625310391, 0.1982682041125372]
[9.371241558343172, -41.53573285788298, 0.19752443107427098]
[9.408733366057277, -41.55971906334162, 0.19786932406714186]
[9.423029340920039, -41.568716568290256, 0.1969162302557379]
[9.414066995959729, -41.562713301507756, 0.19564904674189165]
