[19.99999527304999, 6.251088033834414, 0.4153548269402201]
[19.999995301282183, 6.251088220519833, 0.4153550576758107]
[19.999995275684796, 6.251088159532372, 0.4153551610184394]
[19.999995285804175, 6.251088021928595, 0.4153549312699951]
[19.999995250234065, 6.251087935581012, 0.4153548903188593]
[19.99999527334137, 6.25108799078987, 0.41535483240437543]
[19.9999953401707, 6.251087975999525, 0.41535494712023535]
[19.999995274127798, 6.251088035939439, 0.4153549969057053]
[19.999995280988685, 6.251088077328845, 0.41535508135866905]
[19.99999518387665, 6.251088023425055, 0.41535469273361514]
[19.999995307679228, 6.251087972049902, 0.41535467638698265]
[19.99999542097936, 6.251087989545113, 0.4153547797395163]
[19.99999525698422, 6.251087970951048, 0.41535521010780485]
[19.999995324889426, 6.251087945750527, 0.4153549676976951]
[19.99999518311438, 6.251087975510131, 0.4153551375315203]
[19.999995182199314, 6.251087960952702, 0.4153549531117733]
[19.999995353080976, 6.251087894311979, 0.4153549326859576]
[19.999995317780815, 6.25108810583308, 0.415355035443568]
[19.99999537665576, 6.2510880041307075, 0.4153549074588483]
[19.99999524184642, 6.251088024542696, 0.4153547877813537]
[19.999995267732515, 6.251087995186936, 0.4153551547360337]
[19.999995375702554, 6.251088055494549, 0.4153553120414415]
[19.999995309503106, 6.251088018427836, 0.41535502383194967]
[19.999995359285094, 6.251087927927813, 0.4153551098117845]
[19.999995353923055, 6.251088125460143, 0.415355063586361]
[19.99999531682471, 6.25108802462325, 0.41535527851219456]
[19.99999532171131, 6.251087904994847, 0.41535509887454225]
[19.99999522109738, 6.2510879096901135, 0.41535521649700513]
[19.999995268244675, 6.251087837132076, 0.41535531180863927]
[19.999995273433, 6.251087980505332, 0.41535528110216546]
[19.99999532592517, 6.251087947031053, 0.41535510442052725]
[19.999995130357433, 6.251087867600745, 0.41535486074226924]
[19.999995353615873, 6.251088009455302, 0.4153552853503726]
[19.999995352299834, 6.251087934731288, 0.4153552648418355]
[19.999995323505402, 6.251087978251306, 0.4153551399818056]
[19.99999527027154, 6.251088146394352, 0.4153547399695867]
[19.999995357631065, 6.251087788673374, 0.41535546375132526]
[19.999995389906758, 6.251088128737763, 0.41535494181161425]
[19.999995271788066, 6.251087858250656, 0.41535529984170694]
[19.999995281375277, 6.251087942083089, 0.415355210349432]
[19.99999524178793, 6.251087819109841, 0.41535504746434526]
[19.999995306133428, 6.251087935098113, 0.41535500442900997]
[19.999995333336983, 6.251087878256186, 0.4153549771495193]
[19.999995276441496, 6.251087837173486, 0.41535524387425937]
[19.9999952988955, 6.251087954648938, 0.4153551733794245]
[19.999995333706295, 6.251087856505848, 0.4153555214634821]
[19.99999536378482, 6.2510880394096375, 0.41535503959767794]
[19.999995335207473, 6.2510878426267595, 0.4153553339008269]
[19.999995187775312, 6.251087795018378, 0.4153551530334667]
[19.999995152242832, 6.2510880019349315, 0.4153550010057927]
[19.9999953002594, 6.251087874335042, 0.4153552846799755]
[19.99999524491568, 6.251087926857906, 0.4153552465396473]
[19.999995275876472, 6.251087977949695, 0.41535540456963105]
[19.99999530813551, 6.251087824462388, 0.41535522416492654]
[19.99999519935409, 6.251087846589826, 0.41535531450617214]
[19.999995421115386, 6.251087818651854, 0.4153557702896933]
[19.99999531421173, 6.251087951333631, 0.4153553874246825]
[19.999995347045, 6.2510878047995675, 0.4153553321585264]
[19.99999534000608, 6.251087777513753, 0.41535528439147384]
[19.999995273695447, 6.251087802560818, 0.4153550936306942]
[19.999995260707465, 6.251087838339231, 0.4153551752416078]
[19.9999952172451, 6.2510878820667415, 0.41535516335673606]
[19.99999535685896, 6.2510878231530995, 0.41535542779139334]
[19.999995263401956, 6.251087896376674, 0.41535554536916663]
[19.999995307974302, 6.251087872779905, 0.4153554295584456]
[19.999995289198182, 6.251087692900086, 0.4153552007585404]
[19.99999528471517, 6.25108790914544, 0.41535548924652943]
[19.999995379598772, 6.251087890697633, 0.4153552005874417]
[19.999995259247555, 6.251087774211172, 0.4153555486065841]
[19.99999532288598, 6.2510879169886095, 0.41535552246023144]
[19.999995170436705, 6.2510878183697685, 0.4153555742457513]
[19.99999527278942, 6.251087878550663, 0.4153554705330009]
[19.999995239717805, 6.251088047992482, 0.41535528327419513]
[19.999995214417822, 6.25108784794395, 0.41535531106404733]
[19.999995246354104, 6.251087944580689, 0.41535545724360645]
[19.999995227320085, 6.251087997440408, 0.4153553139414896]
[19.999995257005537, 6.251087876508464, 0.4153557397902432]
[19.99999517184699, 6.251087956891695, 0.41535541282405575]
[19.999995330936486, 6.251087735280322, 0.415355336856031]
[19.99999530947099, 6.251087951525619, 0.4153552793841797]
[19.999995357622765, 6.251087838719812, 0.4153554399668167]
[19.999995245793798, 6.251087968792234, 0.4153555391564794]
[19.999995226320152, 6.251087882463111, 0.41535527464145616]
[19.999995231492335, 6.251087788448814, 0.4153552594273435]
[19.999995272151068, 6.251087836744773, 0.4153555831353657]
[19.999995282452574, 6.251087729778902, 0.41535553286922067]
[19.9999952888154, 6.2510878295995695, 0.41535560525257154]
[19.99999530185636, 6.2510876665078, 0.4153555255332435]
[19.99999532866974, 6.25108775659163, 0.41535558232621383]
[19.999995313387558, 6.251087715224955, 0.4153556279711381]
[19.999995354674468, 6.251087852522716, 0.41535534299855215]
[19.999995291802406, 6.251087868950123, 0.4153553980059712]
[19.999995161942024, 6.251087769503158, 0.415355196828358]
[19.99999524830025, 6.251087580234753, 0.4153553585203724]
[19.99999522876999, 6.251087777726099, 0.4153552415974957]
[19.99999528935723, 6.251087809462348, 0.41535568969919723]
[19.99999530433206, 6.251087600299627, 0.41535534295540444]
[19.999995147678078, 6.251087808979875, 0.4153553133410579]
[19.999995255898398, 6.251087670780626, 0.4153557186157286]
[19.999995137348947, 6.25108770774127, 0.4153555788293488]
[19.99999523538031, 6.251087558062096, 0.41535556814970676]
[19.999995240567614, 6.251087843499079, 0.4153557660588092]
[19.999995105408686, 6.251087773061634, 0.4153553864630908]
[19.999995178459244, 6.25108782807952, 0.4153556418927309]
[19.999995186848537, 6.251087742843069, 0.41535521484365745]
[19.999995301719537, 6.251087811866213, 0.4153556547780113]
[19.999995184077193, 6.2510876758439915, 0.41535565347793835]
[19.999995139495525, 6.251087548764858, 0.4153554316070682]
[19.999995121091956, 6.251087666692058, 0.4153554509318411]
[19.999995212009367, 6.251087761756949, 0.4153556641582412]
[19.999995101408842, 6.251087766936607, 0.41535558980590537]
[19.99999519278964, 6.251087650256082, 0.4153553351375905]
[19.999995297493683, 6.251087723845419, 0.41535571399461446]
[19.999995151299572, 6.251087659025899, 0.41535591530293914]
[19.999995282928467, 6.2510878173209505, 0.41535541219775496]
[19.999995245788682, 6.251087797965113, 0.4153555050381925]
[19.999995152532392, 6.251087662708869, 0.41535538877331746]
[19.999995134425603, 6.2510876443711005, 0.41535571233792723]
[19.999995186474735, 6.251087836261519, 0.41535539977816427]
[19.99999509713274, 6.251087897316765, 0.41535565484591075]
[19.999995198418844, 6.251087811607178, 0.4153555373939355]
[19.99999519331385, 6.251087691972103, 0.4153557157826526]
[19.99999525193391, 6.251087853604815, 0.41535583337901016]
[19.999995357320245, 6.2510877853824525, 0.4153557387675164]
[19.999995160570904, 6.2510877022041065, 0.41535553631629796]
[19.999995177519793, 6.251087786008611, 0.4153554773916781]
[19.99999535710822, 6.2510877872973225, 0.41535543886129744]
[19.999995151996586, 6.251087653791018, 0.4153554186035251]
[19.999995240616954, 6.251087701674649, 0.41535533478233333]
[19.99999502437481, 6.251087821025465, 0.41535589942582263]
[19.99999535857887, 6.251087950649321, 0.415355613340779]
[19.999995302015805, 6.251087738085587, 0.41535572307918756]
[19.999995288715922, 6.251087722501303, 0.41535550380901043]
[19.999995206882886, 6.251087676904689, 0.4153555552813657]
[19.999995208379175, 6.251087787256608, 0.4153556496201247]
[19.999995316934474, 6.25108773357443, 0.415355714071282]
[19.99999520641728, 6.2510878146674, 0.41535553235075895]
[19.99999529787715, 6.251087637789027, 0.41535545426120635]
[19.999995341313706, 6.251087778598837, 0.4153554197450262]
[19.999995231963226, 6.251087696807897, 0.41535556243850635]
[19.999995274721414, 6.251087553476864, 0.41535548277079215]
[19.999995209082556, 6.251087734462914, 0.4153557129335326]
[19.999995236591758, 6.25108778360336, 0.4153554547602596]
[19.999995136779035, 6.251087792815554, 0.41535568140174917]
[19.999995140101134, 6.25108775601268, 0.41535565344075565]
[19.999995227804106, 6.251087790582503, 0.41535572346760574]
[19.999995266687677, 6.251087648345859, 0.4153555711496324]
[19.999995200455487, 6.2510876631885175, 0.4153555913926539]
[19.9999953721848, 6.251087751193808, 0.4153556053932448]
[19.99999519638743, 6.251087760702738, 0.41535546399614987]
[19.99999504113964, 6.251087665095696, 0.41535556031213616]
[19.99999518721347, 6.25108776658746, 0.4153555460253333]
[19.99999514986507, 6.251087801581434, 0.41535576756420234]
[19.999995286041553, 6.251087714860919, 0.41535533160687343]
[19.999995348083985, 6.251087827538413, 0.4153555123361343]
[19.99999525776957, 6.251087756825257, 0.4153556605991753]
[19.99999522639655, 6.251087776631742, 0.41535550190886283]
[19.999995316470404, 6.251087778637384, 0.41535571965397367]
[19.999995300319142, 6.251087700323787, 0.4153556354588659]
[19.999995310910435, 6.251087658085311, 0.4153554204466161]
[19.999995266447172, 6.251087634370638, 0.4153559451389981]
[19.999995354420435, 6.251087757277411, 0.4153554765541685]
[19.999995191916355, 6.251087772209019, 0.4153554909933064]
[19.99999516828325, 6.251087698161307, 0.41535567829291864]
[19.999994986182855, 6.250925656189793, 0.41540607657589135]
[20.00002169504478, 6.250265493581537, 0.4158243671990931]
[20.000525100767845, 6.24484078749083, 0.4171790983527899]
[20.001274666268728, 6.2391783251659945, 0.41710106207756326]
[20.001100442226743, 6.230183014879003, 0.4181112915939593]
[20.001098575452488, 6.2185386903584, 0.4190850138256792]
[20.001329298102064, 6.211466589127667, 0.4203514276014175]
[20.001269347339985, 6.211231571098324, 0.42079311127599794]
[20.001130775592173, 6.211883711555856, 0.4209585534990765]
[20.00101857620666, 6.210270231793402, 0.42079527479654644]
[20.001024854198477, 6.211580756993499, 0.4209402135020355]
[20.001003431090794, 6.211319454596378, 0.4208628026826773]
[20.000692177010933, 6.213105039903894, 0.421333194263525]
[20.000420999112976, 6.194723546504974, 0.423716755816713]
[20.00038649092312, 6.153884251601994, 0.43242507718969136]
[19.999910884944256, 6.133958254125901, 0.43346134992316365]
[19.99993165579508, 6.138845513138222, 0.4330129315130762]
[19.99956171365193, 6.0722268633544445, 0.4357228050357662]
[19.999039978225483, 5.928043097257614, 0.4345539369387552]
[19.995911880920175, 5.7224542535841465, 0.43510305584641173]
[19.990095954737626, 5.49505327641964, 0.43532774196137325]
[19.980701701017097, 5.219436623156071, 0.43490564153762534]
[19.970189768821, 4.911319889128208, 0.4352155199740082]
[19.96031965292059, 4.586101911962032, 0.43474179932672996]
[19.953242354211397, 4.254598319530487, 0.4347309533477528]
[19.949740000512975, 3.9242289438843727, 0.43482480065722484]
[19.956760966102593, 3.5960509851574898, 0.43489783236873336]
[19.967994005419314, 3.2668715715408325, 0.43487961115897633]
[19.98794379737228, 2.932418741285801, 0.43491140494006686]
[20.021152711473405, 2.589320421218872, 0.43470288897515275]
[20.070729725062847, 2.2369034066796303, 0.43494320483841875]
[20.13464219868183, 1.8806050941348076, 0.4347834191721631]
[20.22125560231507, 1.5296397358179092, 0.434902972105192]
[20.32104068621993, 1.1890188455581665, 0.43503804149804637]
[20.435820722952485, 0.8647616282105446, 0.43429682005080394]
[20.565348647534847, 0.5597815960645676, 0.4348266683227848]
[20.711950443685055, 0.27102524042129517, 0.43500503100221977]
[20.880271572619677, -0.0038429126143455505, 0.4338215875905007]
[21.066237278282642, -0.27151741087436676, 0.4349256935529411]
[21.27413648366928, -0.5308593735098839, 0.4355923687107861]
[21.50255636125803, -0.7767807394266129, 0.4343316350132227]
[21.745766647160053, -1.0029133707284927, 0.4348777604463976]
[21.99700625985861, -1.2060034796595573, 0.43510632577817887]
[22.25570524483919, -1.3800603188574314, 0.434560296300333]
[22.520106703042984, -1.5296874344348907, 0.4348341681470629]
[22.79185549914837, -1.657161895185709, 0.4352085107238963]
[23.07458183914423, -1.760856356471777, 0.4350359579839278]
[23.36728297173977, -1.846572333946824, 0.43475548128481023]
[23.66816668957472, -1.9080784572288394, 0.4349772233108524]
[23.975913397967815, -1.9409455549903214, 0.435042944343877]
[24.284880191087723, -1.946893696906045, 0.4348498579201987]
[24.590586327016354, -1.9331884845159948, 0.43457482545636594]
[24.89021249860525, -1.8921121004968882, 0.43470225235796534]
[25.183029539883137, -1.8259853068739176, 0.4349269669110072]
[25.467464193701744, -1.7343873493373394, 0.43527670827461407]
[25.743260346353054, -1.6214846298098564, 0.43486139469314367]
[26.00900861620903, -1.4871489256620407, 0.4345771638327278]
[26.258611265569925, -1.3279722034931183, 0.4347680136561394]
[26.49352988228202, -1.1500461138784885, 0.4349434065516107]
[26.711407721042633, -0.9545999094843864, 0.43497098958323477]
[26.908598832786083, -0.7425632551312447, 0.4346251836977899]
[27.088939301669598, -0.5178244151175022, 0.4352200392168015]
[27.247397150844336, -0.2777042128145695, 0.43509110261220485]
[27.381376346573234, -0.022198684513568878, 0.43489288345881505]
[27.496696757152677, 0.24417202174663544, 0.4347281480586389]
[27.589458437636495, 0.5179100036621094, 0.43500934887561016]
[27.656775656156242, 0.7965363040566444, 0.43474606188829057]
[27.699404313229024, 1.0796288773417473, 0.4347154530114494]
[27.712512095458806, 1.3671676516532898, 0.434995340227033]
[27.7017235243693, 1.6580389067530632, 0.43503468894050457]
[27.670165725052357, 1.9505641385912895, 0.43458720625494607]
[27.61457077972591, 2.2413725927472115, 0.43473286256084975]
[27.531586971133947, 2.524952307343483, 0.4348953744483879]
[27.421197585761547, 2.7970352843403816, 0.4348677367233904]
[27.291493494063616, 3.0567534044384956, 0.43452693265862763]
[27.142515130341053, 3.3031914941966534, 0.4351246902224375]
[26.97152765467763, 3.5352886877954006, 0.434987107408233]
[26.77629617229104, 3.749838013201952, 0.4348900019285793]
[26.56526479870081, 3.9500637613236904, 0.43518641602713615]
[26.33905567973852, 4.13298237323761, 0.434949089481961]
[26.095047138631344, 4.293280608952045, 0.43482771739945747]
[25.836266316473484, 4.42847627773881, 0.43436042417306453]
[25.5698334723711, 4.542719341814518, 0.434821922572155]
[25.296309173107147, 4.635250443592668, 0.4345901950728148]
[25.0141616538167, 4.698829399421811, 0.4351186857747962]
[24.727262057363987, 4.734519504010677, 0.4352184044837486]
[24.439280316233635, 4.750601253006607, 0.4349346704548225]
[24.152944393455982, 4.743495893198997, 0.4348153430837556]
[23.87041801214218, 4.705926557071507, 0.4352184685121756]
[23.593303993344307, 4.640662398189306, 0.4348373755783541]
[23.319707483053207, 4.557692497968674, 0.43444166393601336]
[23.052104756236076, 4.450916467234492, 0.434773055036203]
[22.793968550860882, 4.31622900813818, 0.43476222120807506]
[22.551461525261402, 4.154485315084457, 0.4344881609431468]
[22.322231337428093, 3.9778376519680023, 0.4349348822106549]
[22.108397405594587, 3.786136534065008, 0.4347518467257032]
[21.914804447442293, 3.5742488987743855, 0.43494687719794456]
[21.74581052362919, 3.3410837277770042, 0.4352873967436608]
[21.594855662435293, 3.094103366136551, 0.4348903869104106]
[21.460417229682207, 2.837002232670784, 0.4344493020907976]
[21.350630313158035, 2.5688450187444687, 0.4347966643690597]
[21.270451525226235, 2.290054813027382, 0.4348372225067578]
[21.218505485914648, 2.0059263333678246, 0.4343841236550361]
[21.18498092936352, 1.72085240483284, 0.43497086776187643]
[21.168343842495233, 1.4598158076405525, 0.43536966291139834]
[21.13800839195028, 1.3558453605510294, 0.4358906820998527]
[21.15732474811375, 1.4013161268085241, 0.43280945767764933]
[21.154204085003585, 1.411961941048503, 0.43534404487581924]
[21.15366739872843, 1.4002736881375313, 0.4344304260066565]
[21.150559586356394, 1.3916741918073967, 0.4348948369733989]
[21.148878114647232, 1.401266356697306, 0.43545778625411913]
[21.149457828869345, 1.3989985648076981, 0.4350005327141844]
[21.15242837186088, 1.3846081607043743, 0.43488506713765673]
[21.158915480482392, 1.3491844506934285, 0.43549089549924247]
[21.177664888557047, 1.2639465425163507, 0.436092350340914]
[21.203220843337476, 1.0998796485364437, 0.4352700942545198]
[21.209353258367628, 0.9580937772989273, 0.4347760424716398]
[21.19903440179769, 0.9693604968488216, 0.4356151107713231]
[21.19532036583405, 0.9795287889428437, 0.4361882783123292]
[21.198118457570672, 0.970562151633203, 0.4345133935275953]
[21.203744017519057, 0.9663009524228983, 0.4346924454293912]
[21.2045424413227, 0.9642166157718748, 0.4351748045592103]
[21.204044073470868, 0.9645961042260751, 0.4340775360178668]
[21.20658851560438, 0.9589286207337864, 0.4349705077765975]
[21.201811567065306, 0.9719992964528501, 0.43520309415180236]
[21.201052041025832, 0.9748667383100837, 0.4349596765532624]
[21.218286904506385, 0.9272460136562586, 0.4359681270434521]
[21.264273380860686, 0.7937325611710548, 0.4356248084222898]
[21.36482134461403, 0.5522194355726242, 0.43555959057994187]
[21.469346046447754, 0.27123618870973587, 0.43446658496395685]
[21.519300934043713, 0.08673776872456074, 0.4349992552488402]
[21.507153157377616, 0.10400493443012238, 0.43745884715463035]
[21.507148620672524, 0.12865407760546077, 0.4357018508017063]
[21.50010485854, 0.1462563641835004, 0.43586560618132353]
[21.512045109993778, 0.13174436939880252, 0.43530788589851]
[21.516266926017124, 0.12159697280731052, 0.434502486292331]
[21.51126450530137, 0.12769570108503103, 0.43541182071203366]
[21.50821880775038, 0.13243930363387335, 0.4357613746833522]
[21.512173410039395, 0.12405418499838561, 0.4350207585230237]
[21.512248123442987, 0.12365018774289638, 0.43506995819916483]
[21.509395857690834, 0.128040025010705, 0.43550007920566713]
[21.51003746659262, 0.12708320189267397, 0.4353635072038742]
[21.512141976942075, 0.12413209983787965, 0.43512893753359094]
[21.511252274445724, 0.12562964484095573, 0.43529938373103505]
[21.510435037314892, 0.12727255154459272, 0.43548955585174554]
[21.511693551641656, 0.1252083209110424, 0.4352818764809854]
[21.511652874251013, 0.12515340582467616, 0.4353101509150292]
[21.510773817175505, 0.12645245120802429, 0.4354097110190196]
[21.511181077643414, 0.12576141390309203, 0.43532892670918955]
[21.511543440011337, 0.12516485406740685, 0.43532548157418205]
[21.511021601196262, 0.12596236323588528, 0.4353754537842178]
[21.511039592758607, 0.12594171302043833, 0.4353810408811114]
[21.511412861025747, 0.1253913481341442, 0.4353377516690671]
[21.511214825448405, 0.12571424938505515, 0.4353571569104133]
[21.511076496974965, 0.12594130975594453, 0.4353939802048785]
[21.511305192998407, 0.12560175405087648, 0.43535492973092005]
[21.511289766600385, 0.12562244063883554, 0.43536237897887986]
[21.511137012118525, 0.12585306208347902, 0.4353850458310262]
[21.511226042614, 0.1257135037703847, 0.43536655150001025]
[21.51128392871601, 0.12561772472508892, 0.43536640363936385]
[21.51118349968783, 0.125767302026361, 0.4353774086412159]
[21.511193273719982, 0.1257512161064369, 0.43537528386787017]
[21.511258877735145, 0.12565060822180385, 0.4353687224845544]
[21.511215419166547, 0.1257192170360213, 0.4353731171433992]
[21.5111946506579, 0.12575253768955008, 0.4353782430088131]
[21.51123967787089, 0.1256869966218801, 0.43537170038825934]
[21.511232742142056, 0.12569775700012542, 0.43537351222357756]
[21.51120548798235, 0.12574072772054024, 0.4353775868555658]
[21.511226449236347, 0.12570835354290466, 0.43537417653033117]
[21.511234552992164, 0.12569650192017434, 0.43537333246587195]
[21.511216146273, 0.12572361540514976, 0.4353767866650742]
[21.51122010553172, 0.1257182961635408, 0.4353759591199946]
[21.51123179834019, 0.12570036395302964, 0.43537445523023166]
[21.51122209754385, 0.1257148500940275, 0.4353762242093353]
[21.511219901788024, 0.12571830285901342, 0.435376692550804]
[21.511228072978156, 0.12570620320570924, 0.43537544631661085]
[21.51122605213851, 0.12570822491170475, 0.43537598985335535]
[21.51122151781732, 0.12571509299414174, 0.43537665375936285]
[21.51122487843236, 0.12570965559507385, 0.43537580528112585]
[21.511226653562517, 0.12570704813094835, 0.4353763319504651]
[21.511222910593688, 0.12571378362213181, 0.4353762567417334]
[21.51122534744644, 0.12570949284099697, 0.43537659804428586]
[21.511227330458496, 0.12570767430796081, 0.43537654446318186]
[21.511225106939264, 0.12571169824866502, 0.4353767606085057]
[21.511226264652436, 0.12571015658275542, 0.43537691803989276]
[21.511228081823106, 0.1257074210132032, 0.43537679036978716]
[21.511226887646842, 0.12570943611515872, 0.43537669669904844]
[21.511226513743637, 0.12571008113343396, 0.43537715698787594]
[21.511229164016584, 0.12570635557420928, 0.43537751019783855]
[21.511227782351966, 0.1257087320749406, 0.43537731057652707]
[21.511227851135686, 0.12570791560847283, 0.4353777724811181]
[21.511228971755315, 0.1257074006076806, 0.4353781278313136]
[21.511229355769387, 0.1257060844539808, 0.43537788658527177]
[21.511228555418793, 0.12570722958810165, 0.4353784364493549]
[21.511228784699227, 0.12570741836231747, 0.4353782474170629]
[21.511230454802394, 0.12570411129820513, 0.43537873739443]
[21.511229754822125, 0.12570637170176724, 0.43537837203354]
[21.511229225918328, 0.12570615531457463, 0.4353789661197993]
[21.511230681614094, 0.1257049597131754, 0.4353788687707336]
[21.51123151872673, 0.1257038971685347, 0.4353790028118283]
[21.511230570492764, 0.125705292215617, 0.4353792831228276]
[21.51123166513429, 0.12570441668071908, 0.4353796048117431]
[21.51123230632659, 0.12570317857682767, 0.435379732883888]
[21.51123213812177, 0.12570361210725878, 0.43537952040864525]
[21.51123263256028, 0.12570367211657185, 0.43537997313070775]
[21.511233284987384, 0.125702479323472, 0.4353804367003704]
[21.511234265695226, 0.12570187346830153, 0.4353804372308616]
[21.51123377673747, 0.125702063079288, 0.43538019112136794]
[21.511234063665597, 0.12570229585674042, 0.4353803541548018]
[21.511235842895985, 0.12569937393816133, 0.43538094906278957]
[21.511235901646018, 0.12569995951093915, 0.43538152086875925]
[21.511235316835325, 0.12570194076040053, 0.43538119343577364]
[21.511236604616215, 0.12569958978377826, 0.43538129613260423]
[21.511236503939614, 0.12570087993555035, 0.43538115286656875]
[21.51123651716435, 0.1257004114844733, 0.43538157802223054]
[21.511236830145208, 0.12570003863936563, 0.4353813025118143]
[21.511235423179983, 0.12570190991692698, 0.4353812691613612]
[21.511235859820943, 0.12569963962724273, 0.4353816947876794]
[21.5112362764497, 0.12570079934312162, 0.4353811541873256]
[21.511236132345353, 0.12569958347390298, 0.4353815981371554]
[21.511235991658083, 0.1257011443655074, 0.4353813232348642]
[21.51123623785, 0.12570058592586975, 0.4353812895384408]
[21.51123681443181, 0.12569990941517517, 0.4353814681176118]
[21.511236226094546, 0.12570082702124807, 0.43538148350434014]
[21.51123660562388, 0.1256997041411303, 0.43538140516030666]
[21.511236900433914, 0.12569984688077085, 0.43538154510402194]
[21.51123624476465, 0.12569990354120364, 0.4353812147736562]
[21.51123628577784, 0.12570050621064865, 0.4353813753706959]
[21.511236668588992, 0.12569997778854258, 0.43538123654452043]
[21.511236505043428, 0.12569990171033396, 0.4353814859740339]
[21.51123644431118, 0.12569981755001436, 0.4353815195958859]
[21.511236224858337, 0.1256995356706625, 0.4353813524854644]
[21.511235292390438, 0.1257003048906995, 0.4353816959997232]
[21.511236358177527, 0.12569952756336988, 0.4353813238992643]
[21.511236015366876, 0.1257001442623107, 0.43538140612309917]
[21.511236724166224, 0.1257001993061806, 0.43538115855578496]
[21.511237166063665, 0.12569951551392933, 0.43538113764502384]
[21.511236857017252, 0.125700545740699, 0.43538132985835887]
[21.51123651817136, 0.12570035841258687, 0.4353814092343953]
[21.511236758632037, 0.1256998395590756, 0.43538116301117213]
[21.51123621283249, 0.12570008188612292, 0.4353811340516387]
[21.511236779149044, 0.12569937778130225, 0.4353810067568098]
[21.511235711896234, 0.12570045861343715, 0.43538137126257936]
[21.51123599090819, 0.12570039186806525, 0.4353811657168478]
[21.51123669030278, 0.12569986103977726, 0.43538112300569765]
[21.511236548029643, 0.12570036648929772, 0.4353814559327134]
[21.511236749904867, 0.12569953980391801, 0.4353816645704285]
[21.511236916552434, 0.12570016229483372, 0.43538127909161517]
[21.511235851299205, 0.12570097357775012, 0.4353813045847801]
[21.51123682265063, 0.12570012370527195, 0.4353817588475408]
[21.511237089654912, 0.12570002683736448, 0.4353815130543808]
[21.511237480502928, 0.12569904937049614, 0.43538135061335814]
[21.511236480812386, 0.12570089211180857, 0.4353810833703733]
[21.511237068437993, 0.12569885225744315, 0.4353814648079748]
[21.511237156992365, 0.12569911708897052, 0.43538108229824957]
[21.51123698999271, 0.1256990591424767, 0.435381443222596]
[21.511236237514627, 0.12569964887848073, 0.4353812443882674]
[21.51123654029996, 0.1256992019894767, 0.435381208617855]
[21.51123683141128, 0.12569798325046122, 0.4353813065353336]
[21.511236043304564, 0.12569979003976073, 0.4353815556564484]
[21.5112363691222, 0.12569895258859987, 0.4353812586205379]
[21.511236689715247, 0.12569888006186147, 0.43538132633925386]
[21.51123628180511, 0.12569895473120596, 0.43538167445686327]
[21.511235866611003, 0.1257005786498553, 0.4353810295261695]
[21.511236208834383, 0.12569908745871317, 0.43538119965916167]
[21.511236689276473, 0.125699854765287, 0.43538148650912945]
[21.511237021631814, 0.12569866582974498, 0.435381537555827]
[21.51123648674411, 0.12570032060642689, 0.4353813839264262]
[21.511236798166692, 0.12569920920185496, 0.43538125668548844]
[21.511236461808124, 0.12569945897223533, 0.4353816414014773]
[21.511236493866647, 0.12569956296624696, 0.43538128504667384]
[21.511236249061554, 0.12569924130458432, 0.4353812122334766]
[21.511236453518023, 0.12569970341024828, 0.4353810469784918]
[21.511236563614375, 0.1256996600230309, 0.4353813099791637]
[21.51123717889618, 0.125699628682014, 0.435381231253146]
[21.51123704055459, 0.12569941890194514, 0.43538121656271755]
[21.511236301076977, 0.12570082248998915, 0.43538158001493343]
[21.511237719167156, 0.12569832689683835, 0.43538118777615864]
[21.5112364113306, 0.12569989451105812, 0.4353816238159425]
[21.511236960597444, 0.12569963733423606, 0.43538150877472503]
[21.51123685039022, 0.1256992955976557, 0.43538151164003125]
[21.511237377705243, 0.12569909241295818, 0.43538109882993226]
[21.511236614273912, 0.12570015517576394, 0.4353811727234955]
[21.51123660559469, 0.12569914913405, 0.4353812825835348]
[21.51123681725784, 0.12569905503733025, 0.4353809982210066]
[21.511235832400075, 0.12569968508944385, 0.4353813406308866]
[21.511236124452658, 0.12569949204113584, 0.43538160087253175]
[21.511236348860194, 0.1256988615264163, 0.4353812681463012]
[21.511235960165166, 0.12569992993728363, 0.4353812517693285]
[21.511236548295756, 0.1256997592067819, 0.4353814466338122]
[21.51123733611962, 0.12569864753706383, 0.4353812778702064]
[21.51123670489426, 0.12569957832245393, 0.43538128174438384]
[21.51123657075013, 0.12569963532575912, 0.4353812843679208]
[21.511237462242548, 0.12569775461341237, 0.4353812639987211]
[21.511235763797117, 0.12569968072330084, 0.4353814919971697]
[21.5112372314436, 0.12569743515177834, 0.43538118640441326]
[21.51123554952943, 0.12570048244822374, 0.4353810071255566]
[21.511237648264284, 0.1256968205694875, 0.4353815784352548]
[21.511236679164597, 0.12569963233772796, 0.43538084197174953]
[21.511236815977668, 0.12569773148820218, 0.4353812041278431]
[21.51123710330762, 0.12569809660624287, 0.43538098084453125]
[21.5112364870445, 0.1256985524375409, 0.43538110214267967]
[21.51123647712666, 0.12569829439466673, 0.4353811948433908]
[21.511236616102906, 0.1256985656947336, 0.43538133412272373]
[21.511236934708222, 0.12569834189707763, 0.4353814586711735]
[21.511237032347935, 0.12569944948546663, 0.4353813370620969]
[21.511237036265243, 0.125698997575455, 0.43538145952463125]
[21.511238055809713, 0.12569756723820547, 0.4353810815741497]
[21.511237003835674, 0.12569857367103054, 0.4353814470437669]
[21.511236351503854, 0.12569916923257551, 0.4353813165127036]
[21.511236578264004, 0.12569902606747974, 0.43538139871202475]
[21.511237370580602, 0.1256980591419392, 0.4353812562747166]
[21.511237179670047, 0.12569860520949305, 0.43538073032010516]
[21.51123620201057, 0.12570032823305155, 0.4353811960801437]
[21.5112372953011, 0.12569788807027749, 0.43538124725647265]
[21.511236844145515, 0.1256993446950787, 0.43538121792674733]
[21.51123711948236, 0.12569841871999188, 0.43538108290017696]
[21.511235731094217, 0.12570098064941249, 0.43538120539294667]
[21.511237453600074, 0.12569689916665538, 0.4353812225122624]
[21.511235807336675, 0.12570022672846903, 0.43538119384075635]
[21.511236150641665, 0.12569906287802723, 0.43538122692336856]
[21.51123682234254, 0.1256985313561927, 0.43538148613103544]
[21.511236883113156, 0.12569856840485727, 0.4353810596930927]
[21.511236713180494, 0.12569865325446017, 0.43538102672965806]
[21.51123577481357, 0.12569973931726963, 0.4353810051467235]
[21.51123690922128, 0.12569770814809544, 0.43538120115997003]
[21.511235811084106, 0.1256996653540341, 0.43538150556540245]
[21.511236363798247, 0.12569913138821676, 0.43538113981372817]
[21.511236637421405, 0.1256989108626385, 0.4353808469967362]
[21.51123643824718, 0.12569908024977394, 0.43538106790737885]
[21.51123607417147, 0.12569975784646203, 0.43538096370173207]
[21.511236823374702, 0.12569819443828578, 0.43538152382672024]
[21.511236136740088, 0.1256999230579936, 0.4353810567424148]
[21.511236599035414, 0.1256984756988686, 0.43538150586992685]
[21.511236061470868, 0.12570021270892084, 0.43538095941320876]
[21.511236702416056, 0.12569891341948392, 0.4353815664223788]
[21.51123653771691, 0.1256992621696611, 0.4353814763516688]
[21.511236421733045, 0.12569899112827443, 0.4353814028152101]
[21.511236259181317, 0.12569925233384538, 0.4353812055890387]
[21.511235964738802, 0.12569937328859737, 0.43538115629206686]
[21.51123576738641, 0.125699852610353, 0.4353812627221245]
[21.51123672738737, 0.12569891855230253, 0.4353815285143554]
[21.511236179334006, 0.12570018509716618, 0.4353815795714979]
[21.511236666210664, 0.12569946503867868, 0.43538131590753437]
[21.51123705238274, 0.12569889095743747, 0.4353815181697769]
[21.51123617338255, 0.12569897897824944, 0.43538133172248905]
[21.511235345330476, 0.12570036712509136, 0.43538098412045656]
[21.511236491283626, 0.12569824490336146, 0.43538153679698155]
[21.51123575426257, 0.12569958332477427, 0.4353814764180015]
[21.511235993891916, 0.1256997238293991, 0.43538108593463676]
[21.511237157134985, 0.12569802805495556, 0.435381356518036]
[21.511236173276846, 0.12570028459916216, 0.4353810982790378]
[21.511236609674484, 0.1256999430046335, 0.4353816779176043]
[21.511237434501027, 0.12569924899933937, 0.4353812776960808]
[21.511236723971194, 0.12570002611869313, 0.4353815240018548]
[21.511237369360174, 0.12569860055602078, 0.4353815033377373]
[21.511236368342722, 0.12569997877498906, 0.43538107552119953]
[21.511235924669137, 0.12569987984716136, 0.435381298903323]
[21.51123703207969, 0.12569806626432012, 0.4353815708087012]
[21.511236074162703, 0.12569965376758319, 0.43538128859466596]
[21.51123561883378, 0.1256996443925118, 0.4353815428582095]
[21.511236653548394, 0.12569910610920942, 0.4353810280084929]
[21.511236440591063, 0.1256994193695391, 0.4353809766824668]
[21.51123582497783, 0.12570099581012073, 0.43538146070568473]
[21.511236630812164, 0.12569944632093666, 0.4353814040478312]
[21.51123676651457, 0.12569961258969897, 0.4353814396982898]
[21.51123672030269, 0.12569980858211238, 0.43538137763070495]
[21.511236583245903, 0.12570051015779882, 0.4353812852912995]
[21.511237113991456, 0.12569936389581926, 0.4353814779963443]
[21.51123723401213, 0.12569979348128868, 0.43538112810065854]
[21.51123611984562, 0.12570061328347037, 0.43538136029695806]
[21.51123722246257, 0.12569899156468978, 0.4353814132614957]
[21.51123707350365, 0.12569902762675156, 0.4353810738828656]
[21.511235777034926, 0.1257011627576503, 0.43538166184179516]
[21.51123709026325, 0.1256989697886297, 0.4353818051384337]
[21.511237442887136, 0.12569809630770123, 0.4353813298344278]
[21.51123549055768, 0.12570061895928575, 0.43538130937636765]
[21.5112364574357, 0.12569942059830197, 0.43538130875786685]
[21.511236741761422, 0.1256982345840072, 0.4353812745038681]
[21.511235675185162, 0.12570078309340715, 0.4353808652704174]
[21.51123637994408, 0.12569924024569445, 0.43538163674608654]
[21.5112366201503, 0.12569913826462198, 0.4353810349258538]
[21.51123675886288, 0.12569879947756135, 0.43538120510899603]
[21.511236179119607, 0.1257003031554973, 0.4353814282850692]
