[5.001390444056597, 6.214429412677418, 0.42159565063775517]
[5.000989429012407, 6.2107960088178515, 0.4216311120399041]
[5.000933138624532, 6.207592840655707, 0.42217231733957306]
[5.001125300608692, 6.205218888935633, 0.4224521990545327]
[5.000947779946728, 6.197454473935068, 0.4239534019725397]
[5.0013842682528775, 6.175567450933158, 0.42816063412465155]
[5.0014510231267195, 6.1197668351233006, 0.43494476680643857]
[5.0018041136791, 6.010253936052322, 0.43576319538988173]
[5.006636891048402, 5.849513061344624, 0.4356087215128355]
[5.010519975330681, 5.652135290205479, 0.4350205817318056]
[5.015918968711048, 5.434079252183437, 0.43487621669191867]
[5.021516633452848, 5.205174654722214, 0.4344082844618242]
[5.027398847742006, 4.97042403370142, 0.43445599007827695]
[5.0326714417897165, 4.732124872505665, 0.4345432096743025]
[5.037203590385616, 4.49116862565279, 0.43466556126077194]
[5.0409886464476585, 4.247190669178963, 0.43462764109426644]
[5.043766729533672, 3.998464211821556, 0.4345987300039269]
[5.045074591005687, 3.741742640733719, 0.4345804690201476]
[5.044640699314186, 3.4720432609319687, 0.4346854995310423]
[5.042358917067759, 3.1821482330560684, 0.4345865268551279]
[5.036718811839819, 2.8645166903734207, 0.43425223461235873]
[5.027360450476408, 2.5147537142038345, 0.43357970329816453]
[5.012758515775204, 2.1344817876815796, 0.4329294707858935]
[4.992729245685041, 1.7302578687667847, 0.43237347647664137]
[4.966039988212287, 1.3098385035991669, 0.43194019779912196]
[4.9327235501259565, 0.879429504275322, 0.4317002820534981]
[4.891743674874306, 0.44301462173461914, 0.4316157376742922]
[4.842753369361162, 0.002682104706764221, 0.43147825912819826]
[4.78539066016674, -0.4407227039337158, 0.43145182448643027]
[4.719063602387905, -0.8873865902423859, 0.4315023913741243]
[4.643195599317551, -1.339281588792801, 0.4314593199160299]
[4.556644767522812, -1.8012685179710388, 0.4313811982428888]
[4.455935660749674, -2.2832480520009995, 0.43137915769148094]
[4.335956782102585, -2.8013947904109955, 0.43168154284649063]
[4.190006367862225, -3.373167783021927, 0.4319162399187917]
[4.013323314487934, -4.006615847349167, 0.43164920334675116]
[3.805294521152973, -4.695902854204178, 0.43178197581619315]
[3.569134384393692, -5.427585929632187, 0.4317341283240239]
[3.3079922944307327, -6.189366042613983, 0.43176653058617376]
[3.0242998600006104, -6.974873214960098, 0.43175970105039596]
[2.7194313555955887, -7.782337307929993, 0.43175560249295586]
[2.3962299674749374, -8.60979813337326, 0.4318779314380663]
[2.060380518436432, -9.451204687356949, 0.43187473243960994]
[1.7185453921556473, -10.299661368131638, 0.43162948440294713]
[1.3767942488193512, -11.150406032800674, 0.43119517591549084]
[1.0411934405565262, -11.99876382946968, 0.43102094332334673]
[0.7174662798643112, -12.83791896700859, 0.4309686409687856]
[0.4105702191591263, -13.657955199480057, 0.4304860915290192]
[0.14176338911056519, -14.4006806910038, 0.42586960759945214]
[-0.09847605973482132, -15.085642278194427, 0.4343802542425692]
[-0.33065254241228104, -15.75991603732109, 0.4364170074695721]
[-0.545732706785202, -16.432800769805908, 0.42554327193647623]
[-0.7294236421585083, -17.11047264933586, 0.4343009970616549]
[-0.899027518928051, -17.791566282510757, 0.43023393891053274]
[-1.0598063692450523, -18.483631908893585, 0.432159448886523]
[-1.2145690247416496, -19.193597674369812, 0.4309678132267436]
[-1.3587321415543556, -19.92476212978363, 0.4316197717380419]
[-1.4835801236331463, -20.672579258680344, 0.43138354889379116]
[-1.584794569760561, -21.429883658885956, 0.4314905757200904]
[-1.6642134822905064, -22.190994888544083, 0.43077506707049906]
[-1.723891643807292, -22.95156493782997, 0.4306652710947674]
[-1.7640733383595943, -23.706284642219543, 0.4307191981206415]
[-1.7797200800850987, -24.447637677192688, 0.430661158438852]
[-1.766920868307352, -25.165903985500336, 0.43069182623003144]
[-1.730217782780528, -25.844315588474274, 0.4303478338988498]
[-1.6763537917286158, -26.471497356891632, 0.4304637323366478]
[-1.6097047440707684, -27.072327733039856, 0.4304808310116641]
[-1.5300288945436478, -27.653629928827286, 0.43059322974295355]
[-1.4342495277523994, -28.219323724508286, 0.43040309456409886]
[-1.3168506249785423, -28.770575553178787, 0.43066480516426964]
[-1.1777473911643028, -29.309297740459442, 0.431071604922181]
[-1.0204754993319511, -29.839314937591553, 0.4306782502972055]
[-0.8474123477935791, -30.36552530527115, 0.4311320547312789]
[-0.6591407656669617, -30.891596645116806, 0.43087074897630373]
[-0.4526727423071861, -31.417508244514465, 0.43132451907149516]
[-0.22537516802549362, -31.940220087766647, 0.4308027256411151]
[0.02388395369052887, -32.45602312684059, 0.4308871556422673]
[0.29275810718536377, -32.963251888751984, 0.43095424346392974]
[0.5788392722606659, -33.46089190244675, 0.43049225420691073]
[0.8815063834190369, -33.94686132669449, 0.4308162529778201]
[1.2002170830965042, -34.41879020631313, 0.43051473394916684]
[1.5350652635097504, -34.873993411660194, 0.4305300019623246]
[1.8847505003213882, -35.31208848953247, 0.43092173553304747]
[2.247866168618202, -35.734958842396736, 0.4306381715796306]
[2.625074550509453, -36.14484167098999, 0.4308663251613325]
[3.0185578912496567, -36.54490236938, 0.43091531115351245]
[3.4347693026065826, -36.93870076537132, 0.43116190447472036]
[3.8847179263830185, -37.33341398835182, 0.43163557030493394]
[4.381289094686508, -37.73822410404682, 0.4314973988512065]
[4.932248055934906, -38.15576687455177, 0.4316871831251774]
[5.534688055515289, -38.58081007003784, 0.43144879121973645]
[6.17895433306694, -39.003676533699036, 0.4313966700210585]
[6.85480010509491, -39.415221869945526, 0.4312441079055134]
[7.554701417684555, -39.809041276574135, 0.4310935892499401]
[8.274705857038498, -40.17987611889839, 0.4310597513685934]
[9.012611359357834, -40.52500404417515, 0.43120747234206647]
[9.767662405967712, -40.8441626727581, 0.43107645481359214]
[10.541280657052994, -41.13900311291218, 0.43143887852784246]
[11.33782160282135, -41.41328303515911, 0.43150042067100003]
[12.165943562984467, -41.66974085569382, 0.4318557891238015]
[13.03562644124031, -41.9095840677619, 0.4317903049859524]
[13.953024357557297, -42.13127509504557, 0.4319572445419908]
[14.916508436203003, -42.33245877176523, 0.43187279975154524]
[15.918561160564423, -42.51088612526655, 0.431769075581542]
[16.950233161449432, -42.66440923511982, 0.43167445109975233]
[18.00428158044815, -42.791162848472595, 0.431650114119293]
[19.076339781284332, -42.88955916836858, 0.4316764453178621]
[20.164999663829803, -42.95906063914299, 0.43171018611519685]
[21.272065818309784, -43.00022712163627, 0.43184098903657286]
[22.402908504009247, -43.01411441480741, 0.4319458919817407]
[23.565727710723877, -43.001605320721865, 0.43210991231171647]
[24.768348395824432, -42.96288608759642, 0.43222580249857856]
[26.013693749904633, -42.89815317839384, 0.4322645622523851]
[27.29823249578476, -42.8087690025568, 0.43226238205352274]
[28.614469587802887, -42.69749258458614, 0.4322053542273352]
[29.954792082309723, -42.567772194743156, 0.4321929228881345]
[31.313907384872437, -42.42376820743084, 0.43220862024008966]
[32.688832342624664, -42.26967070996761, 0.4323430789008853]
[34.07747107744217, -42.10939275473356, 0.4323551989145926]
[35.478819668293, -41.9460533708334, 0.4323929823526669]
[36.893271028995514, -41.78186348825693, 0.43238963515386786]
[38.32331436872482, -41.61820165812969, 0.43246326880762354]
[39.775970339775085, -41.45532546937466, 0.4325609580919263]
[41.26374816894531, -41.29220800101757, 0.4327120335874497]
[42.80092078447342, -41.127360336482525, 0.43287364364005043]
[44.39486908912659, -40.96003310382366, 0.4328648671034898]
[46.04127371311188, -40.790727749466896, 0.4327653388172621]
[47.72770071029663, -40.620490074157715, 0.43264769916277146]
[49.441317081451416, -40.44972055405378, 0.4325431494071381]
[51.17330878973007, -40.27773467451334, 0.432510423781423]
[52.91913014650345, -40.10254026949406, 0.4325113476443221]
[54.67744046449661, -39.920967154204845, 0.43254977682227036]
[56.44958275556564, -39.72905279695988, 0.4326072251533333]
[58.23974949121475, -39.522854030132294, 0.43269985173174064]
[60.055615305900574, -39.299047097563744, 0.4328192526008934]
[61.90619146823883, -39.055731542408466, 0.432926899913582]
[63.796117305755615, -38.79238644242287, 0.4330009525164087]
[65.7231274843216, -38.510882541537285, 0.432883561552444]
[67.67968600988388, -38.21462465822697, 0.43281444061358343]
[69.6579577922821, -37.9071431607008, 0.4327178559615277]
[71.65238481760025, -37.591929867863655, 0.43277226267309743]
[73.65932512283325, -37.2718561142683, 0.4328097622419591]
[75.67567765712738, -36.949330911040306, 0.4328440229546686]
[77.69808983802795, -36.626218900084496, 0.43273716430121567]
[79.72307193279266, -36.303680539131165, 0.4326026633862057]
[81.74717402458191, -35.98206539452076, 0.43248298014805187]
[83.76652872562408, -35.66105216741562, 0.4324279363754613]
[85.77656376361847, -35.340237110853195, 0.43236828645422065]
[87.77204269170761, -35.019590854644775, 0.4322818577711587]
[89.74666726589203, -34.69984881579876, 0.432203795417081]
[91.66793537139893, -34.38657155632973, 0.4290398566517979]
[93.47404569387436, -34.09052808582783, 0.43253151047974825]
[95.25117099285126, -33.79822212457657, 0.4557833904400468]
[97.00990170240402, -33.50840902328491, 0.44092484656721354]
[98.75340974330902, -33.22202053666115, 0.4245585489552468]
[100.48201090097427, -32.93913991749287, 0.4349897946231067]
[102.19081354141235, -32.65834678709507, 0.43079637945629656]
[103.88012140989304, -32.37773621082306, 0.43225505540613085]
[105.5492417216301, -32.09620539844036, 0.43164016294758767]
[107.19509690999985, -31.814334854483604, 0.43311327404808253]
[108.80328208208084, -31.53412516415119, 0.4282198545988649]
[110.3104807138443, -31.269137501716614, 0.43013545614667237]
[111.78501504659653, -31.010652333498, 0.4442411414347589]
[113.24437910318375, -30.756212025880814, 0.4357898160815239]
[114.68834668397903, -30.49310962855816, 0.42861887626349926]
[116.11346185207367, -30.214862510561943, 0.43358037038706243]
[117.51932847499847, -29.9305557012558, 0.43147718254476786]
[118.90720903873444, -29.64812457561493, 0.43122496001888067]
[120.27741020917892, -29.373198464512825, 0.43174330156762153]
[121.62682229280472, -29.107172831892967, 0.4319809366716072]
[122.93260359764099, -28.854344584047794, 0.42845393519382924]
[124.18341982364655, -28.61290243268013, 0.4324925612891093]
[125.40592473745346, -28.3723316565156, 0.4303037011413835]
[126.60001796483994, -28.13114085048437, 0.4320439545554109]
[127.76613396406174, -27.891332678496838, 0.43095391234601266]
[128.90502750873566, -27.655028089880943, 0.431736629398074]
[130.01576775312424, -27.42441438883543, 0.430852658173535]
[131.09491795301437, -27.201275527477264, 0.4313478995463811]
[132.1452353000641, -26.984844535589218, 0.43094858957920223]
[133.16552585363388, -26.77497636526823, 0.43106555203848984]
[134.15522119402885, -26.571570090949535, 0.43097590493562166]
[135.11574947834015, -26.37402105331421, 0.43094846242456697]
[136.04793393611908, -26.182204626500607, 0.4309161599667277]
[136.9519074857235, -25.99608300626278, 0.43079080599272856]
[137.8255396783352, -25.816012300550938, 0.4307577410459089]
[138.6682050228119, -25.64231899380684, 0.4307094856458207]
[139.481418967247, -25.474695645272732, 0.4307270081808383]
[140.26611828804016, -25.312896713614464, 0.43066327057385934]
[141.02311819791794, -25.15656679868698, 0.43067854822311347]
[141.75158828496933, -25.00589707493782, 0.4305018453524099]
[142.4478158056736, -24.8616134673357, 0.43043292064976413]
[143.11160272359848, -24.724190145730972, 0.4304124838772623]
[143.74493727087975, -24.593084178864956, 0.43034693021763815]
[144.34913566708565, -24.468068778514862, 0.4303663179616706]
[144.92536798119545, -24.34878182411194, 0.4303621752287654]
[145.47434264421463, -24.234891328960657, 0.43035335239483175]
[145.99583414196968, -24.12646357342601, 0.43020024271390866]
[146.4768337160349, -24.026365380734205, 0.4295746582793072]
[146.89723187685013, -23.939097218215466, 0.4317335004452616]
[147.27333761751652, -23.861121002584696, 0.4318171188351698]
[147.6008324623108, -23.79327030852437, 0.433449141215533]
[147.89363549649715, -23.732584627345204, 0.4331660751486197]
[148.1498003602028, -23.67944984138012, 0.4341654435847886]
[148.37761287391186, -23.63240502215922, 0.4340122466965113]
[148.57845348864794, -23.59103710204363, 0.4343059447273845]
[148.7531092837453, -23.555023413151503, 0.434281018890033]
[148.9031664505601, -23.52352460939437, 0.4343809200945543]
[149.03149082884192, -23.497069268487394, 0.4342906692691031]
[149.1401064991951, -23.474777629598975, 0.4342913795117056]
[149.23193150386214, -23.455825383774936, 0.43445693532521545]
[149.3091651983559, -23.439251635223627, 0.43418095173547044]
[149.3748450651765, -23.426287290174514, 0.4352966855512932]
[149.43105925433338, -23.413387295790017, 0.43506943312240764]
[149.48181251809, -23.404006902128458, 0.43527505939709954]
[149.52800160460174, -23.39230929268524, 0.43452230689581484]
[149.57290970161557, -23.385628066491336, 0.43504195535206236]
[149.61473982781172, -23.373558302875608, 0.4352562044368824]
[149.65739235840738, -23.367887271102518, 0.4353245526435785]
[149.6982267666608, -23.356438402086496, 0.43553463771240786]
[149.74016666784883, -23.349417934194207, 0.4347902480803896]
[149.78144538402557, -23.34032167075202, 0.43468804290750995]
[149.8205284960568, -23.331213546916842, 0.4352644723257981]
[149.85478077083826, -23.325471467804164, 0.4353778674849309]
[149.88072214834392, -23.31901420489885, 0.43503785369102843]
[149.89812451507896, -23.315745693806093, 0.4356718445196748]
[149.9097193372436, -23.312900656601414, 0.43455315800383687]
[149.91970575973392, -23.310121784976218, 0.4350876211974537]
[149.9328235159628, -23.307959029334597, 0.4356175845605321]
[149.9573572035879, -23.30317335156724, 0.43606283754343167]
[150.0141216404736, -23.291363196913153, 0.4357810777146369]
[150.1330060660839, -23.26614292897284, 0.4358278021973092]
[150.3268207013607, -23.22639482282102, 0.43489235814195126]
[150.57743452489376, -23.17436473071575, 0.4346293933922425]
[150.85755302011967, -23.11639266833663, 0.4343034928315319]
[151.1493669450283, -23.055738896131516, 0.43393376158201136]
[151.4446732699871, -22.994271291419864, 0.43369311386777554]
[151.73905520141125, -22.932884657755494, 0.43360319049679674]
[152.02971230447292, -22.872046185657382, 0.43367479636799544]
[152.31535613536835, -22.812093993648887, 0.43384741035697516]
[152.59628178179264, -22.752874238416553, 0.4339734277527896]
[152.874343842268, -22.694086307659745, 0.4341077589779161]
[153.15242263674736, -22.634977102279663, 0.4341875441605225]
[153.43481895327568, -22.574621280655265, 0.4342762217493146]
[153.72926266491413, -22.511150371283293, 0.4343487104633823]
[154.04992316663265, -22.441334009170532, 0.4340949695324525]
[154.4143684208393, -22.361050616949797, 0.43339020444545895]
[154.83119466900826, -22.268435511738062, 0.4320376372197643]
[155.2932737916708, -22.16475061699748, 0.4313067624680116]
[155.7856593579054, -22.053006999194622, 0.4311832905295887]
[156.2956801056862, -21.93607636541128, 0.4310233331852942]
[156.81603583693504, -21.815464213490486, 0.4309803096257383]
[157.34375715255737, -21.691729482263327, 0.4310451651617768]
[157.87916538119316, -21.56470376998186, 0.4311886637042335]
[158.42686423659325, -21.433327987790108, 0.4313528087368468]
[158.99950504302979, -21.294556342065334, 0.43144479418333503]
[159.62063270807266, -21.141955189406872, 0.43171411112416536]
[160.31534719467163, -20.969089463353157, 0.4318231937395467]
[161.0916599035263, -20.773802623152733, 0.4320514538703719]
[161.93615114688873, -20.559383735060692, 0.4317374755482888]
[162.82746544480324, -20.331354312598705, 0.4317849681901862]
[163.74931332468987, -20.093741476535797, 0.43175817857991206]
[164.69396311044693, -19.848561383783817, 0.43183815438169404]
[165.6609364449978, -19.595996469259262, 0.4319396884966409]
[166.65613228082657, -19.33464303612709, 0.432072048788541]
[167.69079011678696, -19.061846047639847, 0.43223869383655256]
[168.77691370248795, -18.774727642536163, 0.43239888122479897]
[169.91945457458496, -18.472386315464973, 0.4325028734638181]
[171.11292922496796, -18.156458139419556, 0.43237358862825204]
[172.34630143642426, -17.829919293522835, 0.4322802151218639]
[173.6099426150322, -17.495270311832428, 0.4322177110680059]
[174.89756083488464, -17.154220402240753, 0.4322717925224424]
[176.20649755001068, -16.80748675763607, 0.43235499647198594]
[177.53794199228287, -16.454704254865646, 0.4324519505717035]
[178.89717078208923, -16.094506576657295, 0.4325506089517148]
[180.2929493188858, -15.724645435810089, 0.432631660511106]
[181.73399180173874, -15.342983588576317, 0.4327306133782258]
[183.22373867034912, -14.94859516620636, 0.43276346377751906]
[184.75842022895813, -14.542415574193, 0.4326906646383577]
[186.3296827673912, -14.126444354653358, 0.4326054314909129]
[187.92892229557037, -13.702938362956047, 0.43253365261261933]
[189.54986184835434, -13.273605823516846, 0.43255930644045293]
[191.18929147720337, -12.839521959424019, 0.4326094682364783]
[192.84675681591034, -12.40071116387844, 0.4326286845243885]
[194.52418279647827, -11.956438958644867, 0.43270833826159105]
[196.225561439991, -11.505629569292068, 0.4328004793187574]
[197.95567429065704, -11.047065764665604, 0.43293761494715]
[199.71876972913742, -10.579723805189133, 0.43300471668771934]
[201.51704394817352, -10.103125616908073, 0.43295070459680574]
[203.34861516952515, -9.617553740739822, 0.4329369281495019]
[205.2084573507309, -9.124192968010902, 0.4328369506401941]
[207.0908128619194, -8.624648571014404, 0.432832667312141]
[208.99137431383133, -8.120502948760986, 0.4327941476003616]
[210.90821689367294, -7.612722188234329, 0.43279483991500456]
[212.8417114019394, -7.101321280002594, 0.4328579161410744]
[214.79411512613297, -6.585458308458328, 0.4329725271818461]
[216.76954406499863, -6.063701957464218, 0.433071994149941]
[218.77312803268433, -5.534447491168976, 0.4331608405409497]
[220.80903244018555, -4.996210932731628, 0.43321398337570827]
[222.87849116325378, -4.447731614112854, 0.43323042118856847]
[224.97882688045502, -3.888030171394348, 0.4331628118015942]
[227.1050237417221, -3.3163518011569977, 0.43310796787045547]
[229.2516860961914, -2.7323715686798096, 0.4329692029641592]
[231.41486132144928, -2.13630074262619, 0.43305672261294603]
[233.5924676656723, -1.5287526845932007, 0.43306180097715696]
[235.78437304496765, -0.9109980463981628, 0.4331347561128496]
[237.99161064624786, -0.2848566770553589, 0.4331986075922032]
[240.21446573734283, 0.34769314527511597, 0.43327598612449947]
[242.45037388801575, 0.9851480424404144, 0.43321280130476225]
[244.6941100358963, 1.626085340976715, 0.43306993566511665]
[246.94043970108032, 2.2688094079494476, 0.43285605632991064]
[249.18532609939575, 2.9111914932727814, 0.4327879593238322]
[251.42478239536285, 3.5511176884174347, 0.4327260321479116]
[253.65383517742157, 4.186983078718185, 0.43270890112034976]
[255.86621594429016, 4.8178964257240295, 0.4325832106987946]
[258.05002093315125, 5.441532284021378, 0.4314657299546525]
[260.1226450204849, 6.034352719783783, 0.42524019978009164]
[262.13038444519043, 6.608977019786835, 0.44268646091222763]
[264.12018889188766, 7.178068548440933, 0.4472110935021192]
[266.09291911125183, 7.743392199277878, 0.42217461857944727]
[268.049818277359, 8.308719366788864, 0.43765129148960114]
[269.98815381526947, 8.870503455400467, 0.4296901156194508]
[271.9077272415161, 9.426194339990616, 0.43362910277210176]
[273.8086576461792, 9.974001854658127, 0.4310789707233198]
[275.68900179862976, 10.513503760099411, 0.43332535988884047]
[277.5323627591133, 11.042225986719131, 0.42912869271822274]
[279.31743705272675, 11.55943089723587, 0.43323072977364063]
[281.0716913342476, 12.078862875699997, 0.4307872988283634]
[282.79562371969223, 12.606670290231705, 0.43248730862978846]
[284.4908963441849, 13.140812814235687, 0.431471053569112]
[286.1592376232147, 13.67879170179367, 0.43224309443030506]
[287.8025932312012, 14.216181993484497, 0.431807668908732]
[289.4223300218582, 14.7485291659832, 0.4320698586816434]
[291.01913100481033, 15.271789193153381, 0.4318587161542382]
[292.5924062728882, 15.783955156803131, 0.431944621472212]
[294.1386041045189, 16.28518484532833, 0.4316976760746911]
[295.64141273498535, 16.773162752389908, 0.4308598410716513]
[297.10997396707535, 17.25406602025032, 0.43221431886195205]
[298.55132311582565, 17.730901524424553, 0.43142888361398946]
[299.9645779132843, 18.20549601316452, 0.43182094213261735]
[301.3495284318924, 18.677231773734093, 0.43149980423550005]
[302.7064346075058, 19.144230753183365, 0.43162203063911875]
[304.03526699543, 19.603759989142418, 0.43149217078462243]
[305.33477610349655, 20.053920596837997, 0.4314719913581939]
[306.60469418764114, 20.494835421442986, 0.43149410643945885]
[307.846048951149, 20.927759140729904, 0.43144295942511235]
[309.05873119831085, 21.35326500236988, 0.4313855264808808]
[310.2426466345787, 21.77172377705574, 0.4313717931454448]
[311.3982210159302, 22.183900877833366, 0.431322781381823]
[312.52514749765396, 22.589771911501884, 0.43123011384341225]
[313.62242192029953, 22.988603711128235, 0.4312620051787235]
[314.6915967464447, 23.380587115883827, 0.43121629033703357]
[315.7324295639992, 23.76535089313984, 0.43111260442128696]
[316.74432027339935, 24.14237044751644, 0.4311339292635239]
[317.72791561484337, 24.51096971333027, 0.43105419492712826]
[318.68292132019997, 24.870548874139786, 0.43096708500161185]
[319.6088807284832, 25.22059041261673, 0.43092739212079323]
[320.50714015960693, 25.561275824904442, 0.43090364255476743]
[321.3771026432514, 25.892283141613007, 0.43078846711568985]
[322.21801844239235, 26.213197246193886, 0.4308093527602068]
[323.03138718008995, 26.524069234728813, 0.4307774581893682]
[323.8172894716263, 26.825054213404655, 0.4306538962555351]
[324.5740514099598, 27.11551047861576, 0.4305900590698002]
[325.3022838830948, 27.395291060209274, 0.43058684562856797]
[326.00334480404854, 27.664900705218315, 0.4305889180432132]
[326.67696583271027, 27.924257829785347, 0.43043211207259446]
[327.3207153081894, 28.17260079085827, 0.43041097497189185]
[327.93627086281776, 28.41006027162075, 0.4303679647637182]
[328.52471375465393, 28.63725872337818, 0.4303722277072666]
[329.0862652659416, 28.854306370019913, 0.43030189020646503]
[329.61744302511215, 29.05990444123745, 0.43020611035171896]
[330.1171142309904, 29.253121621906757, 0.4302488727494165]
[330.5867305546999, 29.43458055704832, 0.43039382986899]
[331.0291093736887, 29.605569675564766, 0.4306266095227329]
[331.44527707993984, 29.766578122973442, 0.43108290183590725]
[331.8347771167755, 29.91759693622589, 0.4316992744716117]
[332.18311163783073, 30.05272975564003, 0.4317004569529672]
[332.46202006936073, 30.16007661819458, 0.4322419137461111]
[332.70483303815126, 30.25734792649746, 0.43535235116723925]
[332.9277510344982, 30.341442309319973, 0.4333552076568594]
[333.12542935460806, 30.416748739778996, 0.4351505861559417]
[333.29160937666893, 30.480519769713283, 0.43440292817831505]
[333.42734583467245, 30.533035792410374, 0.4345023509231396]
[333.53869814798236, 30.575775433331728, 0.43447721924167126]
[333.6276452206075, 30.609334180131555, 0.4342343776297639]
[333.69628419727087, 30.635377254337072, 0.43434560076275375]
[333.74602473527193, 30.654385550878942, 0.4345740532808122]
[333.7799193812534, 30.66852321801707, 0.4350858723264537]
[333.8026604084298, 30.676445421064273, 0.4352829812269192]
[333.81808838713914, 30.682393693830818, 0.43475849764217855]
[333.82813118072227, 30.6872700646054, 0.4353182741178898]
[333.8357551388908, 30.690092898206785, 0.43541015819937456]
[333.84313111007214, 30.693239688756876, 0.43567581273964606]
[333.8505384619348, 30.695582085172646, 0.4354701498814393]
[333.85677665565163, 30.69813556992449, 0.43513535229431]
[333.86205118428916, 30.699835500097834, 0.4348435680003604]
[333.8647047217819, 30.701356381177902, 0.43502618533239]
[333.86512477686483, 30.701114332056022, 0.43502414042086457]
[333.86511856688594, 30.70143075681699, 0.43506056513979274]
[333.86861797142774, 30.702586836297996, 0.43536300721461885]
[333.8813841063529, 30.707764136837795, 0.4359917491528904]
[333.9180599451065, 30.72228787653148, 0.43501557715353556]
[334.002825923264, 30.754577834159136, 0.43553395484923385]
[334.15009574592113, 30.812275603413582, 0.43568987502658274]
[334.35317751020193, 30.890938133001328, 0.4351340482971864]
[334.58988700062037, 30.98311899229884, 0.4346426179181435]
[334.84292766451836, 31.081592321395874, 0.43408145144348964]
[335.10262098908424, 31.18275970965624, 0.4339654842078744]
[335.36416560411453, 31.28484110161662, 0.4339410418033367]
[335.62490586936474, 31.386824656277895, 0.4340646424343504]
[335.88355299830437, 31.48828160390258, 0.43408447446563514]
[336.1401762366295, 31.589087825268507, 0.4341243555818437]
[336.39584954082966, 31.689758013933897, 0.4340718363710039]
[336.6528223901987, 31.79103321954608, 0.43420835465622076]
[336.91458371281624, 31.894366033375263, 0.4343213259890035]
[337.1874016970396, 32.00200595334172, 0.43451071348135883]
[337.48157158493996, 32.11810637637973, 0.43431029992643744]
[337.80953772366047, 32.24782945215702, 0.43377217938541435]
[338.1784547865391, 32.39415866136551, 0.43271108641056344]
[338.58491261303425, 32.55581448972225, 0.4317587740661111]
[339.0185072273016, 32.72875718027353, 0.4312833419244271]
[339.4689557105303, 32.90923352539539, 0.4311058570310706]
[339.92960922420025, 33.09480748325586, 0.4309848230332136]
[340.39699621498585, 33.28441944718361, 0.43095790783377197]
[340.8700292259455, 33.47816213220358, 0.4309913574834354]
[341.35039423406124, 33.67700458317995, 0.4311947537207743]
[341.8443893790245, 33.88392551243305, 0.43141866321093403]
[342.36695125699043, 34.10581548511982, 0.4316322230588412]
[342.94140407443047, 34.35387110710144, 0.43177699196894537]
[343.5862822830677, 34.63842290639877, 0.43192783436825266]
[344.30089566111565, 34.96193087100983, 0.4318711879604962]
[345.06858691573143, 35.319242134690285, 0.43165295930521097]
[345.8705489039421, 35.70345249772072, 0.43161057100223843]
[346.6939375400543, 36.11118793487549, 0.4315962808577751]
[347.5331963598728, 36.54288250207901, 0.43163368595560314]
[348.3886886537075, 37.002601966261864, 0.43175644337134145]
[349.26623952388763, 37.497800409793854, 0.43190511873035575]
[350.17505249381065, 38.037998735904694, 0.4320606615874567]
[351.12152776122093, 38.63091591000557, 0.4321413673933421]
[352.1036656200886, 39.27824801206589, 0.4321448730042903]
[353.11169052124023, 39.975492388010025, 0.43197750057152007]
[354.13349652290344, 40.71575617790222, 0.43192574315526144]
[355.1604117155075, 41.493591606616974, 0.4319173207040876]
[356.18824315071106, 42.30517494678497, 0.4319889106445771]
[357.2152701616287, 43.14597511291504, 0.43212654929811833]
[358.2405725121498, 44.00910925865173, 0.4322410251297697]
[359.2631352543831, 44.886664271354675, 0.43210059237026144]
[360.28174889087677, 45.771982192993164, 0.43181470441049896]
[361.2939670085907, 46.659894078969955, 0.431615433866682]
[362.29468843340874, 47.544910579919815, 0.43165491922081856]
[363.2744381427765, 48.41799274086952, 0.43105178847326897]
[364.1503883600235, 49.20109015703201, 0.42707532295025885]
[364.97217774391174, 49.93401974439621, 0.4342449225950986]
[365.7737247645855, 50.653492361307144, 0.42996739732916467]
[366.55191192030907, 51.36297181248665, 0.43135538199567236]
[367.3048957288265, 52.05842572450638, 0.42948718764819205]
[367.9958751499653, 52.703220039606094, 0.4284854067955166]
[368.62486988306046, 53.29334285855293, 0.43176635913550854]
[369.23589131236076, 53.866586685180664, 0.4345740944845602]
[369.8300474882126, 54.426114082336426, 0.4280132509302348]
[370.40282943844795, 54.97343438863754, 0.43252905551344156]
[370.95376393198967, 55.50529244542122, 0.42996963270707056]
[371.48465022444725, 56.02355381846428, 0.4307140690216329]
[371.99833780527115, 56.53144681453705, 0.43060382912517525]
[372.4958774149418, 57.03344452381134, 0.43052313711086754]
[372.97443291544914, 57.5357868373394, 0.43091533982078545]
[373.4344744682312, 58.04112768173218, 0.4312280679696414]
[373.8790344595909, 58.55049189925194, 0.43098495149752125]
[374.3112726211548, 59.065294682979584, 0.43082834850793006]
[374.73327365517616, 59.58747613430023, 0.43096190405776724]
[375.1453610062599, 60.11925143003464, 0.43102105295838555]
[375.5450859963894, 60.66297063231468, 0.43123873650620226]
[375.9284993112087, 61.21976038813591, 0.43118156465061475]
[376.2934499382973, 61.7885579764843, 0.4309415141469799]
[376.638761267066, 62.367744743824005, 0.43075693278660765]
[376.96338368952274, 62.95533040165901, 0.430800227492]
[377.2653528600931, 63.54902499914169, 0.4307553269827622]
[377.54167425632477, 64.1459389925003, 0.43077030317363096]
[377.79118133336306, 64.74172940850258, 0.43080991678834835]
[378.0140896588564, 65.33195832371712, 0.43054551373643335]
[378.21148455142975, 65.91304731369019, 0.430620406048547]
[378.3847795948386, 66.48264390230179, 0.43045900839206297]
[378.53304394334555, 67.03980565071106, 0.43049694574438035]
[378.65567564219236, 67.58373701572418, 0.4304100867557281]
[378.7526600025594, 68.11419105529785, 0.43044419644138543]
[378.82643461227417, 68.63192385435104, 0.430722935940139]
[378.8793488498777, 69.13856345415115, 0.4304811554175103]
[378.9135719584301, 69.6364745348692, 0.43075566794141196]
[378.92941459454596, 70.12763103842735, 0.430880466272356]
[378.9284565197304, 70.61367192864418, 0.4309210500741756]
[378.911181403324, 71.09592069685459, 0.4310547905843123]
[378.8783334940672, 71.57529020309448, 0.43098039400501875]
[378.8299679271877, 72.05222477018833, 0.4309717259166064]
[378.76557606458664, 72.5264076590538, 0.4310414225474233]
[378.6851112805307, 72.99690724909306, 0.4309327917144401]
[378.5879359431565, 73.46244199573994, 0.431125253191567]
[378.47504790872335, 73.92203336954117, 0.4309083755724714]
[378.3461099267006, 74.37483775615692, 0.4312282706378028]
[378.2018235102296, 74.8206253349781, 0.43094726355047897]
[378.04133731126785, 75.25932452082634, 0.431343232121435]
[377.86413256824017, 75.69165608286858, 0.430988487743889]
[377.66925852000713, 76.1198565363884, 0.4312540054816054]
[377.4535797983408, 76.54768025875092, 0.43112152232788503]
[377.21285708248615, 76.98249009251595, 0.431231425369333]
[376.93919724226, 77.4318405687809, 0.4314542160136625]
[376.6266891360283, 77.90008020401001, 0.4312729824814596]
[376.27284763753414, 78.38403907418251, 0.4313704737141961]
[375.88027526438236, 78.87755231559277, 0.43115123607276473]
[375.45260797441006, 79.37169045209885, 0.4311381302177324]
[374.99423453211784, 79.85814037919044, 0.43085975052963477]
[374.5078981667757, 80.32949182391167, 0.4309605161797663]
[373.99558365345, 80.78057366609573, 0.4308491812553257]
[373.4588229060173, 81.20880776643753, 0.4309065106281196]
[372.8983750641346, 81.61365376412868, 0.4310208661991055]
[372.3133852481842, 81.99631506204605, 0.43115054266672814]
[371.7000784277916, 82.35904674232006, 0.4313008876488311]
[371.0507491827011, 82.70492200553417, 0.43149241424544016]
[370.35506841540337, 83.03712446987629, 0.4316059807606507]
[369.60436376929283, 83.35592387616634, 0.4314800905776792]
[368.7969477176666, 83.65843865275383, 0.4315342617119313]
[367.9384391307831, 83.94049447774887, 0.4316070321801817]
[367.0374978482723, 84.19790321588516, 0.4314955034860759]
[366.1016836464405, 84.42676965147257, 0.4314651138265617]
[365.13558426499367, 84.62370513379574, 0.4314808167073352]
[364.14018273353577, 84.7862126454711, 0.43157279551087413]
[363.1122751235962, 84.91386143118143, 0.43169040141947335]
[362.04446494579315, 85.00807581096888, 0.43192177277524024]
[360.92807763814926, 85.0698536299169, 0.4319766470216564]
[359.75859320163727, 85.09874656610191, 0.4320659581499058]
[358.538840174675, 85.09388244478032, 0.4319843308185227]
[357.2771600484848, 85.05478002503514, 0.4319992516338971]
[355.982949256897, 84.98225982487202, 0.431975288952799]
[354.66331392526627, 84.87835494801402, 0.43203978030396684]
[353.3215388059616, 84.74663360416889, 0.4321583690980333]
[351.9568447470665, 84.59187760204077, 0.4322873806231655]
[350.564781665802, 84.4188714697957, 0.43245854281485663]
[349.138875246048, 84.23155400902033, 0.4325689840843552]
[347.6729843020439, 84.03316417336464, 0.4326877228813828]
[346.1641488671303, 83.82654657959938, 0.4327440764500352]
[344.6136989593506, 83.61521925777197, 0.43272865298058605]
[343.0262756347656, 83.40230256319046, 0.4326741614513594]
[341.40749406814575, 83.18945313990116, 0.43259362778189825]
[339.7621603012085, 82.97619458287954, 0.43259777951971046]
[338.09338945150375, 82.75988704711199, 0.43262241831871506]
[336.40250837802887, 82.53677663952112, 0.4326506709840032]
[334.68899697065353, 82.30333647876978, 0.43266638607929053]
[332.95100927352905, 82.05664806067944, 0.43269586454698583]
[331.18618047237396, 81.79508519172668, 0.43277172702255484]
[329.3927698135376, 81.51833400130272, 0.43284858900369727]
[327.57006961107254, 81.22711193561554, 0.4328056922968244]
[325.7183749675751, 80.92283099889755, 0.4329003135935636]
[323.8396140933037, 80.60724855959415, 0.43283624679315835]
[321.9369068145752, 80.28218519687653, 0.4328371937981501]
[320.0134126543999, 79.94945411384106, 0.43278023523816955]
[318.0711076259613, 79.6109230518341, 0.43282080241829135]
[316.11001819372177, 79.26807148754597, 0.43285397094587097]
[314.1284875869751, 78.92163035273552, 0.43293139069282915]
[312.12360417842865, 78.57147680222988, 0.4330564793635858]
[310.0920065641403, 78.21690082550049, 0.43314423115953105]
[308.0306386947632, 77.85740165412426, 0.433162123225884]
[305.93796598911285, 77.49277393519878, 0.4331856201752089]
[303.81481301784515, 77.12266097962856, 0.4331558382189087]
[301.66401398181915, 76.74597671627998, 0.43315938580417424]
[299.48927998542786, 76.36074063181877, 0.4330535368062556]
[297.29432129859924, 75.96414242684841, 0.43302484253581497]
[295.0818258523941, 75.55276070535183, 0.4329858618657454]
[292.85328435897827, 75.12321078777313, 0.4330461262507015]
[290.60889661312103, 74.67311176657677, 0.4330556343229546]
[288.3475521802902, 74.20170310139656, 0.43313221049902495]
[286.06703436374664, 73.70974630117416, 0.43322683485166635]
[283.7649656534195, 73.19920480251312, 0.4332867129269289]
[281.4397541284561, 72.67263308167458, 0.43334572624007706]
[279.09116649627686, 72.13267093896866, 0.43341554713697406]
[276.72035109996796, 71.58182057738304, 0.4334212077756092]
[274.3292520046234, 71.02207612991333, 0.433379631968819]
[271.9198919534683, 70.45539489388466, 0.4334003659350856]
[269.49372601509094, 69.88274785876274, 0.433428642536569]
[267.05173647403717, 69.30430826544762, 0.4334805709149805]
[264.5941572189331, 68.71948769688606, 0.433457355160499]
[262.1212594509125, 68.12677630782127, 0.4334895620640964]
[259.63414776325226, 67.52419173717499, 0.43345749184300075]
[257.1355240345001, 66.90941226482391, 0.43339916496915976]
[254.62987673282623, 66.27896904945374, 0.43327168305404484]
[252.12265944480896, 65.62851163744926, 0.4331654396610247]
[249.61877703666687, 64.95427429676056, 0.43300997194273805]
[247.12168943881989, 64.25515815615654, 0.43294880853613904]
[244.63301265239716, 63.53378936648369, 0.43297459124732995]
[242.1521167755127, 62.795702397823334, 0.4330448280816199]
[239.67681300640106, 62.04770356416702, 0.43313298653811216]
[237.20386373996735, 61.29475599527359, 0.43323636778040964]
[234.73007142543793, 60.53858342766762, 0.433296174647694]
[232.2528941631317, 59.77688202261925, 0.43336581697076326]
[229.77142977714539, 59.00419074296951, 0.43345295532526507]
[227.28681576251984, 58.214277654886246, 0.43345118775278024]
[224.80204713344574, 57.40258342027664, 0.4332832450454589]
[222.32044506072998, 56.56787025928497, 0.43317215927527286]
[219.84444439411163, 55.71214425563812, 0.4330821830080822]
[217.37542271614075, 54.839890867471695, 0.4331040325923823]
[214.91391670703888, 53.95677176117897, 0.4330898116968456]
[212.46016788482666, 53.06836327910423, 0.4330684050346463]
[210.01448118686676, 52.17906993627548, 0.4330307426971558]
[207.57722568511963, 51.291409999132156, 0.4330210690241074]
[205.1486692428589, 50.40579864382744, 0.4329501245301799]
[202.72880113124847, 49.520819276571274, 0.4330427112581674]
[200.3170781135559, 48.634246706962585, 0.43295568869871204]
[197.91264128684998, 47.74443560838699, 0.4330948879432981]
[195.5140653848648, 46.85124072432518, 0.4331251882795186]
[193.11919367313385, 45.955745071172714, 0.43321116127162895]
[190.72556447982788, 45.059206664562225, 0.43326996897303616]
[188.33144068717957, 44.161862671375275, 0.4332703715476782]
[185.93751549720764, 43.26293393969536, 0.43323212135328504]
[183.54743206501007, 42.360698610544205, 0.4330635533842724]
[181.16724848747253, 41.45344561338425, 0.4329210162977688]
[178.80551898479462, 40.54126128554344, 0.43276695399254095]
[176.47926819324493, 39.63015326857567, 0.4310698383487761]
[174.28228306770325, 38.76344949007034, 0.42926522879861295]
[172.13121664524078, 37.91774332523346, 0.4346907384460792]
[169.9977434873581, 37.081143260002136, 0.4306312317494303]
[167.8854742050171, 36.240411311388016, 0.4328144578030333]
[165.79866290092468, 35.386978685855865, 0.43181740475120023]
[163.73696613311768, 34.523329704999924, 0.43301021511433646]
[161.6950956583023, 33.66233512759209, 0.4326688271248713]
[159.66700661182404, 32.818685710430145, 0.4329845953907352]
[157.6510238647461, 32.0011291205883, 0.43261884765524883]
[155.65040969848633, 31.2093665599823, 0.4323947256198153]
[153.6883869767189, 30.44080886244774, 0.43094259104691446]
[151.80188655853271, 29.69501355290413, 0.4314122588839382]
[149.9479968547821, 28.949794322252274, 0.4352104017161764]
[148.12128388881683, 28.197569400072098, 0.42916860640980303]
[146.32456356287003, 27.431130290031433, 0.4337282811757177]
[144.5498542189598, 26.66906389594078, 0.43170046171871945]
[142.7888947725296, 25.926360726356506, 0.4327867574902484]
[141.03779792785645, 25.210231453180313, 0.4320616469995002]
[139.29738128185272, 24.51975566148758, 0.4327602627890883]
[137.57265836000443, 23.848279774188995, 0.4318162488634698]
[135.8764432668686, 23.186529129743576, 0.43110844388138503]
[134.2471899986267, 22.538291186094284, 0.42981178197078407]
[132.6667150259018, 21.894992649555206, 0.4331008195877075]
[131.11256140470505, 21.25152426958084, 0.43118073232471943]
[129.5873647928238, 20.60112291574478, 0.43202070763800293]
[128.08807611465454, 19.952700078487396, 0.43196724221343175]
[126.60855311155319, 19.31969317793846, 0.43225272733252496]
[125.14428168535233, 18.7101109623909, 0.43185279323370196]
[123.69433265924454, 18.125340193510056, 0.4321770567476051]
[122.26103860139847, 17.561611026525497, 0.4317692852928303]
[120.85039746761322, 17.012330502271652, 0.4312988181482069]
[119.48467898368835, 16.474705576896667, 0.4302897722518537]
[118.17020493745804, 15.945945084095001, 0.4319209592649713]
[116.88334900140762, 15.419146656990051, 0.43184477009344846]
[115.62450408935547, 14.889527320861816, 0.4309735188144259]
[114.39228922128677, 14.361495822668076, 0.4318998910894152]
[113.18236649036407, 13.844567328691483, 0.4315992937918054]
[111.99130767583847, 13.344810798764229, 0.4316055968083674]
[110.81779915094376, 12.864411279559135, 0.431638687296072]
[109.66305559873581, 12.402026772499084, 0.4315568087477004]
[108.5346993803978, 11.955862358212471, 0.43059432005975395]
[107.45607894659042, 11.528603449463844, 0.4299206653086003]
[106.42230689525604, 11.113849714398384, 0.43188072997145355]
[105.4137659072876, 10.70451371371746, 0.43079008406493813]
[104.4300129711628, 10.297878324985504, 0.4312879036879167]
[103.4693284034729, 9.896633639931679, 0.43126638111425564]
[102.52996084094048, 9.503716826438904, 0.431264994898811]
[101.61026257276535, 9.12143087387085, 0.4309878343483433]
[100.70976021885872, 8.751036152243614, 0.43112081446452066]
[99.82977885007858, 8.39265675842762, 0.43092918112233747]
[98.97426787018776, 8.046223759651184, 0.4306776328739943]
[98.16469576954842, 7.719180420041084, 0.4300759029574692]
[97.39126208424568, 7.406480491161346, 0.43117679800343467]
[96.64233413338661, 7.103689208626747, 0.430673279450275]
[95.91888517141342, 6.809096917510033, 0.43078956212525554]
[95.22098648548126, 6.523218780755997, 0.4305952607173822]
[94.54886239767075, 6.247021898627281, 0.43056198477279395]
[93.9053904414177, 5.982612416148186, 0.4303360148187494]
[93.29292267560959, 5.731467567384243, 0.4304581189280725]
[92.70863324403763, 5.4921969547867775, 0.43038502841409354]
[92.15081831812859, 5.264027379453182, 0.4303622536808689]
[91.62194326519966, 5.047920875251293, 0.4301936222036602]
[91.12451308965683, 4.844699390232563, 0.43022742042558093]
[90.65596786141396, 4.6532164216041565, 0.4303020813531475]
[90.21453058719635, 4.4728336706757545, 0.4305442566910642]
[89.79941336810589, 4.303225174546242, 0.43103942574816756]
[89.41047742962837, 4.144074030220509, 0.4316929655033164]
[89.05731345713139, 3.999545469880104, 0.43170031333829684]
[88.7715805619955, 3.8838336654007435, 0.43167838448425755]
[88.52626072615385, 3.7804567478597164, 0.4354691959451884]
[88.3010123372078, 3.690512228757143, 0.43288807244971395]
[88.10191894322634, 3.611292291432619, 0.4347378254751675]
[87.94122019410133, 3.5455590821802616, 0.43474771780893207]
[87.80772639811039, 3.4920155331492424, 0.4342892161948839]
[87.69857217371464, 3.448516046628356, 0.43421646241040435]
[87.61211058497429, 3.4146294463425875, 0.4340893288026564]
[87.54652940481901, 3.3889469169080257, 0.4342924926750129]
[87.5003522541374, 3.3696445133537054, 0.43490191237651743]
[87.46939056646079, 3.357070880010724, 0.4340577470138669]
[87.45106029324234, 3.3498568651266396, 0.4363350700587034]
[87.43953451095149, 3.3437560892198235, 0.43474887375487015]
[87.42987962765619, 3.341457560309209, 0.4346904202539008]
[87.42411127267405, 3.33724183565937, 0.43519378689234145]
[87.42059699492529, 3.3373285783309257, 0.4354072755231755]
[87.41986867401283, 3.3352657650248148, 0.4353999268205371]
[87.41921500114586, 3.3365700332215056, 0.4354391930610291]
[87.42265837243758, 3.3367414663080126, 0.43521770331426524]
[87.4292197956238, 3.340655341045931, 0.43489998433506116]
[87.43751772353426, 3.34331176802516, 0.4348725711897714]
[87.44183623977005, 3.345434100541752, 0.4354748861223925]
[87.43807326676324, 3.3438746761530638, 0.43518776776545565]
[87.41744432225823, 3.3352471040561795, 0.4355701573585975]
[87.36341017857194, 3.3123488007113338, 0.43566078202275094]
[87.25636484473944, 3.269357630982995, 0.4359975493280217]
[87.09238973259926, 3.201720505952835, 0.43554449047587696]
[86.88460405170918, 3.117043413221836, 0.43482763512292877]
[86.65191897749901, 3.021599143743515, 0.4343878852087073]
[86.40675573796034, 2.9212284423410892, 0.434212852458586]
[86.1558779925108, 2.8186780735850334, 0.43421345531533007]
[85.90264262259007, 2.7153299376368523, 0.4343289722746704]
[85.6488847732544, 2.6116483360528946, 0.4342052744468674]
[85.39511448144913, 2.507611632347107, 0.4342285690845529]
[85.14067302644253, 2.4030491672456264, 0.4341372545968625]
[84.88390323519707, 2.297020763158798, 0.4343297294435615]
[84.62167091667652, 2.188266895711422, 0.43442975348443724]
[84.34871816635132, 2.074343092739582, 0.43449293619778473]
[84.05659563839436, 1.9516271725296974, 0.43427693253033794]
[83.73547337949276, 1.8152843564748764, 0.433727316907607]
[83.3795577287674, 1.661927953362465, 0.43286621576407924]
[82.99088197946548, 1.4919427782297134, 0.43204242608044297]
[82.57764787971973, 1.3085198551416397, 0.4314864926273003]
[82.14916905760765, 1.1148347854614258, 0.43121181098467787]
[81.71241331100464, 0.9134256541728973, 0.4310874192360643]
[81.27171438932419, 0.7058293223381042, 0.4309888720563322]
[80.82945583760738, 0.4925919845700264, 0.43091989645472495]
[80.3862266689539, 0.27373553812503815, 0.43101513911278744]
[79.94082191586494, 0.04871191084384918, 0.4310309858938126]
[79.48927864432335, -0.18455606698989868, 0.43117006713873707]
[79.02237668633461, -0.43149033188819885, 0.43141851788095664]
[78.5221555531025, -0.7027808874845505, 0.4317332977952901]
[77.96656882762909, -1.0116993486881256, 0.43173784542887006]
[77.3448735177517, -1.3658536225557327, 0.43190884980140254]
[76.6644851565361, -1.760460540652275, 0.4317624941613758]
[75.9427889585495, -2.1849616914987564, 0.4316497678810265]
[75.19439327716827, -2.628975495696068, 0.43164169249575934]
[74.42659148573875, -3.086139038205147, 0.4317320055779419]
[73.63968256115913, -3.553348422050476, 0.4318007326164661]
[72.83237597346306, -4.028999552130699, 0.4319672305500717]
[72.00774666666985, -4.5100051909685135, 0.43202262479871933]
[71.17218440771103, -4.992149338126183, 0.43188368002302013]
[70.33170983195305, -5.471837893128395, 0.4315148396999575]
[69.49115931987762, -5.945766180753708, 0.4311897743245936]
[68.656035810709, -6.410003527998924, 0.43121641728248505]
[67.83381003141403, -6.859796091914177, 0.4310946805489948]
[67.07121288776398, -7.269887447357178, 0.4261960790026933]
[66.4069273173809, -7.620298475027084, 0.43139442638494074]
[65.76317235827446, -7.951953232288361, 0.43045844440348446]
[65.13287436962128, -8.266648143529892, 0.4317722547566518]
[64.51121333241463, -8.564944073557854, 0.4309342060587369]
[63.89293959736824, -8.845471516251564, 0.4312931979657151]
[63.27386048436165, -9.10728058218956, 0.4308065018558409]
[62.65064200758934, -9.349078483879566, 0.43116953859862406]
[62.023424834012985, -9.572943657636642, 0.43097751814639196]
[61.39345160126686, -9.780445322394371, 0.4312632651490276]
[60.76167452335358, -9.971132189035416, 0.43115370785744744]
[60.128706723451614, -10.143629871308804, 0.4312760590983089]
[59.49445152282715, -10.294899113476276, 0.43107443983171834]
[58.85946214199066, -10.421838901937008, 0.4311900140819489]
[58.22585183382034, -10.523464623838663, 0.4310056353569962]
[57.59692803025246, -10.600250151008368, 0.43096877400239464]
[56.97657585144043, -10.653858354315162, 0.4309765141879325]
[56.368590623140335, -10.685295001603663, 0.43081446600263007]
[55.77669394016266, -10.694575709756464, 0.4310250854032347]
[55.204654425382614, -10.682650966569781, 0.4307499211499817]
[54.65588906407356, -10.650590123608708, 0.4308489203758654]
[54.133373856544495, -10.60148685052991, 0.43072857223887695]
[53.63900098204613, -10.537564009428024, 0.4307168949453626]
[53.173025861382484, -10.459898192435503, 0.4312683203170309]
[52.733789801597595, -10.36833294481039, 0.43152616686711553]
[52.318749487400055, -10.262374807149172, 0.4317648402939085]
[51.92499040067196, -10.142405468970537, 0.4319617194851162]
[51.54941499233246, -10.007710605859756, 0.43234803684754297]
[51.18981194496155, -9.856896810233593, 0.43235608430040884]
[50.843928933143616, -9.689375653862953, 0.4327441733184969]
[50.509403213858604, -9.507190816104412, 0.4327893695226521]
[50.18491181731224, -9.31138551980257, 0.4329314593342133]
[49.8690202832222, -9.10122899711132, 0.43283060467001633]
[49.56020686030388, -8.873659051954746, 0.4328056473459583]
[49.2571177482605, -8.624267101287842, 0.4327160188186099]
[48.959097787737846, -8.349916070699692, 0.432556590249078]
[48.66534972190857, -8.049702793359756, 0.43234607158228755]
[48.37597645819187, -7.722734242677689, 0.4318870448041707]
[48.09349504113197, -7.36736536026001, 0.4318054154718993]
[47.821324437856674, -6.982592076063156, 0.4316537548220367]
[47.5626464933157, -6.568647056818008, 0.4313450336121605]
[47.320062413811684, -6.126300528645515, 0.43128218238416594]
[47.095882415771484, -5.655830562114716, 0.4312241540719697]
[46.8923209682107, -5.156481981277466, 0.4311941551422933]
[46.71150925755501, -4.627414435148239, 0.4313417075209145]
[46.55580319464207, -4.068002551794052, 0.43149172180710593]
[46.42730911076069, -3.477954685688019, 0.4314901817415375]
[46.32875242456794, -2.856786608695984, 0.43151614780072123]
[46.26364732719958, -2.204002320766449, 0.4317681569082197]
[46.234280625358224, -1.519566535949707, 0.4317289461323526]
[46.24172739870846, -0.8047917187213898, 0.4318539577034244]
[46.2870257422328, -0.062056392431259155, 0.4318812663186691]
[46.37152423337102, 0.7057080268859863, 0.43194359063272714]
[46.49664996564388, 1.4952366352081299, 0.43190431172297394]
[46.66361901909113, 2.3035837709903717, 0.43190909525947063]
[46.87466909736395, 3.128399133682251, 0.43201992473041173]
[47.13241682946682, 3.967602878808975, 0.43207416948644095]
[47.43792402744293, 4.819242209196091, 0.43213875872879726]
[47.79007297754288, 5.6816262900829315, 0.4321782358310884]
[48.18727569282055, 6.552998930215836, 0.43218188533046487]
[48.62888461351395, 7.431173324584961, 0.4322520517562225]
[49.11483423411846, 8.314164727926254, 0.432238883957325]
[49.64406105875969, 9.200086504220963, 0.4322713705314527]
[50.21271136403084, 10.085249841213226, 0.4322074583724316]
[50.814259111881256, 10.964028269052505, 0.4320987532628351]
[51.44170996546745, 11.831537365913391, 0.43184023947105743]
[52.088909298181534, 12.684895783662796, 0.43162285108701326]
[52.75031632184982, 13.521745413541794, 0.43158246953532853]
[53.41958287358284, 14.339025855064392, 0.43142904454725794]
[54.0871604681015, 15.131779491901398, 0.4312550584145356]
[54.68894734978676, 15.833692044019699, 0.4265964333899319]
[55.2445467710495, 16.47419908642769, 0.43375160777941346]
[55.7859970331192, 17.09920620918274, 0.43013418492046185]
[56.31029078364372, 17.715330213308334, 0.4312299369776156]
[56.818733274936676, 18.325465708971024, 0.42997691221535206]
[57.310604214668274, 18.932028144598007, 0.4307507060584612]
[57.78560982644558, 19.53577008843422, 0.4308391686208779]
[58.243785589933395, 20.136981189250946, 0.431220255268272]
[58.68573921918869, 20.735575437545776, 0.43111779022729024]
[59.11175109446049, 21.332149535417557, 0.43092644555144943]
[59.52147436141968, 21.927884221076965, 0.4308589455540641]
[59.9134554117918, 22.52421808242798, 0.4307749976578634]
[60.28536210954189, 23.12244313955307, 0.4307256995816715]
[60.635320886969566, 23.72321256995201, 0.43089548993157223]
[60.9628329873085, 24.32651662826538, 0.430765350080037]
[61.26834946870804, 24.932225853204727, 0.430964032857446]
[61.55259458720684, 25.540535509586334, 0.43066223333153175]
[61.814901784062386, 26.151765525341034, 0.4308662980911322]
[62.05423620343208, 26.765935868024826, 0.4306445338152116]
[62.26880430430174, 27.382758021354675, 0.4308736146040246]
[62.45882087945938, 28.001358032226562, 0.43069420016945514]
[62.624869249761105, 28.620823591947556, 0.43078686644730624]
[62.76778123527765, 29.24041959643364, 0.4308092571736779]
[62.88816365599632, 29.859276294708252, 0.43058795903925784]
[62.98495173826814, 30.476473838090897, 0.43087304741493426]
[63.05803658813238, 31.090647131204605, 0.43056336217705393]
[63.10660181939602, 31.700245559215546, 0.430619554957957]
[63.13111529778689, 32.30375003814697, 0.43069797035786905]
[63.13251417479478, 32.899753987789154, 0.43052537948824465]
[63.11088741850108, 33.486937403678894, 0.43058154620666755]
[63.06711755134165, 34.064134389162064, 0.43067879909358453]
[63.0016122199595, 34.630091309547424, 0.4304345790442312]
[62.91453196853399, 35.18368664383888, 0.4306851670007745]
[62.807394210249186, 35.72432762384415, 0.4305904539942276]
[62.68114421516657, 36.25165292620659, 0.43038672517286614]
[62.53681809455156, 36.76598834991455, 0.4307720624638023]
[62.37534806877375, 37.26828710734844, 0.4305679434692138]
[62.1969935297966, 37.75993677973747, 0.4307140368327964]
[62.001470021903515, 38.24277687072754, 0.43093463152763434]
[61.787789553403854, 38.71914502978325, 0.4308531477363431]
[61.55378918349743, 39.193108543753624, 0.4312878310447559]
[61.29481188952923, 39.67134091258049, 0.4312001130419958]
[61.00411003828049, 40.16318601369858, 0.43154474371112883]
[60.67479223012924, 40.67519745230675, 0.43156655080383644]
[60.30361242592335, 41.205799639225006, 0.43136421305825934]
[59.89300379157066, 41.74675378203392, 0.4312961757050289]
[59.448458313941956, 42.287997126579285, 0.4310857900127303]
[58.97384758293629, 42.819808691740036, 0.4310127631397336]
[58.47220599651337, 43.33519694209099, 0.43098816303972853]
[57.946480602025986, 43.82985545694828, 0.4308810153743252]
[57.399658650159836, 44.30170987546444, 0.4309083818588988]
[56.83452978730202, 44.7502808123827, 0.43096698423323687]
[56.25336539745331, 45.175775080919266, 0.43083866182132624]
[55.657739251852036, 45.57876302301884, 0.4309140161185496]
[55.04842263460159, 45.95882374048233, 0.43092964572133496]
[54.42612382769585, 46.31460551917553, 0.4308450010139495]
[53.791648268699646, 46.64462253451347, 0.43097257035333314]
[53.1459524333477, 46.94865372776985, 0.43093690203750157]
[52.490264028310776, 47.228803381323814, 0.43104285533354414]
[51.82502117753029, 47.48765209317207, 0.4311073368662619]
[51.150272220373154, 47.727034360170364, 0.4311676417964918]
[50.46518272161484, 47.94658762216568, 0.43116908834963397]
[49.769268572330475, 48.145279966294765, 0.43112622281114454]
[49.062382847070694, 48.32118383049965, 0.43120577768422663]
[48.34484878182411, 48.47301612794399, 0.4312301584832312]
[47.616956919431686, 48.601058915257454, 0.4313087240443565]
[46.87879392504692, 48.70667800679803, 0.43131006671319483]
[46.13060921430588, 48.7907714471221, 0.4313879390138027]
[45.37292602658272, 48.85309036821127, 0.4312949956947705]
[44.60638549923897, 48.89235238544643, 0.4313251497660531]
[43.832139641046524, 48.90761388512328, 0.4311629511357751]
[43.05183497071266, 48.89705992117524, 0.431261467791046]
[42.26702457666397, 48.86042209342122, 0.4312872172013158]
[41.47888508439064, 48.79775509238243, 0.4312105014687404]
[40.68817788362503, 48.71021747589111, 0.4312329603872058]
[39.89559134840965, 48.59777984768152, 0.4312555991418776]
[39.10171639919281, 48.46052643656731, 0.43118601895548636]
[38.30745819211006, 48.29718227684498, 0.4312408993355348]
[37.5136781334877, 48.10729528218508, 0.43129043992666993]
[36.72108796238899, 47.89015855640173, 0.4312469404976582]
[35.92969021201134, 47.646424144506454, 0.4313913439109456]
[35.13927114009857, 47.37635561823845, 0.4314545694469416]
[34.34953558444977, 47.08042876422405, 0.4313917961480911]
[33.560933113098145, 46.75792796909809, 0.43144046017550863]
[32.77418693900108, 46.40868400037289, 0.4313576003914932]
[31.990409940481186, 46.03238965570927, 0.43150095356759266]
[31.210406601428986, 45.629621893167496, 0.4314490372707951]
[30.43512287735939, 45.20079134404659, 0.43152004107105313]
[29.66542711853981, 44.746615290641785, 0.43138131997511664]
[28.902343451976776, 44.26740865409374, 0.4315248047842033]
[28.146760761737823, 43.76363840699196, 0.43144218398447265]
[27.39945849776268, 43.23562732338905, 0.4315319685374561]
[26.660815447568893, 42.68373164534569, 0.4314803438683157]
[25.930615335702896, 42.108224987983704, 0.4316067770923837]
[25.208486557006836, 41.50898942351341, 0.43153775962855434]
[24.49387890100479, 40.8853699862957, 0.43169790044339607]
[23.785964459180832, 40.23625934123993, 0.4317501096666092]
[23.083646088838577, 39.560082763433456, 0.4317861907184124]
[22.385563671588898, 38.85485118627548, 0.4318671322107548]
[21.69034370779991, 38.1182935833931, 0.43188672649193904]
[20.996791273355484, 37.34811136126518, 0.43193932852955186]
[20.304376304149628, 36.54231268167496, 0.4319563353532203]
[19.613468557596207, 35.69950807094574, 0.43196197025645233]
[18.9250006377697, 34.819148778915405, 0.4319753631716594]
[18.240087747573853, 33.90123438835144, 0.4319577278820361]
[17.55993029475212, 32.94568404555321, 0.43198255056086055]
[16.885593831539154, 31.952166974544525, 0.4319593174895999]
[16.217974722385406, 30.920017957687378, 0.4320424179895781]
[15.558009445667267, 29.84875464439392, 0.43207212514789717]
[14.907574266195297, 28.74025571346283, 0.4321118891157312]
[14.269115269184113, 27.598679661750793, 0.43210273125259846]
[13.644288182258606, 26.42818009853363, 0.4320612399615129]
[13.033584505319595, 25.23169630765915, 0.43203641336936016]
[12.436240494251251, 24.00966864824295, 0.4320985927552101]
[11.84956505894661, 22.758074700832367, 0.4322048405010719]
[11.268656313419342, 21.467664420604706, 0.4323713294652407]
[10.687128365039825, 20.126635670661926, 0.4325950479396852]
[10.100578278303146, 18.726915657520294, 0.43260122372976184]
[9.509540647268295, 17.270160019397736, 0.43260865965203266]
[8.91855850815773, 15.767003893852234, 0.4324163381170365]
[8.33409696817398, 14.233775615692139, 0.4322951827707584]
[7.761734753847122, 12.686274468898773, 0.4320434067340102]
[7.205047398805618, 11.13705712556839, 0.43199560133871273]
[6.6697337329387665, 9.608980774879456, 0.4306316820438951]
[6.204667821526527, 8.270370960235596, 0.4251847784034908]
[5.766808390617371, 7.016759037971497, 0.43493390642106533]
[5.339601278305054, 5.783249378204346, 0.4296872408594936]
[4.936480283737183, 4.561467170715332, 0.4315744917257689]
[4.56107634305954, 3.3507968187332153, 0.4302349663339555]
[4.212497904896736, 2.152035713195801, 0.431666432734346]
[3.884623795747757, 0.9662354588508606, 0.43103508101194166]
[3.5712486654520035, -0.20514601469039917, 0.4319705127272755]
[3.2653669267892838, -1.3587771654129028, 0.4315836629248224]
[2.9665555357933044, -2.491271674633026, 0.43127983187150676]
[2.6769760996103287, -3.596281588077545, 0.43077137393993326]
[2.4067138135433197, -4.632904291152954, 0.4299756978289224]
[2.149218872189522, -5.618530482053757, 0.43178815906867385]
[1.901963658630848, -6.566533923149109, 0.4312192624201998]
[1.6648435667157173, -7.48234236240387, 0.4307637318270281]
[1.431225299835205, -8.379780769348145, 0.4314741763228085]
[1.192881003022194, -9.260370761156082, 0.4311334167068708]
[0.9450837671756744, -10.123511403799057, 0.43145915411878377]
[0.6871308833360672, -10.966865420341492, 0.43103296839399263]
[0.4238707423210144, -11.788272053003311, 0.43073546218511183]
[0.16326387226581573, -12.585552841424942, 0.4308877374860458]
[-0.08796492964029312, -13.356684565544128, 0.43051596826990135]
[-0.32578666508197784, -14.099960774183273, 0.43063945826725103]
[-0.5491935685276985, -14.81834191083908, 0.43063068787159864]
[-0.7586142793297768, -15.515683054924011, 0.43066361696401145]
[-0.9548356086015701, -16.19706854224205, 0.4306427267874824]
[-1.1377847418189049, -16.86818766593933, 0.4308856681454927]
[-1.3067532405257225, -17.534065455198288, 0.4310667371682939]
[-1.4616080522537231, -18.198502868413925, 0.43110843304930313]
[-1.603131465613842, -18.864452242851257, 0.43119736523658503]
[-1.7321814075112343, -19.53466162085533, 0.4313533719832776]
[-1.8489623367786407, -20.21186250448227, 0.43121726129902527]
[-1.9517436549067497, -20.897429049015045, 0.43123951465895516]
[-2.037296548485756, -21.590554624795914, 0.4312881780388125]
[-2.1038172338157892, -22.28902778029442, 0.43104041619517375]
[-2.1503414157778025, -22.989993035793304, 0.43103117123246193]
[-2.1770484298467636, -23.690410643815994, 0.43075739828054793]
[-2.183508070651442, -24.38660556077957, 0.43086515996037633]
[-2.1687061227858067, -25.073851764202118, 0.4306552614143584]
[-2.131759237498045, -25.74650928378105, 0.4307812002589344]
[-2.0740378238260746, -26.39923545718193, 0.43060425831208704]
[-1.9977908097207546, -27.028296172618866, 0.4306283009045728]
[-1.9055961705744267, -27.632168918848038, 0.43046606698044343]
[-1.7982360608875751, -28.21073293685913, 0.430548694834215]
[-1.6751617938280106, -28.76538708806038, 0.43047809302515816]
[-1.5349211990833282, -29.297991633415222, 0.4303642032755306]
[-1.3763287886977196, -29.81123298406601, 0.4305185620469274]
[-1.1986145451664925, -30.30849203467369, 0.4307294878817629]
[-1.0017280355095863, -30.793513759970665, 0.43077467900002375]
[-0.7870090082287788, -31.27200175821781, 0.4311329887859756]
[-0.553595669567585, -31.749970257282257, 0.4311535525630461]
[-0.29834622144699097, -32.23225839436054, 0.4313816130379564]
[-0.018191754817962646, -32.719312489032745, 0.43116322650166694]
[0.2868719696998596, -33.20748506486416, 0.43117895402247086]
[0.6142735183238983, -33.6919779330492, 0.43117822596104816]
[0.9601857513189316, -34.16857998073101, 0.43061664441484027]
[1.3214402943849564, -34.633559092879295, 0.4308249367531971]
[1.6942118704319, -35.08338378369808, 0.43051860334253433]
[2.0737981498241425, -35.51308374106884, 0.43077386888762703]
[2.4479802399873734, -35.914040729403496, 0.4300379126507323]
[2.728590354323387, -36.2030903249979, 0.4299845611676574]
[2.9487402588129044, -36.42383996397257, 0.4365327025298029]
[3.1492123156785965, -36.623046055436134, 0.4337718762108125]
[3.3324620127677917, -36.80128604918718, 0.433513437747024]
[3.4964705035090446, -36.96212440729141, 0.43297338171396405]
[3.6405622735619545, -37.106836915016174, 0.43383673718199134]
[3.7709059938788414, -37.2284377515316, 0.4342224234715104]
[3.887078780680895, -37.32743978127837, 0.4353561622556299]
[3.9838495664298534, -37.41227603331208, 0.43454475223552436]
[4.066512119024992, -37.481873989105225, 0.434344110195525]
[4.1369887962937355, -37.540740268304944, 0.4338803463615477]
[4.19686471670866, -37.59186318516731, 0.43446672332356684]
[4.247805433347821, -37.635921876877546, 0.43426565793924965]
[4.2927247025072575, -37.67147812619805, 0.43497911270242184]
[4.330773305147886, -37.70520385727286, 0.43548958853352815]
[4.367889745160937, -37.73396044969559, 0.43520140151667874]
[4.4015379548072815, -37.76397705823183, 0.4352078001247719]
[4.436024658381939, -37.790196743793786, 0.43518799556113663]
[4.468149555847049, -37.818529781885445, 0.43488445712137036]
[4.501235159114003, -37.84489899035543, 0.4349614656821359]
[4.533610513433814, -37.87157864216715, 0.43550167318608146]
[4.565330199897289, -37.89796174317598, 0.4355755967553705]
[4.59532892331481, -37.92148651834577, 0.43501954044768354]
