[5.0013999500952195, 6.215734628669452, 0.42118093512544874]
[5.001022464071866, 6.21200833353214, 0.4212243443616899]
[5.000952509582021, 6.208987549878657, 0.42175994704302866]
[5.001170069503132, 6.206819471553899, 0.42201496524648974]
[5.000963339582086, 6.199312835000455, 0.42333735775901005]
[5.001327613776084, 6.178737667389214, 0.4275980181992054]
[5.001595692388946, 6.126386925578117, 0.43430781085044146]
[5.001326241675997, 6.021401766687632, 0.4360549201956019]
[5.006460835924372, 5.86452991515398, 0.4353665086964611]
[5.009953977772966, 5.669542953372002, 0.43515213663340546]
[5.015390500426292, 5.45272072404623, 0.4349744291976094]
[5.020952272694558, 5.224402405321598, 0.4345648826856632]
[5.0268639591522515, 4.989926345646381, 0.43453565822710516]
[5.032260491279885, 4.751786842942238, 0.4344241564103868]
[5.036876981612295, 4.510911285877228, 0.4345754327296163]
[5.040692975511774, 4.26705864071846, 0.43460489482822595]
[5.043541583814658, 4.01861871778965, 0.4346308875246905]
[5.045019411132671, 3.762526363134384, 0.43467956376844086]
[5.044729528570315, 3.4939573258161545, 0.43472141924576135]
[5.042595958919264, 3.2058780789375305, 0.43455814410117455]
[5.037325691664591, 2.890684187412262, 0.43425963347544894]
[5.028271283488721, 2.5435426384210587, 0.4336874753644224]
[5.014190653339028, 2.16558837890625, 0.43302695456077345]
[4.994666874408722, 1.7630910575389862, 0.43245542219665367]
[4.9684969102963805, 1.3437751829624176, 0.4319878912647255]
[4.935793429613113, 0.913994550704956, 0.4317922626505606]
[4.895517624914646, 0.47797441482543945, 0.4315821294730995]
[4.847228480502963, 0.03791126608848572, 0.43149511825322406]
[4.790573300793767, -0.40528295934200287, 0.43143416887505737]
[4.7250267416238785, -0.851717546582222, 0.4314109832048416]
[4.649969547986984, -1.3031949996948242, 0.4313639537886047]
[4.5643017292022705, -1.764412134885788, 0.4313864014111459]
[4.464811701327562, -2.2449072748422623, 0.43138178321169107]
[4.346303090453148, -2.7606471478939056, 0.43167871912010014]
[4.2021670788526535, -3.3293847143650055, 0.43190677437814884]
[4.0273957177996635, -3.960017055273056, 0.4316768130156561]
[3.8211106285452843, -4.647249609231949, 0.43179731427517254]
[3.58651515096426, -5.377743273973465, 0.4317142448053346]
[3.3267252147197723, -6.138846695423126, 0.4317150951922031]
[3.044231951236725, -6.923836916685104, 0.4317602594883283]
[2.740418702363968, -7.730755597352982, 0.4318202120011847]
[2.4180088192224503, -8.557700484991074, 0.43192273916793056]
[2.0826068967580795, -9.398775160312653, 0.4318721193121746]
[1.7408698052167892, -10.247080951929092, 0.4316282025538385]
[1.3988628387451172, -11.097740948200226, 0.43121435047942214]
[1.0626945346593857, -11.94614115357399, 0.4310136287167552]
[0.7381376922130585, -12.785575330257416, 0.43095085123422905]
[0.4299882501363754, -13.606461495161057, 0.43061686627333984]
[0.1590138077735901, -14.352576464414597, 0.4262873677071184]
[-0.0819801315665245, -15.038670092821121, 0.4337711581028998]
[-0.31488819420337677, -15.713373750448227, 0.4358998420648277]
[-0.5310223400592804, -16.38642770051956, 0.4259626083076]
[-0.7164304926991463, -17.064002990722656, 0.43396686064079404]
[-0.8833080157637596, -17.728078246116638, 0.43085552401498717]
[-1.0292349234223366, -18.332564622163773, 0.43543595587834716]
[-1.1776252686977386, -18.969536066055298, 0.4308247638400644]
[-1.319177582859993, -19.66383397579193, 0.43146076472476125]
[-1.4344437010586262, -20.41668990254402, 0.43132605392020196]
[-1.5397323817014694, -21.208649188280106, 0.4305374215764459]
[-1.632518783211708, -22.012249559164047, 0.42995868215803057]
[-1.7134245000779629, -22.813914448022842, 0.4314361095894128]
[-1.7797195054590702, -23.600978285074234, 0.4329575111041777]
[-1.8115777736529708, -24.25136035680771, 0.422574482858181]
[-1.798078479245305, -24.81070113182068, 0.43696840945631266]
[-1.7754048015922308, -25.355796098709106, 0.42687289556488395]
[-1.7323539704084396, -25.89305603504181, 0.43267012177966535]
[-1.675641130656004, -26.428727447986603, 0.42913533141836524]
[-1.6033338494598866, -26.970734000205994, 0.43180515969288535]
[-1.515829250216484, -27.530681997537613, 0.4311516248853877]
[-1.407900147140026, -28.114910572767258, 0.43213832192122936]
[-1.2760831490159035, -28.718327701091766, 0.43151830800343305]
[-1.121409460902214, -29.330562353134155, 0.4312355756374018]
[-0.9468353390693665, -29.942968726158142, 0.43028695875545964]
[-0.7548290640115738, -30.549510568380356, 0.43051492766244337]
[-0.5455422475934029, -31.142564177513123, 0.43049282516585663]
[-0.31656404584646225, -31.71091264486313, 0.43054859122912603]
[-0.07284197211265564, -32.24587398767471, 0.4306436034530634]
[0.1767571121454239, -32.74498134851456, 0.4303691861714469]
[0.42752496898174286, -33.21218594908714, 0.43036029062932357]
[0.6791254580020905, -33.654696598649025, 0.43046275311098725]
[0.9369586408138275, -34.07524921000004, 0.43065129504248034]
[1.2082203775644302, -34.47404357790947, 0.4306848948908737]
[1.4977144449949265, -34.85281057655811, 0.43112969062349293]
[1.8079896569252014, -35.22387829422951, 0.4312509748542652]
[2.1559644788503647, -35.61747121810913, 0.43150794082612265]
[2.572223111987114, -36.06122086942196, 0.43204505075118504]
[3.065659075975418, -36.54874208569527, 0.4315336244144419]
[3.616451144218445, -37.05403757095337, 0.43128293700283393]
[4.20229110121727, -37.5574691593647, 0.43093423900427297]
[4.8100466132164, -38.05063246190548, 0.43082575671724044]
[5.4355142414569855, -38.52553413808346, 0.43089476363093127]
[6.078267157077789, -38.97235521674156, 0.4306928419027827]
[6.737449795007706, -39.38440741598606, 0.43086800498713274]
[7.4108302891254425, -39.762428879737854, 0.4308033491415699]
[8.097469449043274, -40.112061589956284, 0.4310499325802084]
[8.80053335428238, -40.44063411653042, 0.43119037265114457]
[9.532010108232498, -40.75483092665672, 0.43168756637896877]
[10.314202904701233, -41.0606986284256, 0.43179465712455567]
[11.166436523199081, -41.359571784734726, 0.4321302394528175]
[12.087803184986115, -41.64632357656956, 0.4318156379995344]
[13.059877276420593, -41.914523020386696, 0.4316134963737568]
[14.06303721666336, -42.15912041068077, 0.4314230986419716]
[15.084461331367493, -42.376152500510216, 0.4313725381689437]
[16.117202699184418, -42.56192393600941, 0.4313249576734961]
[17.15765631198883, -42.71348524838686, 0.43129461136777536]
[18.204557299613953, -42.830774530768394, 0.4313540087405272]
[19.259812116622925, -42.91639821231365, 0.43160712863027584]
[20.33088392019272, -42.974282279610634, 0.4318383366553462]
[21.433731138706207, -43.00695139542222, 0.4320410217696917]
[22.589316248893738, -43.014014697197126, 0.43234152578224894]
[23.80912607908249, -42.99334314279258, 0.43230165572276746]
[25.085949659347534, -42.94444092921913, 0.4322098362245015]
[26.401388347148895, -42.869303211569786, 0.4319711697025923]
[27.738433063030243, -42.77078437805176, 0.4319429358374691]
[29.08664071559906, -42.652001943439245, 0.43193342470840435]
[30.441375136375427, -42.51664739847183, 0.4320027104422479]
[31.802220582962036, -42.369086906313896, 0.43214838572384906]
[33.17239171266556, -42.21337080746889, 0.4323157896869816]
[34.55949908494949, -42.05225840955973, 0.43245146310073324]
[35.976493656635284, -41.886993408203125, 0.4326653055177303]
[37.438642740249634, -41.717897310853004, 0.43282954492315184]
[38.95478808879852, -41.54564572125673, 0.4329410334430577]
[40.521503031253815, -41.37179710716009, 0.4327289349093917]
[42.12676066160202, -41.198032185435295, 0.43256563067552634]
[43.757909059524536, -41.02555636316538, 0.4324598609964596]
[45.4062739610672, -40.85494765639305, 0.43242707330864505]
[47.067499458789825, -40.68627627938986, 0.432471325946608]
[48.740855276584625, -40.51900304108858, 0.43254715655348264]
[50.42888814210892, -40.35162831097841, 0.4326079524580564]
[52.137773871421814, -40.18157958984375, 0.43272039488874725]
[53.8770055770874, -40.004727728664875, 0.4328440300814691]
[55.65632766485214, -39.816340409219265, 0.43293797999103845]
[57.48014187812805, -39.61208739131689, 0.432955209433203]
[59.34471935033798, -39.38893576711416, 0.4328196949500125]
[61.24099373817444, -39.14607431739569, 0.43268954147788463]
[63.15949547290802, -38.884523421525955, 0.43261503987014294]
[65.09336125850677, -38.606218218803406, 0.43260384869563495]
[67.03917813301086, -38.31383053958416, 0.43262793722897186]
[68.99663889408112, -38.01029193401337, 0.43272783757856814]
[70.96832644939423, -37.698450699448586, 0.4328359806750086]
[72.95952272415161, -37.380522429943085, 0.43300440115854144]
[74.9778139591217, -37.05773751437664, 0.4331096810528834]
[77.03055608272552, -36.730470806360245, 0.43327394980587997]
[79.1216231584549, -36.39859336614609, 0.43328850290254195]
[81.24951589107513, -36.06189885735512, 0.4332282233553997]
[83.40846538543701, -35.720158368349075, 0.4331323654441803]
[85.59141492843628, -35.373011931777, 0.4330523370663286]
[87.79259288311005, -35.020196586847305, 0.4329740411340026]
[90.00858914852142, -34.66175952553749, 0.43299855202349136]
[92.23846650123596, -34.29829269647598, 0.43309822941955645]
[94.48358857631683, -33.93072445690632, 0.43317798788120854]
[96.74738943576813, -33.559437185525894, 0.43324106578802457]
[99.0343644618988, -33.183828368783, 0.4333413513304549]
[101.34887480735779, -32.80273528397083, 0.4334523645520676]
[103.69366908073425, -32.415137991309166, 0.43345220125092965]
[106.0686160326004, -32.019833251833916, 0.43341732111002784]
[108.47024261951447, -31.614442095160484, 0.4333413461863529]
[110.8931576013565, -31.19550697505474, 0.43329830074799247]
[113.33187174797058, -30.759470775723457, 0.43327878938725917]
[115.78271615505219, -30.30514784157276, 0.4332289021785982]
[118.24385726451874, -29.83301119506359, 0.4332658159178209]
[120.71525406837463, -29.344957664608955, 0.43334464239524095]
[123.19856703281403, -28.84354278445244, 0.43342986214156554]
[125.69675397872925, -28.331713438034058, 0.43355025711935014]
[128.21344113349915, -27.81160780787468, 0.4336322632516385]
[130.750914812088, -27.284498125314713, 0.433705556573841]
[133.30905485153198, -26.75086748600006, 0.4336834318239653]
[135.8858036994934, -26.210688203573227, 0.4336119597865036]
[138.4782862663269, -25.663708090782166, 0.4335793740006011]
[141.0845204591751, -25.10977327823639, 0.4335302422114182]
[143.70384109020233, -24.54869458079338, 0.43355341973074246]
[146.33660054206848, -23.978902339935303, 0.43355810611910783]
[148.98330402374268, -23.396584510803223, 0.43359655681069853]
[151.64444756507874, -22.796861350536346, 0.43359155986763653]
[154.32030177116394, -22.176091492176056, 0.43376188394177007]
[157.0100314617157, -21.534040063619614, 0.4337004338231054]
[159.71225023269653, -20.873413056135178, 0.43361920941242715]
[162.42547237873077, -20.198016971349716, 0.4336382086866024]
[165.14812910556793, -19.51058742403984, 0.43357723171538964]
[167.87905514240265, -18.813451796770096, 0.4335225842805812]
[170.61793422698975, -18.108571410179138, 0.43362897100450937]
[173.36545157432556, -17.397807747125626, 0.4337011266979971]
[176.12314915657043, -16.68243318796158, 0.4336949482712953]
[178.89304625988007, -15.962518036365509, 0.4338082100803149]
[181.67763006687164, -15.23709923028946, 0.43381091468108934]
[184.47950267791748, -14.50541427731514, 0.4338507532065705]
[187.3009752035141, -13.76758623123169, 0.4339329090289539]
[190.14331221580505, -13.024373650550842, 0.4339721521937463]
[193.0060452222824, -12.276447981595993, 0.4339359534133109]
[195.88719999790192, -11.524052023887634, 0.43385851862694835]
[198.78422856330872, -10.767311304807663, 0.433837896285695]
[201.69484734535217, -10.00643864274025, 0.43385523107463086]
[204.61738073825836, -9.241634398698807, 0.43389446202490944]
[207.55105113983154, -8.473202675580978, 0.43389753807423403]
[210.49604153633118, -7.7016275227069855, 0.433920970903273]
[213.4535002708435, -6.927383989095688, 0.43396676866541384]
[216.42540550231934, -6.150125950574875, 0.4339772219423139]
[219.41344320774078, -5.367290288209915, 0.4339932260882051]
[222.41793954372406, -4.574120908975601, 0.43405233787052566]
[225.4374234676361, -3.7664728462696075, 0.43399605042759504]
[228.46869659423828, -2.944106876850128, 0.4340213562572899]
[231.5073742866516, -2.1102342903614044, 0.43391767537104897]
[234.54876458644867, -1.2688810527324677, 0.43382219989871373]
[237.5881177186966, -0.42302146553993225, 0.4336125484387594]
[240.62160181999207, 0.425010621547699, 0.4337311304261675]
[243.6446031332016, 1.2737251222133636, 0.4335481162270298]
[245.15007889270782, 1.6981834173202515, 0.4335005854482006]
[248.14283180236816, 2.546108305454254, 0.4334964899280749]
[251.0274841785431, 3.364281475543976, 0.42651895084418356]
[253.80632627010345, 4.144898533821106, 0.43599268002435565]
[256.562784910202, 4.911543250083923, 0.4329158717300743]
[259.2963466644287, 5.682359904050827, 0.43426159117370844]
[262.0033860206604, 6.4669153690338135, 0.4318435958120972]
[264.6819589138031, 7.264794707298279, 0.43273427814710885]
[267.33393001556396, 8.062869817018509, 0.43273097230121493]
[269.9627665281296, 8.843203634023666, 0.4336439229664393]
[272.55147182941437, 9.592952966690063, 0.432945339998696]
[275.08327281475067, 10.315690577030182, 0.43252223648596555]
[277.58240699768066, 11.0399110019207, 0.4328832079190761]
[280.050554394722, 11.767486453056335, 0.43294762953883037]
[282.4878089427948, 12.498137593269348, 0.4323347329045646]
[284.86172473430634, 13.224468886852264, 0.4321073542814702]
[287.18694138526917, 13.954850971698761, 0.4330552847968647]
[289.47890841960907, 14.694042325019836, 0.4322546616767795]
[291.7370653152466, 15.440946966409683, 0.43256562543683685]
[293.9625427722931, 16.189550042152405, 0.4323514778225217]
[296.1522831916809, 16.92847177386284, 0.4321139410021715]
[298.3013861179352, 17.645373821258545, 0.4326028885116102]
[300.42073678970337, 18.339521944522858, 0.4328082999854814]
[302.5107135772705, 19.01269033551216, 0.4321573448833078]
[304.56099820137024, 19.667215645313263, 0.432033572869841]
[306.57977545261383, 20.311581254005432, 0.4327231408387888]
[308.5663087964058, 20.949488073587418, 0.43159425162593834]
[310.5109284520149, 21.57861691713333, 0.4320726032892708]
[312.4186668395996, 22.198939263820648, 0.43171976815210655]
[314.2830579280853, 22.80584880709648, 0.4318501819507219]
[316.1060450077057, 23.398967891931534, 0.4321402816203772]
[317.8998495936394, 23.98294147849083, 0.4319757881894475]
[319.66205847263336, 24.558077603578568, 0.43167968874331564]
[321.39194667339325, 25.122692465782166, 0.4321090612647822]
[323.0905387997627, 25.674366503953934, 0.4315332007536199]
[324.7544461488724, 26.211756348609924, 0.43187263516301755]
[326.3711967468262, 26.730042964220047, 0.4306199545972049]
[327.91549611091614, 27.22261670231819, 0.43150916672311723]
[329.41199922561646, 27.699424400925636, 0.43044500646647066]
[330.8500915169716, 28.16036854684353, 0.43163399398326874]
[332.25912779569626, 28.615612238645554, 0.4328011826146394]
[333.64056158065796, 29.070301473140717, 0.4304428174509667]
[334.9727814793587, 29.517261520028114, 0.4285257635638118]
[336.2143665552139, 29.938988730311394, 0.43119257426587865]
[337.4235091805458, 30.35305266082287, 0.430824568727985]
[338.60789638757706, 30.769459381699562, 0.43122918670997024]
[339.7744372487068, 31.192579552531242, 0.4315249292558292]
[340.92702662944794, 31.630186200141907, 0.43152494641253725]
[342.06632512807846, 32.090026155114174, 0.43180279585067183]
[343.1929489970207, 32.5756706148386, 0.4319188727531582]
[344.31167620420456, 33.08454704284668, 0.43197348655667156]
[345.43200558423996, 33.61182788014412, 0.43207966510090046]
[346.5624061226845, 34.156527668237686, 0.4322732799410005]
[347.7041056752205, 34.72175368666649, 0.4323895490670111]
[348.85188806056976, 35.30946868658066, 0.4323609720886452]
[349.9996702671051, 35.91810917854309, 0.43197270802920684]
[351.14335495233536, 36.544301480054855, 0.4315888827695744]
[352.2792353630066, 37.185447841882706, 0.4314398589413031]
[353.4017525911331, 37.83838903903961, 0.4315770291879062]
[354.50131183862686, 38.49726149439812, 0.431497561847209]
[355.54864943027496, 39.14137849211693, 0.42781387153081596]
[356.4885966181755, 39.734418004751205, 0.43005374225322157]
[357.39753502607346, 40.323173105716705, 0.4307273265440017]
[358.2859341800213, 40.91946193575859, 0.43104442791081965]
[359.15872287750244, 41.530300974845886, 0.43156091708806343]
[360.0153711438179, 42.16365274786949, 0.43202228692825884]
[360.85904067754745, 42.823184102773666, 0.43214328939211555]
[361.6990205049515, 43.50912803411484, 0.43219930175109766]
[362.5438529551029, 44.22177508473396, 0.4318925349507481]
[363.392942070961, 44.961526304483414, 0.43188215119880624]
[364.2385783791542, 45.726253896951675, 0.4317773647926515]
[365.0734706223011, 46.511749774217606, 0.43175325613992754]
[365.89341273903847, 47.31316137313843, 0.43153533784789033]
[366.69429233670235, 48.124245405197144, 0.4314398282804177]
[367.4688610136509, 48.935877203941345, 0.43114931786840316]
[368.17681580781937, 49.70248606801033, 0.42630323488265276]
[368.79448080062866, 50.39624261856079, 0.43136182543821633]
[369.38326501846313, 51.081774204969406, 0.4303654998075217]
[369.9492015838623, 51.765902668237686, 0.43190721864812076]
[370.49538257718086, 52.45311596989632, 0.43092478842299897]
[371.0199339389801, 53.147665441036224, 0.4314132352010347]
[371.5224941819906, 53.85033619403839, 0.4308813200914301]
[372.0040249824524, 54.56076493859291, 0.43107769133348484]
[372.46883565187454, 55.277225613594055, 0.4310259554476943]
[372.9195722937584, 55.99907821416855, 0.4312173954258469]
[373.35619892179966, 56.726372957229614, 0.4311011643439997]
[373.7762563228607, 57.459190756082535, 0.43110148060077336]
[374.1763234883547, 58.19697245955467, 0.4311666979920119]
[374.5537392050028, 58.93801274895668, 0.43089188836165704]
[374.90711745619774, 59.67945736646652, 0.43094618880786584]
[375.2358848452568, 60.417484790086746, 0.4308094341540709]
[375.5399316251278, 61.147788017988205, 0.4307317504635648]
[375.81885163486004, 61.86629128456116, 0.43068951235181885]
[376.07212295383215, 62.569299042224884, 0.4306412880359858]
[376.2995284423232, 63.2534661591053, 0.43063559130678186]
[376.50053080171347, 63.91586992144585, 0.4306413941376377]
[376.6763021722436, 64.5556303858757, 0.4305653371484368]
[376.82785864174366, 65.17368149757385, 0.4305235838328372]
[376.9569559022784, 65.77095142006874, 0.43050034625048283]
[377.06472688540816, 66.3492249250412, 0.43046889796096366]
[377.152513474226, 66.9104132950306, 0.43052133002493065]
[377.22129452973604, 67.45692327618599, 0.4305479866452515]
[377.27170346677303, 67.99157702922821, 0.4305177935748361]
[377.30464536044747, 68.51743066310883, 0.4307228777324781]
[377.32047388190404, 69.03745949268341, 0.4306769940449158]
[377.31888743327, 69.55437868833542, 0.43090415945334826]
[377.3009358700365, 70.0708037018776, 0.4308925427030772]
[377.26559874229133, 70.58915740251541, 0.4310969949729042]
[377.2132895644754, 71.11151194572449, 0.4310313008900266]
[377.1419248059392, 71.63845694065094, 0.4311165193648776]
[377.0511966571212, 72.16915544867516, 0.4308264400169719]
[376.9402791298926, 72.70115971565247, 0.4310338462528307]
[376.80925703048706, 73.23134419322014, 0.43069447719244636]
[376.65848229825497, 73.75622519850731, 0.43055572794401087]
[376.48803620040417, 74.27195903658867, 0.4308009195665363]
[376.2993144765496, 74.77470867335796, 0.43042761806282215]
[376.09357614815235, 75.26060834527016, 0.43050264002522454]
[375.8737615644932, 75.72761203348637, 0.43058500936604105]
[375.6417938545346, 76.17486535012722, 0.4305065653461497]
[375.39940370619297, 76.6039592474699, 0.43082982579653617]
[375.1452783346176, 77.01641653478146, 0.4307591536526161]
[374.878160238266, 77.41457004845142, 0.43078855695785023]
[374.5958477407694, 77.80117747187614, 0.4311172243251349]
[374.29425740242004, 78.18151023983955, 0.43110736235303193]
[373.96523328125477, 78.56761258840561, 0.43131770778381906]
[373.5950063318014, 78.97249099612236, 0.4316053907823516]
[373.1744209676981, 79.39856033027172, 0.4315100275853183]
[372.7080851197243, 79.8372680991888, 0.4314352635665273]
[372.2071969509125, 80.27635915577412, 0.43113452594843693]
[371.6820764839649, 80.70690739154816, 0.43090762477731914]
[371.1384656429291, 81.12182828783989, 0.43082268068246776]
[370.5793068408966, 81.51458857953548, 0.430748301656422]
[370.0072892010212, 81.88059312105179, 0.4306770471703203]
[369.42560762166977, 82.21868680417538, 0.4307576160881581]
[368.83702835440636, 82.53096145391464, 0.4307010022088207]
[368.24294278025627, 82.82120311260223, 0.4307697679832927]
[367.64279422163963, 83.09249149262905, 0.43091764878772665]
[367.034708738327, 83.34681433439255, 0.4310293690796243]
[366.41513726115227, 83.58442819863558, 0.4312566428161517]
[365.7782472670078, 83.80796626210213, 0.4314044781785924]
[365.12562024593353, 84.01760879158974, 0.4321171583724208]
[364.4375368952751, 84.2207570001483, 0.4317925365176052]
[363.694862306118, 84.42076421529055, 0.4321089299337473]
[362.90409898757935, 84.61433348059654, 0.4316826435533585]
[362.08001351356506, 84.7984531223774, 0.4312698250869289]
[361.23499846458435, 84.97149100899696, 0.4309388089168351]
[360.3766081035137, 85.13169763237238, 0.43122598951595137]
[359.50875076651573, 85.2773372605443, 0.4313870592159219]
[358.63243836164474, 85.40800756961107, 0.43172996706562117]
[357.74509236216545, 85.52560499683022, 0.4317631253361469]
[356.83772763609886, 85.63270574808121, 0.431737005510513]
[355.89148584008217, 85.73164532706141, 0.4319673610839345]
[354.8821939229965, 85.82363426685333, 0.43218248135235626]
[353.79653853178024, 85.9079918526113, 0.4324736311828019]
[352.64127790927887, 85.98401237651706, 0.43213564009056427]
[351.43555104732513, 86.05085436999798, 0.43192591321621876]
[350.1975679397583, 86.10657541267574, 0.4318739691243536]
[348.9385419487953, 86.14971386641264, 0.4319408542078236]
[347.6628491282463, 86.17921419348568, 0.43201614475128736]
[346.36928033828735, 86.19434543512762, 0.4321393245991203]
[345.050890147686, 86.19436295772903, 0.4322421859105816]
[343.69573616981506, 86.17806052602828, 0.432409488450503]
[342.2937485575676, 86.14321872964501, 0.4325510513590416]
[340.8452866077423, 86.08760682679713, 0.4325890909967711]
[339.3607956767082, 86.00870941206813, 0.4322496607492212]
[337.8532375097275, 85.9040134511888, 0.4320494911953574]
[336.3325024843216, 85.7720964923501, 0.4320102446936289]
[334.8045945763588, 85.61208774894476, 0.43202412272171387]
[333.2723271846771, 85.4244651272893, 0.43212025832326617]
[331.7355217933655, 85.21045936644077, 0.4322358259232715]
[330.1908823251724, 84.97142850607634, 0.4323452651988191]
[328.63162952661514, 84.70773182809353, 0.43237869191216305]
[327.0476503968239, 84.41785813868046, 0.43257701581387664]
[325.4287603497505, 84.09957565367222, 0.43273768086510245]
[323.7701562643051, 83.75226813554764, 0.43281267729798856]
[322.0750826597214, 83.37777587771416, 0.43270504666361376]
[320.3522251844406, 82.97937735915184, 0.4325469100076589]
[318.6110588312149, 82.56001625955105, 0.4325036187274236]
[316.85815608501434, 82.12248016893864, 0.4324870891377941]
[315.0960977077484, 81.66962571442127, 0.43259429863246623]
[313.324227809906, 81.20421785116196, 0.43269681487436173]
[311.53966850042343, 80.72839330136776, 0.4327171007244033]
[309.7378944158554, 80.24295410513878, 0.43288382264290703]
[307.9132004380226, 79.74792169034481, 0.4329339888645336]
[306.0595877766609, 79.24255320429802, 0.4329966507066274]
[304.1727650165558, 78.72617945075035, 0.4330212713639412]
[302.2525557279587, 78.19936442375183, 0.43305300789324974]
[300.3044099807739, 77.66460457444191, 0.4330339485040895]
[298.33767306804657, 77.12601473927498, 0.43289874798210803]
[296.3614255785942, 76.58825933933258, 0.4327185927540995]
[294.3821278810501, 76.05534729361534, 0.4325463738787221]
[292.40488427877426, 75.5304584801197, 0.43252741401192907]
[290.43559968471527, 75.016183167696, 0.4325088178811711]
[288.4815018773079, 74.51446011662483, 0.4322842143010348]
[286.5501616001129, 74.02617253363132, 0.4322315503268328]
[284.68765139579773, 73.55994901061058, 0.42970793053973466]
[282.89680284261703, 73.11272855103016, 0.4328535895328969]
[281.13332319259644, 72.67001511156559, 0.4314936500741169]
[279.39222240448, 72.23857474327087, 0.4327627010643482]
[277.6694575548172, 71.82420393824577, 0.4319046178716235]
[275.9636322259903, 71.42709411680698, 0.43237234314437956]
[274.27588099241257, 71.04112806916237, 0.4317409942741506]
[272.609358727932, 70.6582947075367, 0.43190278082329314]
[270.968518614769, 70.27263589203358, 0.4316560297156684]
[269.358105301857, 69.8831000328064, 0.43167837804503506]
[267.79669839143753, 69.49787117540836, 0.431027674676443]
[266.27703684568405, 69.12149667739868, 0.43214254843769595]
[264.784056186676, 68.75465053319931, 0.4317137645375624]
[263.3160943388939, 68.39942352473736, 0.43200449433061294]
[261.87219750881195, 68.05554784834385, 0.4316676036487479]
[260.4528253674507, 67.71995617449284, 0.4317345611198107]
[259.0595648288727, 67.38799890875816, 0.4313516771653667]
[257.6945569515228, 67.05575057864189, 0.43147242797203944]
[256.35999274253845, 66.72198502719402, 0.43131762513075955]
[255.05905443429947, 66.3882115483284, 0.43136300762125757]
[253.7892146706581, 66.05632601678371, 0.4314754267288663]
[252.54853349924088, 65.72815750539303, 0.43140620256599505]
[251.33652865886688, 65.4040854871273, 0.4313814454953899]
[250.15294069051743, 65.08403311669827, 0.43131514019478345]
[248.99795198440552, 64.76733864843845, 0.43127489907965355]
[247.87208902835846, 64.45362474024296, 0.4312223996312241]
[246.7754261493683, 64.14297765493393, 0.4312099716346438]
[245.7084258198738, 63.83626642823219, 0.43111207727270084]
[244.67127186059952, 63.534675881266594, 0.43115188107913127]
[243.6635985970497, 63.239130795001984, 0.4310709700148436]
[242.68477156758308, 62.94987630844116, 0.4310177022853168]
[241.7350413799286, 62.6673249155283, 0.4309525066837523]
[240.8147620856762, 62.39198073744774, 0.43088890461513074]
[239.92353770136833, 62.12401808798313, 0.43089893402975576]
[239.06056854128838, 61.86347092688084, 0.43079440682777204]
[238.22657829523087, 61.6109000146389, 0.43073296191869304]
[237.42228525877, 61.36654019355774, 0.4306910940194939]
[236.64669039845467, 61.130181699991226, 0.4307048222931371]
[235.89884039759636, 60.90184194594622, 0.43064845513254113]
[235.18014314770699, 60.68213853240013, 0.4305354516109219]
[234.49171543121338, 60.47132133692503, 0.43060737071391486]
[233.8320228457451, 60.26895046234131, 0.43052489998808596]
[233.19994348287582, 60.07485394924879, 0.4304588586819591]
[232.59549927711487, 59.88921397924423, 0.430393055659124]
[232.02161994576454, 59.71295017004013, 0.4302824317237537]
[231.4809126853943, 59.5464051514864, 0.430251074678381]
[230.97162479162216, 59.38933362811804, 0.4303348869580077]
[230.48991841077805, 59.24056242406368, 0.43034255024031154]
[230.0351360887289, 59.10036050528288, 0.43061886077339295]
[229.60678684711456, 58.96848553419113, 0.43106064543826506]
[229.2139838784933, 58.84747173264623, 0.43106627056840807]
[228.88735342025757, 58.74642561376095, 0.43331069126725197]
[228.5998211801052, 58.65726339817047, 0.433506765490165]
[228.34881180524826, 58.578118067234755, 0.4338683719979599]
[228.13443789631128, 58.51180503889918, 0.43414905569079565]
[227.94824799150229, 58.45312481559813, 0.4343322584609268]
[227.78805714845657, 58.40329942852259, 0.4344053390514091]
[227.65312671661377, 58.360739056020975, 0.43430028339571436]
[227.5416843406856, 58.32587269693613, 0.43435473201679997]
[227.45145722851157, 58.297873250208795, 0.43430419563810574]
[227.37995436042547, 58.276055390015244, 0.4345917852187995]
[227.32453132234514, 58.259102856274694, 0.4349148311885074]
[227.2824975401163, 58.24645530804992, 0.43523029692005366]
[227.25030681770295, 58.23567100451328, 0.4346166771138087]
[227.22433949820697, 58.2295482584741, 0.43505353026557714]
[227.20382165629417, 58.22193331713788, 0.4356639238540083]
[227.18568865861744, 58.21675144741312, 0.43595479137729853]
[227.16720254067332, 58.21012067585252, 0.4344826213782653]
[227.14790489338338, 58.2057096241042, 0.43578650598647073]
[227.1305823130533, 58.19950349605642, 0.43556233381968923]
[227.11402469407767, 58.1957031392958, 0.43426966009428725]
[227.10216928366572, 58.19101118831895, 0.43559249670943245]
[227.0943434983492, 58.18921322195092, 0.435449426076957]
[227.08893942460418, 58.18696405400988, 0.43587073431990575]
[227.08167566312477, 58.18475668935571, 0.43569121285690926]
[227.0652555404231, 58.17912665032782, 0.4349293517298065]
[227.02591955661774, 58.168718898203224, 0.4363925844663754]
[226.9433420561254, 58.1423949804157, 0.43530747972545214]
[226.79769261181355, 58.09883213415742, 0.43545837176498026]
[226.59339420497417, 58.03665988519788, 0.43533921564085176]
[226.3501670062542, 57.96291136741638, 0.43460755434352905]
[226.08752459287643, 57.88267019018531, 0.4342123848873598]
[225.81634575128555, 57.799940317869186, 0.4338469702634029]
[225.5421706289053, 57.7165438644588, 0.43393171062416513]
[225.26817446947098, 57.63276203721762, 0.43395714930375107]
[224.99581722915173, 57.54923291131854, 0.4340852536042803]
[224.72535854578018, 57.465987250208855, 0.4340979178195994]
[224.455900862813, 57.382671505212784, 0.43407752644634456]
[224.18532320857048, 57.298722710460424, 0.43422040437872056]
[223.91030672192574, 57.21291411668062, 0.43429300605203025]
[223.62485229969025, 57.123481284826994, 0.4343432672249037]
[223.3187854886055, 57.02685450389981, 0.43418141741130967]
[222.97892628610134, 56.9183637611568, 0.43368202535202727]
[222.5960700660944, 56.79506474733353, 0.4326641735096928]
[222.17193372547626, 56.65747247636318, 0.43158466048771515]
[221.71666967868805, 56.508450262248516, 0.43125884515757207]
[221.24131831526756, 56.35120978951454, 0.4311047552328091]
[220.75332228839397, 56.188224241137505, 0.43106259512364886]
[220.2563768029213, 56.02049434185028, 0.43106750491256207]
[219.75091034173965, 55.84818868339062, 0.4311947025307745]
[219.23370695114136, 55.67030093073845, 0.431365717886365]
[218.6954236626625, 55.48367886245251, 0.4315074213373009]
[218.11774176359177, 55.281770549714565, 0.4316485873423517]
[217.47818040847778, 55.05612699687481, 0.4318164814467309]
[216.7648075222969, 54.8021774739027, 0.4319862411066424]
[215.98444256186485, 54.5215452760458, 0.431844907841878]
[215.15425047278404, 54.2206629216671, 0.43171017880013096]
[214.28985676169395, 53.905413419008255, 0.4317644417005795]
[213.40001308918, 53.5790376663208, 0.43178833019737795]
[212.48658883571625, 53.2422241717577, 0.4319169705704553]
[211.54547333717346, 52.89354407787323, 0.43200969058671035]
[210.56750512123108, 52.52975623309612, 0.43218804980278946]
[209.54195886850357, 52.147230207920074, 0.4323254072951386]
[208.4631089568138, 51.7442125082016, 0.43242074893350946]
[207.3342366218567, 51.32219035923481, 0.43239231407278567]
[206.16517144441605, 50.88491714000702, 0.43226781815610593]
[204.96612548828125, 50.43617682158947, 0.4322280162778043]
[203.74336916208267, 49.97821497917175, 0.4322291178832529]
[202.4994260072708, 49.51195542514324, 0.4323059407652181]
[201.2334218621254, 49.03717398643494, 0.43239908608666155]
[199.94089710712433, 48.55253539979458, 0.43252628627669765]
[198.614477455616, 48.05530509352684, 0.43262365310511086]
[197.24594527482986, 47.54241794347763, 0.43270042706353706]
[195.8308157324791, 47.0121673643589, 0.43273383625819406]
[194.37118190526962, 46.4652413725853, 0.43271577347331913]
[192.87412136793137, 45.9041785299778, 0.4326309154021146]
[191.34775871038437, 45.33199307322502, 0.43255909605250054]
[189.79848885536194, 44.7510604262352, 0.4325401076239359]
[188.22994321584702, 44.162794440984726, 0.43257757116771245]
[186.64299923181534, 43.56772664189339, 0.4326544215764443]
[185.03607952594757, 42.96563622355461, 0.4327087620567909]
[183.40571111440659, 42.35510712862015, 0.43277450000368844]
[181.74786776304245, 41.73339122533798, 0.4328759978234302]
[180.05978751182556, 41.09733682870865, 0.4328906300779636]
[178.34099465608597, 40.44411659240723, 0.43287217122178845]
[176.59312516450882, 39.77189165353775, 0.43284572232005303]
[174.82003486156464, 39.080688029527664, 0.43280150889768265]
[173.02662748098373, 38.37197697162628, 0.4327564442246512]
[171.21710294485092, 37.648002564907074, 0.4327465776121926]
[169.39380729198456, 36.911257684230804, 0.4327539385139971]
[167.55651074647903, 36.16404703259468, 0.43278037199968367]
[165.70270866155624, 35.407769441604614, 0.43287750997978947]
[163.82838201522827, 34.64263331890106, 0.4330281407601433]
[161.92885833978653, 33.86737763881683, 0.4331301152778906]
[159.9999861717224, 33.0803307890892, 0.43320476841472555]
[158.03973764181137, 32.28045976161957, 0.4331998307534377]
[156.04889750480652, 31.468089193105698, 0.43319635630632547]
[154.03077244758606, 30.6445152759552, 0.4331370524560043]
[151.98967361450195, 29.811278581619263, 0.4330988441561203]
[149.92967069149017, 28.969463616609573, 0.4330774478530657]
[147.85306787490845, 28.120151937007904, 0.433107157032282]
[145.76048517227173, 27.264072954654694, 0.4331616898307402]
[143.65086352825165, 26.401900112628937, 0.4331878040393349]
[141.52157533168793, 25.533984273672104, 0.43329139437992126]
[139.36930680274963, 24.65955263376236, 0.4333180048458871]
[137.19215750694275, 23.775924861431122, 0.4333963963363203]
[134.99249041080475, 22.880057752132416, 0.4333574648408103]
[132.77803993225098, 21.97072485089302, 0.4332616074862017]
[130.5584408044815, 21.048395931720734, 0.4329708229925018]
[128.34159350395203, 20.11340343952179, 0.43273798533482477]
[126.13397777080536, 19.16565454006195, 0.43265021376100776]
[123.94337570667267, 18.206520199775696, 0.43265433204760484]
[121.78817069530487, 17.244483023881912, 0.4307709044078365]
[119.80124670267105, 16.353405505418777, 0.42611637827940285]
[117.8753896355629, 15.497883409261703, 0.43666539597325027]
[115.96437603235245, 14.656328290700912, 0.42910165642388165]
[114.07876110076904, 13.808317720890045, 0.4332019482681062]
[112.22936302423477, 12.94392043352127, 0.43076618073973805]
[110.4233695268631, 12.06751623749733, 0.4324468459817581]
[108.6959228515625, 11.209705114364624, 0.42999276547925547]
[107.01836740970612, 10.362571448087692, 0.43331773194950074]
[105.38869249820709, 9.529961705207825, 0.4307183616911061]
[103.80245161056519, 8.709556818008423, 0.4325379263609648]
[102.25402390956879, 7.900340795516968, 0.43153199678636156]
[100.73968279361725, 7.1007015109062195, 0.43189938318391796]
[99.26609790325165, 6.313217639923096, 0.43146636287565343]
[97.83335137367249, 5.5350551307201385, 0.43184066939284094]
[96.43600845336914, 4.7646812200546265, 0.43177606131939683]
[95.06820774078369, 4.00251966714859, 0.43182184518263966]
[93.72570550441742, 3.2541219294071198, 0.43186747035360895]
[92.40454339981079, 2.524913936853409, 0.4319257162997019]
[91.10091388225555, 1.8210434913635254, 0.43202121876856836]
[89.8129249215126, 1.147537738084793, 0.4320084029568534]
[88.54976618289948, 0.510575920343399, 0.431324675650103]
[87.32671928405762, -0.08379024267196655, 0.43164755281759426]
[86.1262481212616, -0.6503375768661499, 0.43177283424302004]
[84.946338057518, -1.1911868453025818, 0.43165141754434444]
[83.78379482030869, -1.7062989175319672, 0.43188276589717134]
[82.63363128900528, -2.1928242295980453, 0.43188075204670895]
[81.48892718553543, -2.646054580807686, 0.43195957103444016]
[80.34247827529907, -3.0650207847356796, 0.431859138128857]
[79.19404995441437, -3.459431916475296, 0.4316150979429949]
[78.05592638254166, -3.853425621986389, 0.4315187621155019]
[76.94106781482697, -4.260362386703491, 0.43116979594924487]
[75.85837310552597, -4.680313304066658, 0.4310549796791747]
[74.86188727617264, -5.084129512310028, 0.42706096440088004]
[73.96270522475243, -5.457257702946663, 0.43204697873443365]
[73.08435428142548, -5.814589753746986, 0.4308201597305015]
[72.21796277165413, -6.157643720507622, 0.4317676139762625]
[71.35780185461044, -6.4872728288173676, 0.43140707560814917]
[70.50065007805824, -6.803792700171471, 0.43182964820880443]
[69.64529925584793, -7.106944650411606, 0.43116775271482766]
[68.79246640205383, -7.396559223532677, 0.431203972439107]
[67.94488880038261, -7.672393545508385, 0.4311233927583089]
[67.10730868577957, -7.933594569563866, 0.4312641362848808]
[66.28624722361565, -8.179269678890705, 0.431080066569848]
[65.4967874288559, -8.406730398535728, 0.4293352438835427]
[64.78686690330505, -8.604132607579231, 0.43044958414975554]
[64.10789903998375, -8.78511018306017, 0.43076375243254006]
[63.450238317251205, -8.950459823012352, 0.43055335971985187]
[62.810626447200775, -9.101199612021446, 0.43069821564131416]
[62.18550091981888, -9.2359813824296, 0.43095852714031935]
[61.57169437408447, -9.353779308497906, 0.4310315999973682]
[60.966291695833206, -9.45391209051013, 0.4309142391575733]
[60.367322474718094, -9.536948930472136, 0.4310357174181263]
[59.77362921833992, -9.60425054654479, 0.43072327865229454]
[59.18448179960251, -9.656076971441507, 0.4310537825731444]
[58.59939184784889, -9.691834529861808, 0.4308908921084367]
[58.01820632815361, -9.710963260382414, 0.43109011187334545]
[57.44108244776726, -9.711761121056043, 0.4309103709674673]
[56.86882784962654, -9.693718143738806, 0.4311232648033183]
[56.30307427048683, -9.656343143433332, 0.4306718083389569]
[55.746139883995056, -9.599761888384819, 0.4310865014049341]
[55.20062938332558, -9.524895027279854, 0.4306412158330204]
[54.66958484053612, -9.431620888411999, 0.4308142308582319]
[54.15580457448959, -9.321155492216349, 0.43093051557661965]
[53.66217032074928, -9.194147735834122, 0.4308199531151331]
[53.19088268280029, -9.051917716860771, 0.43098363032913767]
[52.743111446499825, -8.896260805428028, 0.43133966223103926]
[52.319459959864616, -8.728064693510532, 0.4313990025984822]
[51.91938824951649, -8.548631966114044, 0.43158632652011875]
[51.54156121611595, -8.358682356774807, 0.4318322485705721]
[51.18418446183205, -8.158471427857876, 0.4321616163360886]
[50.84541589021683, -7.9467624351382256, 0.43228324119991157]
[50.52394945919514, -7.721813082695007, 0.4322968235210283]
[50.217974811792374, -7.4831274300813675, 0.43253550933877705]
[49.925305515527725, -7.232199057936668, 0.4325924486547592]
[49.644445315003395, -6.969658315181732, 0.4326615546742687]
[49.37397658824921, -6.693689182400703, 0.43279372840333963]
[49.112312868237495, -6.3995692282915115, 0.4326412802984123]
[48.85780441761017, -6.081007361412048, 0.43243731031543575]
[48.60883718729019, -5.733212947845459, 0.4322309481794946]
[48.36512300372124, -5.353933364152908, 0.4317839416617062]
[48.129755683243275, -4.943986415863037, 0.4315816829694086]
[47.90723119676113, -4.506984919309616, 0.43136484775459394]
[47.70156667381525, -4.048321053385735, 0.43122165178283467]
[47.51640918850899, -3.5721281617879868, 0.4311153217092851]
[47.355286210775375, -3.0808699280023575, 0.4311396591110679]
[47.22100988775492, -2.5761007964611053, 0.4311393124080496]
[47.114602498710155, -2.0595236122608185, 0.4309254775289446]
[47.035529024899006, -1.532638967037201, 0.4310108321951702]
[46.98110844567418, -1.0120829045772552, 0.43269993469584733]
[46.93790425360203, -0.5456357598304749, 0.4352714709821157]
[46.91376402694732, -0.06741857528686523, 0.43036046030465513]
[46.937660705298185, 0.4668984115123749, 0.43230760778533295]
[46.99908636510372, 1.0716802179813385, 0.4317624945542775]
[47.07976055890322, 1.7309114634990692, 0.43084278358583106]
[47.177720457315445, 2.409951537847519, 0.4305752083018888]
[47.29018260166049, 3.0941696166992188, 0.43117887363769114]
[47.42734795808792, 3.773884207010269, 0.4311513641732745]
[47.60394686460495, 4.441787540912628, 0.4313581112655811]
[47.81153993308544, 5.096178591251373, 0.4313379415398231]
[48.03492060303688, 5.738249868154526, 0.43070908055233303]
[48.26672615110874, 6.369597136974335, 0.43048936637933366]
[48.506414249539375, 6.992732465267181, 0.43100734968902543]
[48.76186953485012, 7.611866861581802, 0.4310573048060178]
[49.04796776175499, 8.240007191896439, 0.43182276518200524]
[49.378833785653114, 8.911033749580383, 0.43244772794423625]
[49.76778091490269, 9.662777811288834, 0.4319995266851038]
[50.217283830046654, 10.498785018920898, 0.43266148562543094]
[50.71415764093399, 11.388450682163239, 0.43190526484977454]
[51.24200966954231, 12.298307120800018, 0.4320131638669409]
[51.78969746828079, 13.209242522716522, 0.4314486183284316]
[52.352254182100296, 14.111789673566818, 0.43150969531416195]
[52.926225394010544, 14.999008446931839, 0.43164188686205307]
[53.50658971071243, 15.862144261598587, 0.4314315877563786]
[54.07352325320244, 16.682575196027756, 0.42873521451838315]
[54.59529495239258, 17.42235365509987, 0.4297125581360888]
[55.09698328375816, 18.137252181768417, 0.43053979973774403]
[55.5885801166296, 18.827705413103104, 0.43079390191996936]
[56.070278018713, 19.497853368520737, 0.4309141195990378]
[56.540190011262894, 20.151690661907196, 0.4310264252126217]
[56.993404269218445, 20.793192744255066, 0.4309625748428516]
[57.42672596871853, 21.42525327205658, 0.4308264436403988]
[57.83864989876747, 22.050226390361786, 0.43060662611969747]
[58.22900274395943, 22.670206636190414, 0.43067182325467]
[58.598583444952965, 23.287299066781998, 0.43075527007022174]
[58.94832742214203, 23.90347072482109, 0.4309193244262133]
[59.28000085055828, 24.520015478134155, 0.4311114656011341]
[59.59540989995003, 25.137758940458298, 0.43101800914882915]
[59.8946388810873, 25.75789737701416, 0.43099580019770656]
[60.17686755955219, 26.380899339914322, 0.4308462564367801]
[60.44034591317177, 27.006480991840363, 0.43079330634645885]
[60.68238749355078, 27.633703470230103, 0.4307958484059782]
[60.90127432346344, 28.260393619537354, 0.43083987799764145]
[61.0970119908452, 28.883432894945145, 0.43086909382691374]
[61.27065270394087, 29.49963915348053, 0.430747859715666]
[61.42286206781864, 30.10672238469124, 0.4306304202109459]
[61.55354803055525, 30.70305472612381, 0.430574769499799]
[61.66147692501545, 31.287322252988815, 0.4303966619336279]
[61.74433837085962, 31.85840716958046, 0.4306195120589109]
[61.80188981629908, 32.41530379652977, 0.43046148783651006]
[61.83496340364218, 32.957896530628204, 0.4304244711747742]
[61.845422755228356, 33.487189531326294, 0.4306097047756339]
[61.83500526007265, 34.00471621751785, 0.43058322279830463]
[61.80429555475712, 34.51192769408226, 0.43076692987960996]
[61.75407444499433, 35.01006917655468, 0.43076250996091403]
[61.685119558125734, 35.500116124749184, 0.4307675898062371]
[61.598980367183685, 35.98341356217861, 0.430825282411206]
[61.49597679823637, 36.46104049682617, 0.4310634358698735]
[61.37635650485754, 36.93416175246239, 0.43096117408731516]
[61.2393604144454, 37.40391035377979, 0.43110973368311534]
[61.08343058824539, 37.87129317224026, 0.431178327606176]
[60.907647766172886, 38.338658422231674, 0.43113565150270006]
[60.70918698608875, 38.809363305568695, 0.43109442428431066]
[60.48565138876438, 39.28875491023064, 0.43115530015711556]
[60.232389867305756, 39.780725091695786, 0.4313476271054242]
[59.94611229002476, 40.28723540902138, 0.43111949729791377]
[59.62462143599987, 40.805943220853806, 0.43122547926031984]
[59.26875525712967, 41.33168292045593, 0.43126230169582414]
[58.879590943455696, 41.85819220542908, 0.4310808610789536]
[58.45732520520687, 42.37967324256897, 0.4310097780326032]
[58.003098621964455, 42.89146474003792, 0.4310911771572137]
[57.51926730573177, 43.3899347782135, 0.43114562950722757]
[57.008912175893784, 43.87258364260197, 0.43118776912160683]
[56.475073486566544, 44.337693616747856, 0.4310588595662921]
[55.92021229863167, 44.78402005136013, 0.43096863747632597]
[55.34597456455231, 45.20982202887535, 0.4309891513621551]
[54.75376805663109, 45.61242637038231, 0.43089041561597696]
[54.1452876329422, 45.989183127880096, 0.4308808707864955]
[53.522454500198364, 46.33866614103317, 0.430944981839275]
[52.88746330142021, 46.66174158453941, 0.43095459929645585]
[52.24217841029167, 46.96081404387951, 0.4309714132377849]
[51.58767220377922, 47.23802290856838, 0.4309308982374205]
[50.92427280545235, 47.49383322894573, 0.4310255298842094]
[50.2517865896225, 47.72783716022968, 0.43101894751089276]
[49.570198148489, 47.938892394304276, 0.43110955820884556]
[48.879802614450455, 48.12591850757599, 0.431099023950992]
[48.18092054128647, 48.288314640522, 0.4311935965997691]
[47.4737104177475, 48.42691481858492, 0.4311761720418872]
[46.757962852716446, 48.5432113930583, 0.4312195446498208]
[46.0333006978035, 48.63821567222476, 0.4313339193686261]
[45.299373388290405, 48.711561251431704, 0.43129480687639443]
[44.555953562259674, 48.76259823702276, 0.4312687565907254]
[43.80337366461754, 48.78985607996583, 0.43130999742425047]
[43.042498618364334, 48.79205333488062, 0.43122858551942045]
[42.27428671717644, 48.76841932814568, 0.4313481643512205]
[41.49930211901665, 48.71953829750419, 0.4313192493864335]
[40.71824365854263, 48.64574007317424, 0.4313983425454353]
[39.93186327815056, 48.54710788279772, 0.43126824089267757]
[39.14129623770714, 48.422787480056286, 0.43139429719303735]
[38.34788027405739, 48.2720703035593, 0.43117795647413004]
[37.55330032110214, 48.09380592405796, 0.4313602826296119]
[36.758851766586304, 47.88771605491638, 0.4312768835152383]
[35.96538686752319, 47.65385543555021, 0.431363519950537]
[35.17306703329086, 47.393103927373886, 0.43126054140520864]
[34.38207411766052, 47.10553887486458, 0.43148103546263883]
[33.59253481030464, 46.79125419259071, 0.43141537960764254]
[32.80505055189133, 46.44952782988548, 0.4315294853877276]
[32.02024853229523, 46.08018097281456, 0.43147289009448286]
[31.238623768091202, 45.68303528428078, 0.43153607061412913]
[30.460438758134842, 45.25848451256752, 0.4314306975575164]
[29.686187267303467, 44.80668556690216, 0.431507885317842]
[28.916555285453796, 44.32783378660679, 0.43157732646432123]
[28.1523599922657, 43.82205989956856, 0.4315004515783585]
[27.39451891183853, 43.289546459913254, 0.4315905047906199]
[26.643659561872482, 42.73059901595116, 0.43159138450573664]
[25.8999804854393, 42.145499765872955, 0.4315846160207002]
[25.163448214530945, 41.53424975275993, 0.4316023622304783]
[24.433990091085434, 40.896406173706055, 0.43169286726606515]
[23.7112118601799, 40.231144577264786, 0.43169207024766365]
[22.9943305850029, 39.53713074326515, 0.43176762946859526]
[22.28213894367218, 38.81258383393288, 0.43184777881833725]
[21.57336488366127, 38.05517843365669, 0.43187286169131767]
[20.86680716276169, 37.262420892715454, 0.431949486322992]
[20.161696791648865, 36.43193739652634, 0.43195883793316625]
[19.457980126142502, 35.5620918571949, 0.4319774845989741]
[18.756627142429352, 34.652215868234634, 0.4319893696119834]
[18.05928722023964, 33.7023429274559, 0.4319927404249029]
[17.36764246225357, 32.713043600320816, 0.4320073733579193]
[16.68314838409424, 31.68500065803528, 0.43198895831210393]
[16.007129281759262, 30.61857658624649, 0.4320635497842886]
[15.340523213148117, 29.51411098241806, 0.4320938821620075]
[14.683870613574982, 28.3716259598732, 0.4321559460076969]
[14.037105411291122, 27.191075086593628, 0.43219971277358127]
[13.400388479232788, 25.973430693149567, 0.43223866508651554]
[12.775124609470367, 24.722261250019073, 0.43226895950738253]
[12.163203030824661, 23.442346811294556, 0.43220902929169824]
[11.565774381160736, 22.137787222862244, 0.4321476088828149]
[10.982440263032913, 20.811009883880615, 0.43219043545104796]
[10.41032075881958, 19.460958182811737, 0.43225727031676797]
[9.844227373600006, 18.08145982027054, 0.4324108888686169]
[9.278133898973465, 16.661791920661926, 0.4326125697189127]
[8.708933800458908, 15.1943319439888, 0.4327379257847497]
[8.140225052833557, 13.68675971031189, 0.43265302262443583]
[7.579296946525574, 12.156646013259888, 0.4322344005777268]
[7.030584514141083, 10.617533802986145, 0.4318091504101176]
[6.496455132961273, 9.080601453781128, 0.43195904373715166]
[5.995077654719353, 7.620100200176239, 0.42066304478794336]
[5.5706692934036255, 6.365598797798157, 0.4301773172337562]
[5.151952490210533, 5.159618616104126, 0.43133729230612516]
[4.750683933496475, 3.9719916582107544, 0.4317855327972211]
[4.373938471078873, 2.7961811423301697, 0.4311822484014556]
[4.025605350732803, 1.6319486498832703, 0.43124330788850784]
[3.698372006416321, 0.47854894399642944, 0.4339246693998575]
[3.392003282904625, -0.6638984084129333, 0.4340230517555028]
[3.1129196882247925, -1.7962349653244019, 0.4285278655588627]
[2.8527538180351257, -2.9135515093803406, 0.4328979708661791]
[2.593221828341484, -4.005995333194733, 0.43084639820153825]
[2.3330865800380707, -5.076672792434692, 0.4311627769493498]
[2.0741535276174545, -6.126894891262054, 0.431601352232974]
[1.8175369501113892, -7.154798984527588, 0.43127329953131266]
[1.5638136714696884, -8.158537864685059, 0.4310610933462158]
[1.3129512518644333, -9.136000543832779, 0.43133646677597426]
[1.0635390505194664, -10.08404204249382, 0.43112621256386774]
[0.8188033550977707, -10.986562639474869, 0.43026530544739217]
[0.5867267772555351, -11.813002049922943, 0.4308851374662481]
[0.35984713584184647, -12.602226197719574, 0.4311850957928982]
[0.13581815361976624, -13.361901044845581, 0.4307805111475318]
[-0.08568260818719864, -14.096547722816467, 0.43053363120998256]
[-0.3028590977191925, -14.811500698328018, 0.4306474592340237]
[-0.513881042599678, -15.512886494398117, 0.4307291955483379]
[-0.7160538733005524, -16.206609964370728, 0.4311943204374984]
[-0.9071232751011848, -16.89682948589325, 0.4312921956370701]
[-1.0854047164320946, -17.586470127105713, 0.43121090529166395]
[-1.251612201333046, -18.277959406375885, 0.43107889204111416]
[-1.4071103185415268, -18.97363355755806, 0.43126258987467736]
[-1.551776647567749, -19.675474673509598, 0.4313417563762414]
[-1.6837194189429283, -20.384282171726227, 0.4313555001244822]
[-1.7999998182058334, -21.099206030368805, 0.43132227410023916]
[-1.8979356102645397, -21.818155825138092, 0.4310280084027909]
[-1.9765783995389938, -22.53860569000244, 0.43088367384916637]
[-2.035197101533413, -23.257587492465973, 0.4309154238726478]
[-2.0721565261483192, -23.971265882253647, 0.4308345809695311]
[-2.086394479032606, -24.674872010946274, 0.43088427294787834]
[-2.078328647185117, -25.363217651844025, 0.4306816945245373]
[-2.049634661525488, -26.03212672472, 0.43072530237077444]
[-2.0025042202323675, -26.679185569286346, 0.4305633528420003]
[-1.9376274272799492, -27.303541898727417, 0.43060388758794943]
[-1.8545134849846363, -27.905837953090668, 0.4304486066503159]
[-1.7516052536666393, -28.487387031316757, 0.4304682253059582]
[-1.6280261352658272, -29.050427287817, 0.43061524264339823]
[-1.4837188571691513, -29.59802582859993, 0.4306047555364785]
[-1.3188834339380264, -30.13374823331833, 0.43070066492509795]
[-1.1345787048339844, -30.66207817196846, 0.4312480046064593]
[-0.931171640753746, -31.18786785006523, 0.430956847849302]
[-0.7069728597998619, -31.715208292007446, 0.43140948798827594]
[-0.45960651338100433, -32.245849549770355, 0.43113439877924975]
[-0.18738563358783722, -32.77805009484291, 0.4313087077534874]
[0.10861428081989288, -33.308877259492874, 0.43108674716495443]
[0.4273555874824524, -33.83414137363434, 0.4307985322229797]
[0.7675063014030457, -34.35018628835678, 0.4308947548524884]
[1.1275930106639862, -34.85385650396347, 0.43076250248850556]
[1.5067093819379807, -35.34235019981861, 0.4307835547879222]
[1.9031439870595932, -35.81471239030361, 0.4308210079034325]
[2.3156650960445404, -36.2709586918354, 0.43061578035121784]
[2.744225800037384, -36.711563780903816, 0.4308776383186341]
[3.1892410814762115, -37.13787464797497, 0.43090024658158654]
[3.653387725353241, -37.55075253546238, 0.4311761963763274]
[4.140626147389412, -37.953611224889755, 0.4312630475178594]
[4.65840145945549, -38.35121451318264, 0.4315603606737568]
[5.214848011732101, -38.74966065585613, 0.4315253244149062]
[5.815735697746277, -39.14900256693363, 0.4316425907413759]
[6.458313167095184, -39.54510040581226, 0.4315508185154613]
[7.1347253024578094, -39.93084116280079, 0.43134380495757796]
[7.836217612028122, -40.30050337314606, 0.4311758266412653]
[8.556380301713943, -40.649617940187454, 0.4310556138516404]
[9.290652215480804, -40.97536779940128, 0.43099915509083075]
[10.03587207198143, -41.27565297484398, 0.4309308371084626]
[10.789741963148117, -41.54988181591034, 0.4310137473821669]
[11.550905674695969, -41.798992067575455, 0.43095082383661065]
[12.318983882665634, -42.024590745568275, 0.43111283027974423]
[13.0949786901474, -42.228009052574635, 0.4311544448364657]
[13.88144862651825, -42.41077969968319, 0.4313744781538844]
[14.684011220932007, -42.574321277439594, 0.43157261864598695]
[15.512524604797363, -42.72075914591551, 0.43176015203789575]
[16.3796147108078, -42.850914016366005, 0.43203233000531327]
[17.293276369571686, -42.96409813314676, 0.4319617035926058]
[18.251529723405838, -43.05826332420111, 0.43198060784561676]
[19.24505239725113, -43.13176090270281, 0.43177170126728015]
[20.263551771640778, -43.18370769917965, 0.4316826354188379]
[21.29937744140625, -43.213268239051104, 0.4316288076870478]
[22.348151206970215, -43.219704143324634, 0.4316641642481045]
[23.408290684223175, -43.20291382726282, 0.431747930473648]
[24.479925632476807, -43.16392709501088, 0.43185303438440314]
[25.565465807914734, -43.10393960773945, 0.4319586726160196]
[26.670050084590912, -43.023967277258635, 0.43204098753994913]
[27.8010396361351, -42.92461534217, 0.43218509930738946]
[28.966999769210815, -42.806659046560526, 0.4323203790372645]
[30.17752104997635, -42.67144672572613, 0.43238778010345413]
[31.43940007686615, -42.52082775533199, 0.4324867115883535]
[32.75208002328873, -42.357438921928406, 0.4324694393565096]
[34.10847616195679, -42.184600695967674, 0.4325079637710587]
[35.49971741437912, -42.00638813525438, 0.4324495994114841]
[36.919148445129395, -41.82650615274906, 0.43243341414199676]
[38.36370897293091, -41.6475323587656, 0.43245387554270565]
[39.833844006061554, -41.47093762457371, 0.4325501490566239]
[41.33304709196091, -41.29718519747257, 0.4326551656704396]
[42.86681252717972, -41.12586234509945, 0.4327396210828738]
[44.44062012434006, -40.956300280988216, 0.43281174602907413]
[46.05697625875473, -40.78782942146063, 0.432815972922981]
[47.713950395584106, -40.61993555724621, 0.43279315007748664]
[49.40614414215088, -40.4518238902092, 0.43274403787472693]
[51.12713575363159, -40.28184188902378, 0.4327030291897245]
[52.87163060903549, -40.107548259198666, 0.4326494399838339]
[54.636206567287445, -39.925778053700924, 0.43260138057212316]
[56.41923487186432, -39.732965752482414, 0.4326338059390764]
[58.22098219394684, -39.525687113404274, 0.4326751012429213]
[60.04400056600571, -39.30140905082226, 0.43273740023141727]
[61.892549991607666, -39.058411590754986, 0.4328160822128666]
[63.77019625902176, -38.79670451581478, 0.4329069979576161]
[65.67817145586014, -38.517656937241554, 0.43288630766255665]
[67.61466509103775, -38.223937302827835, 0.4329091549898294]
[69.57660377025604, -37.91877834498882, 0.4328581196587038]
[71.56109976768494, -37.60540650784969, 0.432868186037922]
[73.56616258621216, -37.28611572086811, 0.43291444917122135]
[75.5909857749939, -36.96265330910683, 0.432983293896541]
[77.63622307777405, -36.636082112789154, 0.43304011123473174]
[79.70384073257446, -36.306759506464005, 0.4330667428113202]
[81.79663693904877, -35.974110811948776, 0.4331358388370745]
[83.91716825962067, -35.636706843972206, 0.43317690118419705]
[86.06675362586975, -35.293025463819504, 0.43325027910395875]
[88.24510526657104, -34.94239364564419, 0.4332186232932145]
[90.4504269361496, -34.58525064587593, 0.4332141422710265]
[92.68027746677399, -34.2226625084877, 0.4331845387314388]
[94.93223798274994, -33.855675995349884, 0.4331854563242814]
[97.20426321029663, -33.48485991358757, 0.43319354672712507]
[99.49522304534912, -33.11012206971645, 0.43320491499434866]
[101.80489528179169, -32.7309290766716, 0.4332603882004378]
[104.13408958911896, -32.346455514431, 0.433289015556511]
[106.48429548740387, -31.95538803935051, 0.43333613539653015]
[108.85693085193634, -31.555167376995087, 0.43340037409507204]
[111.25243973731995, -31.14185556769371, 0.4333871174858359]
[113.66993033885956, -30.711337983608246, 0.4334159290738171]
[116.10762190818787, -30.26084491610527, 0.4333104308025213]
[118.56327521800995, -29.78949908912182, 0.43336242788245727]
[121.0350033044815, -29.29927960038185, 0.43337706955935573]
[123.52173089981079, -28.79418385028839, 0.4334599487883679]
[126.02328681945801, -28.278789162635803, 0.43353142031264724]
[128.54017663002014, -27.756737619638443, 0.4335407491089427]
[131.072625041008, -27.229721516370773, 0.43355431045711157]
[133.62003767490387, -26.697750627994537, 0.4335566527415722]
[136.18145310878754, -26.160039722919464, 0.4335470284058829]
[138.7558845281601, -25.61575824022293, 0.43360010396281723]
[141.3433519601822, -25.06448197364807, 0.4336200000179815]
[143.9452267885208, -24.5057370364666, 0.43357559084688546]
[146.5635826587677, -23.93779131770134, 0.4336295776156476]
[149.2002593278885, -23.356901437044144, 0.43362587475712644]
[151.85600924491882, -22.75848150253296, 0.433697893491626]
[154.5301398038864, -22.13873142004013, 0.4336420600848214]
[157.2205240726471, -21.496189028024673, 0.4335728509904584]
[159.9249770641327, -20.832717925310135, 0.43353663543530274]
[162.6415969133377, -20.151634335517883, 0.4336060431342048]
[165.36933660507202, -19.457277417182922, 0.4336372600591858]
[168.10811150074005, -18.754060328006744, 0.4337434520930401]
[170.85871696472168, -18.045316636562347, 0.4337119763440569]
[173.6224318742752, -17.33253440260887, 0.43378105054580374]
[176.40070474147797, -16.614957362413406, 0.4337611995906627]
[179.19505393505096, -15.89076092839241, 0.43381675479531623]
[182.00728499889374, -15.158538281917572, 0.43388603334256004]
[184.83916771411896, -14.418283551931381, 0.43392252036210266]
[187.69149684906006, -13.670955449342728, 0.43396692344686016]
[190.56401240825653, -12.91782259941101, 0.43394891550633474]
[193.4552708864212, -12.160002022981644, 0.4339127154307789]
[196.36319196224213, -11.398213893175125, 0.43390062726575707]
[199.28579080104828, -10.632798045873642, 0.43387878821522463]
[202.22156929969788, -9.863914877176285, 0.4338985413469345]
[205.16971600055695, -9.091770112514496, 0.43393067958095344]
[208.1303470134735, -8.316434502601624, 0.43392726336787746]
[211.1041293144226, -7.537834733724594, 0.4339965741855849]
[214.0922863483429, -6.75586724281311, 0.4340319017674119]
[217.0964686870575, -5.970121383666992, 0.4340759247643291]
[220.11777341365814, -5.179090201854706, 0.43407572404976236]
[223.1551375389099, -4.379687547683716, 0.4340647085919045]
[226.2040741443634, -3.5688762962818146, 0.4340341767638165]
[229.25769555568695, -2.7447006702423096, 0.4338102773963328]
[232.3098464012146, -1.9082931280136108, 0.4336613275590935]
[235.3558533191681, -1.0613755881786346, 0.4334092639037408]
[238.39156866073608, -0.2072017788887024, 0.4336826474464033]
[241.412535071373, 0.6506802141666412, 0.43348984156909864]
[244.41455042362213, 1.5057483911514282, 0.43363878961099545]
[247.3900181055069, 2.3518274426460266, 0.43336271157022566]
[250.2788369655609, 3.1775298416614532, 0.4314953896246152]
[253.0852802991867, 3.9965354800224304, 0.43421643576584756]
[255.85202050209045, 4.8145487904548645, 0.4333097781491233]
[258.5868241786957, 5.611646354198456, 0.4338125877548009]
[261.29708194732666, 6.380206108093262, 0.4332822927972302]
[263.9807176589966, 7.124747216701508, 0.4329298285592813]
[266.632577419281, 7.858766049146652, 0.43291610668529756]
[269.249751329422, 8.593092381954193, 0.43299424773431383]
[271.8308848142624, 9.332701355218887, 0.43289305622784013]
[274.37552309036255, 10.078308343887329, 0.43283867385571284]
[276.8844665288925, 10.828370183706284, 0.43292284656490665]
[279.3586655855179, 11.580347269773483, 0.4327968190482352]
[281.7993230819702, 12.331887930631638, 0.43283188690293173]
[284.205175280571, 13.080802828073502, 0.43279996211640537]
[286.57810389995575, 13.826550781726837, 0.43278371547785355]
[288.9202264547348, 14.568800777196884, 0.43263267570728203]
[291.23005390167236, 15.306957423686981, 0.4326703834685759]
[293.5029993057251, 16.04109337925911, 0.43253382727561984]
[295.7390080690384, 16.77166050672531, 0.432599322648457]
[297.9319694042206, 17.49551296234131, 0.43226294885971583]
[300.0767021179199, 18.208394050598145, 0.4324588482704712]
[302.18674170970917, 18.911637157201767, 0.4327890545973787]
[304.2608046531677, 19.600570499897003, 0.432573348574806]
[306.2995263338089, 20.274732649326324, 0.4325984032038832]
[308.30303132534027, 20.935046553611755, 0.4325105584866833]
[310.2709615826607, 21.58251264691353, 0.4324512275343295]
[312.20068126916885, 22.217105627059937, 0.432176240174158]
[314.0832407474518, 22.83640345931053, 0.43208702851552516]
[315.92507147789, 23.44254896044731, 0.4323848774511134]
[317.7349885106087, 24.035847932100296, 0.4323227087578516]
[319.51542896032333, 24.614621549844742, 0.4323301243566675]
[321.2668159008026, 25.179123133420944, 0.4320830942306202]
[322.9879461526871, 25.730482786893845, 0.4321653011465969]
[324.6727736592293, 26.268215507268906, 0.4317634877806995]
[326.2977727651596, 26.786440938711166, 0.43135848415840883]
[327.8668090701103, 27.287559285759926, 0.4319516653631581]
[329.3856763243675, 27.771570086479187, 0.4318341425387189]
[330.863637983799, 28.238485291600227, 0.43204617071023677]
[332.3047454357147, 28.690810576081276, 0.4315796580631286]
[333.693703353405, 29.127043336629868, 0.4313097646154347]
[335.0118972659111, 29.54619388282299, 0.43099504508427344]
[336.2625662088394, 29.949537232518196, 0.4319416958023794]
[337.47223621606827, 30.343751072883606, 0.43143272055021953]
[338.6543318629265, 30.731280595064163, 0.43117602206621086]
[339.81757366657257, 31.11600038409233, 0.43159420919255354]
