[5.001418913714588, 6.215384233975783, 0.4212508550554048]
[5.001030528859701, 6.211815672228113, 0.42128031550964806]
[5.0009767266983545, 6.2086229987908155, 0.4218304086243734]
[5.001162831715192, 6.20620885270182, 0.4221228776150383]
[5.000975534028839, 6.198407475836575, 0.4235950573347509]
[5.00139646732714, 6.176822734065354, 0.4279188697692007]
[5.001549863081891, 6.122141666710377, 0.43468047701753676]
[5.001675314037129, 6.014232859015465, 0.4358980922261253]
[5.006625593174249, 5.85498583316803, 0.43548282323172316]
[5.010362382046878, 5.65856196731329, 0.43509778057341464]
[5.015763637376949, 5.4410278126597404, 0.4349486867431551]
[5.021343355998397, 5.2123937383294106, 0.4344713381578913]
[5.027225622208789, 4.9777883887290955, 0.4344584480422782]
[5.03254168946296, 4.739566758275032, 0.43448395388259087]
[5.037097689695656, 4.498629383742809, 0.43464013939592405]
[5.040890068165027, 4.254656098783016, 0.43463008692197036]
[5.043695982429199, 4.0059773325920105, 0.4346164790185867]
[5.045061136741424, 3.749408170580864, 0.43461508123073145]
[5.04466778159258, 3.4800141751766205, 0.434741542347183]
[5.042444824124686, 3.1906622499227524, 0.4345799505535979]
[5.036936635384336, 2.8738184571266174, 0.4342802009632578]
[5.027686066925526, 2.5249557495117188, 0.4336342791066272]
[5.0132769318297505, 2.1455336660146713, 0.43296112190000713]
[4.993439842946827, 1.7419738173484802, 0.43240657448768616]
[4.9669360322877765, 1.3220006227493286, 0.43194211047375575]
[4.933812318369746, 0.8918663561344147, 0.4317670011660084]
[4.893072346225381, 0.45563754439353943, 0.4316290807473706]
[4.844330986961722, 0.015434756875038147, 0.4314839539110835]
[4.787244336679578, -0.42787572741508484, 0.4314113086766156]
[4.721216652542353, -0.8744490444660187, 0.4314549082519079]
[4.645619668066502, -1.326170265674591, 0.43143750066701614]
[4.559386130422354, -1.7878133803606033, 0.4313827161822701]
[4.45916360616684, -2.269044414162636, 0.4313867896125885]
[4.339844848960638, -2.785819113254547, 0.43166608960018493]
[4.194800183176994, -3.3556459844112396, 0.43189333319605794]
[4.019176863133907, -3.98702010512352, 0.4316644450518652]
[3.8121363446116447, -4.674496412277222, 0.4318256553087849]
[3.5768798887729645, -5.40482485294342, 0.43171822829026496]
[3.3165395259857178, -6.1656093299388885, 0.4317376039271039]
[3.0336076766252518, -6.950295120477676, 0.43176925864645455]
[2.7294385135173798, -7.757000267505646, 0.4317772625327052]
[2.4068037271499634, -8.583860337734222, 0.43189581607293803]
[2.0713055580854416, -9.424880921840668, 0.431865566286433]
[1.729590192437172, -10.273113995790482, 0.43163543433183804]
[1.3877341896295547, -11.123692840337753, 0.43121538948616944]
[1.0518406629562378, -11.971994042396545, 0.4309877182422497]
[0.7276827991008759, -12.811266511678696, 0.4309709856461268]
[0.42008575797080994, -13.631783813238144, 0.43057719100033864]
[0.1501680165529251, -14.376396477222443, 0.4262734204530716]
[-0.09032267332077026, -15.06202045083046, 0.43385315546765924]
[-0.3226907327771187, -15.736456841230392, 0.4355647339252755]
[-0.5377840548753738, -16.409433484077454, 0.4262576811015606]
[-0.7226154953241348, -17.086814731359482, 0.433925328659825]
[-0.8930257633328438, -17.767641603946686, 0.43042632803553715]
[-1.0542288199067116, -18.458968311548233, 0.43208628590218723]
[-1.2092337310314178, -19.167930632829666, 0.4310463570873253]
[-1.3537082374095917, -19.897846430540085, 0.43159906928485725]
[-1.4790184870362282, -20.64446422457695, 0.4314400224102428]
[-1.5809981152415276, -21.40072140097618, 0.43149973946856335]
[-1.661286223679781, -22.161003470420837, 0.4307887867325917]
[-1.7218434922397137, -22.92099103331566, 0.43064795367536135]
[-1.7628035508096218, -23.67543438076973, 0.4307023024884984]
[-1.7791432053782046, -24.416885286569595, 0.43059915361664025]
[-1.7669559866189957, -25.135718017816544, 0.43068461037182715]
[-1.730810834094882, -25.817074686288834, 0.43040504201781005]
[-1.6771993711590767, -26.447723925113678, 0.4303222580547299]
[-1.6104208156466484, -27.05118590593338, 0.43052176562923705]
[-1.5305912904441357, -27.634074419736862, 0.4305595330661163]
[-1.4355742782354355, -28.200824856758118, 0.43042787625745405]
[-1.319771271198988, -28.75285041332245, 0.4306170759591623]
[-1.1820547357201576, -29.291810780763626, 0.43099850026192144]
[-1.0255172401666641, -29.821105897426605, 0.4307332479947945]
[-0.8528481647372246, -30.345525085926056, 0.43118816083006095]
[0.9257883727550507, -33.87139841914177, 0.4310256150783971]
[1.2607876062393188, -34.3220157623291, 0.43072999964351766]
[1.6072505712509155, -34.75734880566597, 0.4311513955308328]
[1.9598195105791092, -35.18260373175144, 0.4307692041620612]
[2.317411258816719, -35.60177631676197, 0.43085064800834516]
[5.961574822664261, -38.64463555812836, 0.43174086977523984]
[6.6334876120090485, -39.044587165117264, 0.43119326140731573]
[7.319594860076904, -39.432780742645264, 0.43081673709093593]
[8.016327142715454, -39.810086473822594, 0.4309625563437294]
[8.723416894674301, -40.17348763346672, 0.431010401369349]
[9.441801398992538, -40.51614128053188, 0.4311404947802657]
[10.171426981687546, -40.83373637497425, 0.431285638755071]
[10.911095082759857, -41.127263844013214, 0.4311666008507018]
[11.660665452480316, -41.40032234787941, 0.4310045945167076]
[12.420190513134003, -41.653673842549324, 0.4310611648397753]
[13.188912332057953, -41.8836398050189, 0.4310283749946393]
[13.964604079723358, -42.08557998389006, 0.43110198777139885]
[14.744198143482208, -42.2590561658144, 0.4310257906472543]
[15.524033933877945, -42.4086766988039, 0.43113229650771245]
[16.29903569817543, -42.54067125916481, 0.4309272839454934]
[17.06161978840828, -42.65788235515356, 0.4308598224451998]
[17.79060399532318, -42.759098656475544, 0.42855447297915816]
[18.386841416358948, -42.83443946018815, 0.4280381959397346]
[18.93922719359398, -42.89506089873612, 0.43174852212541737]
[19.47177541255951, -42.94662890769541, 0.42977012828487204]
[19.987830460071564, -42.98978463560343, 0.4305571708828211]
[20.486918598413467, -43.02359723299742, 0.43059465385158546]
[20.963624849915504, -43.04870471637696, 0.43089701161079574]
[21.36925709247589, -43.0641038781032, 0.42923767084721476]
[21.68741826713085, -43.07308867154643, 0.43438657021761173]
[21.97917863726616, -43.079616632312536, 0.43365687265759334]
[22.24649913609028, -43.08367458486464, 0.4346496244543232]
[22.489323563873768, -43.08610502304509, 0.43411584611749277]
[22.7071850374341, -43.087587280140724, 0.43391793238697574]
[22.899917535483837, -43.088064272364136, 0.4340405050024856]
[23.067927218973637, -43.08703491243068, 0.4341799276007805]
[23.21186839044094, -43.08520516828867, 0.4344580300676171]
[23.333682533353567, -43.08291385805933, 0.43454105890123174]
[23.43567944690585, -43.0808885388542, 0.43452145194169134]
[23.52084545046091, -43.07856180751696, 0.4346398580237292]
[23.591500084847212, -43.07567772665061, 0.43399830017006025]
[23.650406133383512, -43.07321043801494, 0.4345949833514169]
[23.700789358466864, -43.071257553005125, 0.43515065853716806]
[23.745807202532887, -43.06925185536966, 0.43472446961095557]
[23.787427423521876, -43.067335584782995, 0.43504559210850857]
[23.826279286295176, -43.06634440290509, 0.4356614244170487]
[23.864398865029216, -43.06347311276477, 0.434691320755519]
[23.9028542060405, -43.06301138937124, 0.434458410134539]
[23.94117707014084, -43.06048596475739, 0.4363101077033207]
[23.97991892695427, -43.05865722394083, 0.4353710849536583]
[24.01811874844134, -43.057323885092046, 0.4341489940416068]
[24.05247866921127, -43.0551201509079, 0.4356629063549917]
[24.081449748016894, -43.0538554006489, 0.43529900978319347]
[24.105209613218904, -43.05296204311162, 0.43478971964213997]
[24.12510975636542, -43.051683778641745, 0.4350411145715043]
[24.138163397554308, -43.05043509844836, 0.43578410282498226]
[24.145871687680483, -43.051241532414224, 0.43542182898090687]
[24.150626786751673, -43.05000166542595, 0.43540613642835524]
[24.15568595682271, -43.05051534834638, 0.4352935052470457]
[24.16485578287393, -43.04920962796314, 0.434939175247564]
[24.184198318980634, -43.048366058967076, 0.4358501431415789]
[24.229810878634453, -43.046094561344944, 0.4352880894439295]
[24.323593202978373, -43.039594393689185, 0.4358710242668167]
[24.481391735374928, -43.02944305771962, 0.43564801156753674]
[24.696996323764324, -43.01448638178408, 0.43541496523539536]
[24.94976805150509, -42.99666531011462, 0.43427989998599514]
[25.220898896455765, -42.976639127358794, 0.43403875414514914]
[25.49960693717003, -42.95516799110919, 0.4339567501156125]
[25.780564472079277, -42.93260102998465, 0.4340466132707661]
[26.061111569404602, -42.909060071222484, 0.4341199274349492]
[26.33991502225399, -42.88418297749013, 0.4341370478650788]
[26.616996631026268, -42.85804076958448, 0.4340947013843106]
[26.893395587801933, -42.83035646751523, 0.4340910021273885]
[27.171293541789055, -42.801137171685696, 0.4342043250799179]
[27.45458023250103, -42.77014066465199, 0.43438005891948706]
[27.749756306409836, -42.73640174418688, 0.4344945592310978]
[28.067831590771675, -42.69819148629904, 0.4343015414833644]
[28.42175103724003, -42.653734328225255, 0.4336349359655287]
[28.81849516928196, -42.60163495130837, 0.4326195520116016]
[29.254398375749588, -42.542336612939835, 0.43163129582535475]
[29.71885260939598, -42.47702155262232, 0.43128184764645994]
[30.201373606920242, -42.40710191428661, 0.4311169764114311]
[30.6948751360178, -42.33368077874184, 0.4310142723406898]
[31.19571828842163, -42.25762565806508, 0.43094183649736806]
[31.703052788972855, -42.17924927547574, 0.43100238120678114]
[32.21899917721748, -42.09849138185382, 0.43120134565833723]
[32.75032877922058, -42.01451838389039, 0.43146347046422306]
[33.31246003508568, -41.92514209076762, 0.4316464478688431]
[33.92969852685928, -41.827362187206745, 0.4318240928114392]
[34.622583001852036, -41.719626639038324, 0.4320047219807748]
[35.3928819000721, -41.60321184620261, 0.4319624529744033]
[36.22487071156502, -41.481780141592026, 0.43173178820870817]
[37.099151998758316, -41.359345987439156, 0.43178108994834474]
[38.00276833772659, -41.239307682961226, 0.431771267507429]
[38.93108341097832, -41.12398450821638, 0.4318584551801905]
[39.88674792647362, -41.01483689248562, 0.4319727087204228]
[40.87900871038437, -40.91207720711827, 0.4321467399422545]
[41.921334981918335, -40.81500668078661, 0.43234733098506695]
[43.02444541454315, -40.7223667614162, 0.4324424167389225]
[44.18857055902481, -40.6319891102612, 0.4324343204007164]
[45.40370428562164, -40.54239634796977, 0.4322921520433738]
[46.65638679265976, -40.452714167535305, 0.43220625751200714]
[47.93677198886871, -40.36128302291036, 0.43217689620769306]
[49.23985207080841, -40.2657140865922, 0.43219071717794577]
[50.56447869539261, -40.16327694058418, 0.43226575821245206]
[51.913318395614624, -40.051372431218624, 0.4323522479280655]
[53.29310488700867, -39.92756878584623, 0.43246572661882965]
[54.713417053222656, -39.78960907459259, 0.43258705009066034]
[56.18226760625839, -39.6356155872345, 0.4325957456103424]
[57.7008113861084, -39.464186787605286, 0.4326506569614139]
[59.26273226737976, -39.27499336749315, 0.43253772861498874]
[60.85838323831558, -39.068607188761234, 0.4324475293287833]
[62.47908169031143, -38.846376053988934, 0.43242857063523843]
[64.11933982372284, -38.61043123155832, 0.4324636270685005]
[65.77705109119415, -38.363144524395466, 0.4325756948819617]
[67.4530862569809, -38.106723323464394, 0.4326493542503158]
[69.1509211063385, -37.84305027127266, 0.4327302837853608]
[70.87562847137451, -37.57308918237686, 0.43281832017646593]
[72.63213968276978, -37.296852454543114, 0.4328917732809714]
[74.42302030324936, -37.01450201869011, 0.43298615133971907]
[76.24806582927704, -36.726310700178146, 0.43289209799695527]
[78.104660987854, -36.432822212576866, 0.4328942315405584]
[79.98847478628159, -36.13463807106018, 0.43281673917226726]
[81.89472949504852, -35.832305043935776, 0.43280271786898084]
[83.8196896314621, -35.52641551196575, 0.4327948878853931]
[85.7615687251091, -35.21744476258755, 0.43280583173236664]
[87.72080653905869, -34.90545026957989, 0.43281053940700076]
[89.70002561807632, -34.590124890208244, 0.43290408065513475]
[91.70344495773315, -34.270806819200516, 0.4330615651924745]
[93.73594319820404, -33.94689202308655, 0.43315472521135234]
[95.80128800868988, -33.61814408004284, 0.43321980563996476]
[97.90045380592346, -33.28468804061413, 0.4332068580259829]
[100.03113842010498, -32.94679534435272, 0.4331630819087877]
[102.18901431560516, -32.604719042778015, 0.4331033266207669]
[104.36961233615875, -32.25812520086765, 0.43306076737826515]
[106.56931495666504, -31.90559959411621, 0.4330107755940844]
[108.78598606586456, -31.544350311160088, 0.43300115554302465]
[111.01886105537415, -31.170516833662987, 0.43303755367946906]
[113.26847636699677, -30.780254662036896, 0.4330975487464457]
[115.53680777549744, -30.37114341557026, 0.43315739023091737]
[117.82660293579102, -29.94247329235077, 0.43326228021032875]
[120.14044547080994, -29.495252460241318, 0.43331665687401255]
[122.47964143753052, -29.03200225532055, 0.4333805674486939]
[124.84357810020447, -28.556009724736214, 0.4333891236049112]
[127.23016273975372, -28.070344120264053, 0.43336552367509285]
[129.63657689094543, -27.577026799321175, 0.4333554617041955]
[132.06017899513245, -27.077094554901123, 0.43336980554886395]
[134.49906158447266, -26.570505797863007, 0.4333947493432788]
[136.9523025751114, -26.05692395567894, 0.433393213981617]
[139.42012584209442, -25.53614693880081, 0.43344222420068945]
[141.90381729602814, -25.007963746786118, 0.433502681351456]
[144.40528011322021, -24.471473664045334, 0.43356451588351774]
[146.92615938186646, -23.924447238445282, 0.4336324186078855]
[149.46626257896423, -23.363497406244278, 0.43357186971661577]
[152.02311146259308, -22.785324543714523, 0.43354556302392666]
[154.59308397769928, -22.1871737241745, 0.4334248059967649]
[157.1728616952896, -21.56777721643448, 0.4334188625034585]
[159.7607455253601, -20.927651345729828, 0.4334129279850458]
[162.35696482658386, -20.269292771816254, 0.43351420891849557]
[164.96378219127655, -19.597049474716187, 0.43362977760261856]
[167.58500814437866, -18.915860563516617, 0.4337359315904905]
[170.22504258155823, -18.2293584048748, 0.4337681110664562]
[172.88728153705597, -17.5386620759964, 0.4337415374466218]
[175.57349514961243, -16.842919141054153, 0.43389738289261004]
[178.28325188159943, -16.140199810266495, 0.43380879338656086]
[181.0143895149231, -15.429460763931274, 0.43382683642448683]
[183.76419174671173, -14.71105945110321, 0.4337177818888449]
[186.53005647659302, -13.986458241939545, 0.43370439644058933]
[189.31029784679413, -13.257368862628937, 0.43368302307499107]
[192.10388898849487, -12.524665713310242, 0.43370455234253313]
[194.91038501262665, -11.788031190633774, 0.43376430860735127]
[197.72992396354675, -11.046602755784988, 0.4338206014072057]
[200.5637847185135, -10.300057053565979, 0.43389206106803613]
[203.41406643390656, -9.548891216516495, 0.43390146515594097]
[206.28320813179016, -8.793680310249329, 0.433942091625795]
[209.1726325750351, -8.034450083971024, 0.43397264993109275]
[212.0815887451172, -7.270827621221542, 0.43396886777645705]
[215.00668728351593, -6.5030262768268585, 0.43394986150633486]
[217.9426988363266, -5.731973499059677, 0.4338397018618707]
[220.88390505313873, -4.958282172679901, 0.43365338753937976]
[223.824875831604, -4.1812160313129425, 0.43352396711998153]
[226.76031351089478, -3.3985090851783752, 0.43337224343486014]
[229.68455862998962, -2.6079497933387756, 0.4333614544048032]
[232.591615319252, -1.808864176273346, 0.4332755070354324]
[235.47611165046692, -1.0029310882091522, 0.43330441736179637]
[238.33396887779236, -0.19406536221504211, 0.433224399912433]
[241.14016711711884, 0.6057676374912262, 0.4311340407002717]
[243.85532081127167, 1.3807156383991241, 0.4321031653089449]
[246.53775215148926, 2.144430309534073, 0.4349526139412774]
[249.19887685775757, 2.8981690108776093, 0.43180273700272664]
[251.84199392795563, 3.6403088867664337, 0.43421916058287024]
[254.46623969078064, 4.373747497797012, 0.43282275543606374]
[257.0700954198837, 5.102908551692963, 0.43303735984954983]
[259.65095007419586, 5.832622051239014, 0.4327176820006571]
[262.20548164844513, 6.56433978676796, 0.43293757576611824]
[264.7243404388428, 7.294448018074036, 0.43155914987437427]
[267.18237483501434, 8.00956779718399, 0.43361681536771357]
[269.6100203990936, 8.709696143865585, 0.4325350456056185]
[272.0103461742401, 9.390896141529083, 0.43309265398420393]
[274.3839557170868, 10.056351512670517, 0.4323826199397445]
[276.7315784692764, 10.7144895195961, 0.43284779803070705]
[279.0510196685791, 11.372697114944458, 0.432538007175026]
[281.333838224411, 12.035365104675293, 0.4320015817238527]
[283.5787180662155, 12.704991519451141, 0.43277506312006153]
[285.7923232316971, 13.382571250200272, 0.43220911562093534]
[287.97612702846527, 14.06668871641159, 0.4325532818766078]
[290.13193821907043, 14.75196060538292, 0.43236975191393867]
[292.2612546682358, 15.431607276201248, 0.4326325523579726]
[294.36219453811646, 16.099028199911118, 0.43241219188348623]
[296.4184299707413, 16.74775403738022, 0.43188684893539175]
[298.44080007076263, 17.384969115257263, 0.43283205808256753]
[300.43499875068665, 18.014701187610626, 0.43207812831678893]
[302.39818358421326, 18.636997878551483, 0.43230630607286]
[304.32579505443573, 19.254069298505783, 0.43210129983162915]
[306.22116607427597, 19.87184289097786, 0.4321409376389056]
[308.08693754673004, 20.493463456630707, 0.4320217165891336]
[309.9233602285385, 21.119387298822403, 0.4319877807247394]
[311.73058331012726, 21.750406563282013, 0.43194966465671314]
[313.50924664735794, 22.387637972831726, 0.4319722140808153]
[315.2598845362663, 23.03289058804512, 0.43192652880679816]
[316.98404490947723, 23.687629371881485, 0.4318941907804401]
[318.68294364213943, 24.35087823867798, 0.43211378272098955]
[320.35709542036057, 25.01825389266014, 0.43201685106396326]
[322.0058827996254, 25.683659613132477, 0.4320398202080469]
[323.62007331848145, 26.340118795633316, 0.4315063501417171]
[325.1629880666733, 26.972258746623993, 0.42948944598902017]
[326.6715668439865, 27.59625518321991, 0.43706225021742284]
[328.1590408086777, 28.217620134353638, 0.43188344361260533]
[329.6235045194626, 28.848201483488083, 0.43167007248848677]
[331.062151491642, 29.48707628250122, 0.43174986238591373]
[332.47700852155685, 30.129479616880417, 0.43185986613389105]
[333.8716532588005, 30.774374336004257, 0.4312462652451359]
[335.24686801433563, 31.42229437828064, 0.4319027367164381]
[336.599844455719, 32.07549884915352, 0.43130973796360195]
[337.9267026782036, 32.73905801773071, 0.43183061439776793]
[339.2267695069313, 33.41493406891823, 0.4316120039438829]
[340.4994640350342, 34.10450595617294, 0.4315494964757818]
[341.74342507123947, 34.807560592889786, 0.4313875471416395]
[342.95644998550415, 35.52351659536362, 0.43139378793785]
[344.13665652275085, 36.25080141425133, 0.431327910759137]
[345.2832214832306, 36.98675283789635, 0.431354649064815]
[346.3963357806206, 37.72711116075516, 0.43133990405294753]
[347.4773867726326, 38.46661838889122, 0.4313477511605015]
[348.52395498752594, 39.19803583621979, 0.43115542030136567]
[349.5316391289234, 39.91542503237724, 0.4312992373597808]
[350.50821939110756, 40.623778492212296, 0.43126511314767413]
[351.4553883075714, 41.323155999183655, 0.43123022028885316]
[352.3748227953911, 42.01359370350838, 0.4311867287615314]
[353.26676657795906, 42.69549739360809, 0.43113900969183305]
[354.13077852129936, 43.369274497032166, 0.4311324297450483]
[354.9665011167526, 44.03465133905411, 0.4310424873651755]
[355.77401316165924, 44.6899029314518, 0.43098580809601117]
[356.55371430516243, 45.33176174759865, 0.43089086107647745]
[357.3072446882725, 45.956508338451385, 0.4309435154282255]
[358.038275629282, 46.56285458803177, 0.4309029733121861]
[358.74793472886086, 47.15043121576309, 0.43083188984383014]
[359.4346788227558, 47.71754792332649, 0.4307367129058548]
[360.09934201836586, 48.2642996609211, 0.43077645201765336]
[360.7429738044739, 48.791483491659164, 0.4307116876170767]
[361.3656712472439, 49.29947993159294, 0.4305929387337528]
[361.96527644991875, 49.78647729754448, 0.4304892519603527]
[362.5419270992279, 50.252058148384094, 0.4306350616734562]
[363.097099006176, 50.69704023003578, 0.43053997711467673]
[363.63133546710014, 51.12264081835747, 0.4305804987652664]
[364.1444846689701, 51.52919726073742, 0.43039173852594104]
[364.63298811018467, 51.91423383355141, 0.43028353935096675]
[365.0964025557041, 52.27701708674431, 0.4303305773901229]
[365.53602869808674, 52.61885219812393, 0.4302314691049105]
[365.95331838727, 52.94163219630718, 0.4302916360775271]
[366.3493117839098, 53.24654345214367, 0.43030131727209664]
[366.723725348711, 53.53406475484371, 0.43062195750826504]
[367.07204930484295, 53.80049952864647, 0.43005262059159577]
[367.35952827334404, 54.02017170935869, 0.4304050758946687]
[367.61302568018436, 54.213772393763065, 0.4431250523775816]
[367.84767846018076, 54.39292408525944, 0.4377925698645413]
[368.06257597357035, 54.555691212415695, 0.4311706922017038]
[368.23649810254574, 54.687807857990265, 0.43356854328885674]
[368.37092415988445, 54.78707369416952, 0.4346481068059802]
[368.48586474731565, 54.87052399665117, 0.4352914912160486]
[368.5809646472335, 54.94594035297632, 0.43322407630694215]
[368.662541333586, 55.007974376901984, 0.4347533796681091]
[368.7309483624995, 55.05852222070098, 0.43421844573458657]
[368.78687907382846, 55.1009460054338, 0.43469481266356524]
[368.8336689695716, 55.13589637167752, 0.4348288525361568]
[368.8735147956759, 55.16531567648053, 0.434789297520183]
[368.90710614435375, 55.19083117041737, 0.43527385347988456]
[368.9364649420604, 55.21301317308098, 0.435304424710921]
[368.96384806279093, 55.23236667737365, 0.434908042778261]
[368.98789945896715, 55.25188152771443, 0.43582505790982395]
[369.01231195777655, 55.269428675062954, 0.43473862984683365]
[369.03596215322614, 55.286712516099215, 0.4352579069091007]
[369.05819207802415, 55.30277530476451, 0.4346967882302124]
[369.0750509961508, 55.31718115787953, 0.4356504293391481]
[369.0878532314673, 55.325710786506534, 0.43538374031777494]
[369.09521732851863, 55.33090700255707, 0.43476250729872845]
[369.09893219638616, 55.3345154687413, 0.43523249034478795]
[369.10294583428185, 55.3364458179567, 0.43493230891181156]
[369.10975694982335, 55.3420229065232, 0.4356190186517779]
[369.1301843021065, 55.356218663044274, 0.43575624431832694]
[369.1821740269661, 55.39488337561488, 0.4356296849946375]
[369.2888549230993, 55.47213954851031, 0.43574290168180596]
[369.4548702389002, 55.59158379584551, 0.4350713957683183]
[369.66255071014166, 55.740598529577255, 0.43448994564823806]
[369.89107417315245, 55.904663905501366, 0.4342035163390392]
[370.12830843776464, 56.07491072267294, 0.4339352044626139]
[370.3682996928692, 56.247352451086044, 0.4338745311833918]
[370.60749896615744, 56.420203156769276, 0.4337496094722155]
[370.84359250962734, 56.59240194410086, 0.43380612578766886]
[371.07588958740234, 56.7632974088192, 0.4339212291088188]
[371.30491552501917, 56.933456130325794, 0.4339358218712732]
[371.5321043804288, 57.10432793200016, 0.4341983183840057]
[371.7594403475523, 57.27844172716141, 0.434268098033499]
[371.99102852493525, 57.45910654962063, 0.43437515288678696]
[372.23376608639956, 57.65338621288538, 0.43417104295804165]
[372.4985597729683, 57.87158640474081, 0.433672770857811]
[372.79351195693016, 58.123541578650475, 0.432880821172148]
[375.2455290257931, 60.80491751432419, 0.43093372972361976]
[375.52324409782887, 61.22131285071373, 0.4310347104910761]
[375.7922266572714, 61.64942143857479, 0.43122244052938186]
[377.6343878954649, 65.82871586084366, 0.43052768215420656]
[377.78478157520294, 66.40057399868965, 0.4300254910485819]
[377.90935469791293, 66.94747579097748, 0.4301956254639663]
[378.2336163315922, 70.3751100897789, 0.432994659000542]
[377.5924309641123, 73.96020829677582, 0.4307686615647981]
[375.8715574592352, 77.55208595097065, 0.4314571360582704]
[372.61716160178185, 80.95952460169792, 0.43141558884235565]
[372.07322829961777, 81.3439231812954, 0.4313495586720819]
[367.0471296906471, 83.68679440021515, 0.43138834382989444]
[366.2762967944145, 83.89855514466763, 0.4312643167140777]
[365.499070674181, 84.09418308734894, 0.43117900093784556]
[364.7160787284374, 84.27132464945316, 0.4312641988362884]
[363.92746418714523, 84.42725353688002, 0.4312469435535604]
[363.13216722011566, 84.56139079481363, 0.43141098568867164]
[362.32660415768623, 84.67624018713832, 0.43132736429106444]
[361.50280529260635, 84.77360940352082, 0.4317619311477756]
[360.6486759185791, 84.85451884940267, 0.4318073115873631]
[359.7508157789707, 84.91767402365804, 0.432109639965347]
[358.80210000276566, 84.96010135486722, 0.43191991410276387]
[357.80870401859283, 84.97660483792424, 0.4317776964380755]
[356.78616070747375, 84.96396616660058, 0.431632293646544]
[355.74842441082, 84.92356216162443, 0.43160466961671773]
[354.7027880549431, 84.8601626008749, 0.43160256402643427]
[353.651938021183, 84.77803101763129, 0.43161817648797296]
[352.5957008600235, 84.67958598583937, 0.43170424122945406]
[351.53008657693863, 84.56592773273587, 0.4318599054386141]
[350.4426079392433, 84.43722723424435, 0.43205830037913984]
[349.30839240550995, 84.29262587428093, 0.43237491938634776]
[348.10118293762207, 84.13159998506308, 0.43257855050433136]
[346.8148226737976, 83.95539443194866, 0.43266922991824686]
[345.4663580060005, 83.76826947182417, 0.43231551251665223]
[344.07946038246155, 83.57572191953659, 0.4321854376466945]
[342.6708224415779, 83.38198021054268, 0.43211994527246134]
[341.24832916259766, 83.18897887319326, 0.4321965986273426]
[339.8138226866722, 82.99680494517088, 0.4322924676744151]
[338.3644028902054, 82.80379630625248, 0.43242480112530757]
[336.891439974308, 82.6066912561655, 0.4325136530424061]
[335.38025629520416, 82.40092638134956, 0.4326926774592721]
[333.81578785181046, 82.18184181302786, 0.43281817847673665]
[332.19327598810196, 81.94657382369041, 0.43288729132837034]
[330.52147364616394, 81.6950476616621, 0.4326610355929006]
[328.81540805101395, 81.4293604195118, 0.43250543189788004]
[327.0880712866783, 81.15205337107182, 0.4324311388645583]
[325.34743398427963, 80.86530612409115, 0.4324526919372147]
[323.59700405597687, 80.57093943655491, 0.4325277465795807]
[321.83697086572647, 80.27034087479115, 0.4326122921265778]
[320.0644749403, 79.96435230970383, 0.43271490677580005]
[318.2726448774338, 79.65283995866776, 0.4327971443090064]
[316.4511876106262, 79.3345928043127, 0.4329781845008256]
[314.59048479795456, 79.00832585990429, 0.433098490764678]
[312.6869097352028, 78.67371113598347, 0.43307130375978886]
[310.7448995113373, 78.33202521502972, 0.4329739429849724]
[308.7729578614235, 77.98534442484379, 0.4328401721722912]
[306.7790667414665, 77.63553383946419, 0.43281809398649784]
[304.7685617208481, 77.28404435515404, 0.4328112619032254]
[302.7439353466034, 76.93083603680134, 0.4328618440686114]
[300.705274105072, 76.57394759356976, 0.43288043484244554]
[298.6504180431366, 76.20958925783634, 0.4329290273776678]
[296.574982047081, 75.83289723098278, 0.4330095293917111]
[294.4730449914932, 75.43892070651054, 0.43309193948152824]
[292.3394705057144, 75.02375717461109, 0.4331838316120411]
[290.1727818250656, 74.58549298346043, 0.43306466040667146]
[287.9758994579315, 74.1243475228548, 0.4331761586217908]
[285.7544581890106, 73.64252358675003, 0.4330581874701238]
[283.514310836792, 73.14340737462044, 0.4330508815983194]
[281.25968635082245, 72.63075560331345, 0.4330602527115843]
[278.99255323410034, 72.10802239179611, 0.4330807316182472]
[276.7128316164017, 71.57795229554176, 0.4331540209095692]
[274.4187457561493, 71.04191488027573, 0.4332294496089162]
[272.107173204422, 70.4998871088028, 0.43335436456254683]
[269.7739465236664, 69.95085841417313, 0.4334326006282936]
[267.41517555713654, 69.39342272281647, 0.4335169472924463]
[265.02853214740753, 68.82642611861229, 0.4334394605757552]
[262.6149026155472, 68.24880331754684, 0.4335893226234475]
[260.1789084672928, 67.65976577997208, 0.4334358352316485]
[257.7279096841812, 67.05794498324394, 0.43333510356751503]
[255.269695520401, 66.4413512647152, 0.4331227121219854]
[252.81080770492554, 65.80701464414597, 0.43298409118142445]
[250.356311917305, 65.1518287062645, 0.432828041666653]
[247.90997302532196, 64.47404509782791, 0.4327837040000304]
[245.473881483078, 63.77463096380234, 0.4328584347422293]
[243.04793787002563, 63.057795971632004, 0.43289092843042454]
[240.62998807430267, 62.32968616485596, 0.4330082888918696]
[238.21699476242065, 61.59608456492424, 0.43304950762285443]
[235.80682110786438, 60.85992965102196, 0.4330967691175829]
[233.39917695522308, 60.120541512966156, 0.433042020562425]
[230.9953521490097, 59.374592304229736, 0.4330580769401422]
[228.59743511676788, 58.61784717440605, 0.43297515441008727]
[226.2077522277832, 57.84665995836258, 0.4328784382487356]
[223.8286064863205, 57.05875214934349, 0.4328088909278449]
[221.46198332309723, 56.25366675853729, 0.4327770627460268]
[219.10917150974274, 55.43288815021515, 0.4328095941691572]
[216.77048063278198, 54.59983852505684, 0.43285867183294613]
[214.4449815750122, 53.759159088134766, 0.4327913914967212]
[212.13071644306183, 52.91576820611954, 0.43284422169381287]
[209.8253129720688, 52.07332256436348, 0.43293147868826054]
[207.52643930912018, 51.23310327529907, 0.43296225006633904]
[205.2316906452179, 50.39426025748253, 0.4329591362111387]
[202.93909120559692, 49.55430647730827, 0.43311358000937616]
[200.64619541168213, 48.7099569439888, 0.4331268804962747]
[198.34828889369965, 47.86011576652527, 0.4335335418727482]
[196.038259267807, 47.00381076335907, 0.4335541602958983]
[193.70840406417847, 46.140047401189804, 0.4338314423148404]
[191.35458481311798, 45.267825067043304, 0.4337323287545587]
[188.9783490896225, 44.387703597545624, 0.43362287148920586]
[186.5846302509308, 43.5014953315258, 0.4334130461793393]
[184.17953884601593, 42.609809428453445, 0.43330117181903915]
[181.76964008808136, 41.710127621889114, 0.43315782218269305]
[179.36105597019196, 40.79828521609306, 0.43303615043259924]
[176.9579577445984, 39.87171941995621, 0.43301169510232285]
[174.56181836128235, 38.93133383989334, 0.43304608905600617]
[172.1717563867569, 37.980311930179596, 0.4330349592546554]
[169.7855944633484, 37.022131502628326, 0.4331512946082512]
[167.40064120292664, 36.05897295475006, 0.4332217674145795]
[165.01371598243713, 35.091224670410156, 0.4333785412636644]
[162.620640873909, 34.11746406555176, 0.4335966686194297]
[160.21644115447998, 33.135632157325745, 0.4336399135772808]
[157.79766762256622, 32.1448392868042, 0.4338167701680504]
[155.36508858203888, 31.14642494916916, 0.433690963742265]
[152.9231699705124, 30.14310598373413, 0.43350413822190603]
[150.47701680660248, 29.137465476989746, 0.4332302801485639]
[148.03111112117767, 28.13027173280716, 0.43311721994541585]
[145.59196507930756, 27.120648443698883, 0.4330832832802116]
[143.17036139965057, 26.109398663043976, 0.4330370402240078]
[140.83219635486603, 25.126025676727295, 0.424076990224421]
[138.62711441516876, 24.19353997707367, 0.4321275351103395]
[136.44991612434387, 23.272291988134384, 0.4317404720932245]
[134.29884040355682, 22.340124994516373, 0.4336588606238365]
[132.18008160591125, 21.384388774633408, 0.4327406592783518]
[130.09936118125916, 20.400413393974304, 0.4327901054639369]
[128.05789470672607, 19.397105038166046, 0.4318348668748513]
[126.06146824359894, 18.39592295885086, 0.43022029171697795]
[124.14771062135696, 17.440405070781708, 0.43052267938037403]
[122.26795971393585, 16.518525302410126, 0.4347256440669298]
[120.40085846185684, 15.622602611780167, 0.4311268152669072]
[118.53680914640427, 14.759605377912521, 0.433647193829529]
[116.6866807937622, 13.906722277402878, 0.43204216394224204]
[114.86548221111298, 13.04108726978302, 0.43224062527588103]
[113.08375018835068, 12.155010372400284, 0.43125862983288243]
[111.36540657281876, 11.26481220126152, 0.4299364860635251]
[109.73372960090637, 10.39123860001564, 0.4321534519549459]
[108.13177508115768, 9.531265646219254, 0.43224879121407866]
[106.54711729288101, 8.697355210781097, 0.43206363485660404]
[104.97599393129349, 7.89247739315033, 0.432267133903224]
[103.41646003723145, 7.116584479808807, 0.43215126235736534]
[101.86652612686157, 6.365608096122742, 0.43231479771930026]
[100.32713484764099, 5.633025795221329, 0.43186323122426984]
[98.80539602041245, 4.908756405115128, 0.432005567192391]
[97.31192588806152, 4.184488922357559, 0.4317269426610437]
[95.86953580379486, 3.47014844417572, 0.4305697988020256]
[94.46915394067764, 2.770060658454895, 0.4323444424662739]
[93.08912539482117, 2.087121397256851, 0.4318542011315003]
[91.72828781604767, 1.4210011661052704, 0.43198518506687833]
[90.38357400894165, 0.7763097286224365, 0.4318882932143424]
[89.05149435997009, 0.16057735681533813, 0.4321409951080568]
[87.73012089729309, -0.42026153206825256, 0.4320177618646994]
[86.42037665843964, -0.9647236466407776, 0.43189007617911557]
[85.12616002559662, -1.4756610095500946, 0.43177499899320537]
[83.86758422851562, -1.9519829750061035, 0.4306743591732811]
[82.63893789052963, -2.401397615671158, 0.4324302893364802]
[81.43144935369492, -2.832976669073105, 0.431072250881698]
[80.24791592359543, -3.2501701712608337, 0.43169748986838385]
[79.11274600028992, -3.6488649547100067, 0.43078205693745986]
[78.01287150382996, -4.03694161772728, 0.431847830361221]
[76.93969637155533, -4.419665113091469, 0.4311213042528834]
[75.89889961481094, -4.797417595982552, 0.43063773354515433]
[74.91285145282745, -5.162238672375679, 0.4309014657046646]
[73.96019291877747, -5.519527196884155, 0.4312016694311751]
[73.0331701040268, -5.872162073850632, 0.43070404654645245]
[72.12799856066704, -6.219771236181259, 0.43108439857314806]
[71.24043563008308, -6.558980002999306, 0.4311000281086308]
[70.36643809080124, -6.884253963828087, 0.4314876118223765]
[69.50393307209015, -7.19114325940609, 0.43140935004339553]
[68.65306207537651, -7.477024048566818, 0.43124680432811147]
[67.81643670797348, -7.741933345794678, 0.4309822545037605]
[66.99896258115768, -7.987764447927475, 0.4309880780092499]
[66.22539684176445, -8.210868455469608, 0.42893349641235545]
[65.50469589233398, -8.412880629301071, 0.43161543970927596]
[64.8085648715496, -8.604960426688194, 0.4303418054478243]
[64.13280004262924, -8.785685129463673, 0.43124088214244694]
[63.473350673913956, -8.951094567775726, 0.43089307757327333]
[62.82703149318695, -9.099764622747898, 0.4311219801893458]
[62.19120782613754, -9.232263311743736, 0.43063568251091056]
[61.56386998295784, -9.349002063274384, 0.4307566323404899]
[60.94387051463127, -9.449699983000755, 0.4309165305503484]
[60.330777019262314, -9.53434356302023, 0.4309662717496394]
[59.72462400794029, -9.60344534739852, 0.4310263875813689]
[59.12514489889145, -9.656517270952463, 0.4308953118743375]
[58.53212133049965, -9.693913087248802, 0.43089965503895655]
[57.94537481665611, -9.713768030982465, 0.4309370651099016]
[57.365338921546936, -9.714399724733084, 0.4308948350226274]
[53.526153951883316, -9.069803707301617, 0.4311762283614371]
[50.83146120607853, -7.612929359078407, 0.4324153788329568]
[48.750390246510506, -5.420180439949036, 0.43240529690410767]
[47.52333853766322, -2.14287206530571, 0.43116558789370174]
[47.56451698765159, 1.9008567929267883, 0.4317466012435034]
[47.69316056370735, 2.492685854434967, 0.43150285312731285]
[47.840163826942444, 3.0970730781555176, 0.43144818134169327]
[48.00570250302553, 3.710101932287216, 0.43134365235164296]
[48.19113349914551, 4.329338192939758, 0.43142008579161484]
[48.3996300175786, 4.95323371887207, 0.43159654377086554]
[48.63098994642496, 5.582296252250671, 0.43147007337938703]
[48.886165007948875, 6.21832537651062, 0.43164535706091556]
[49.16676019132137, 6.865643709897995, 0.4316070519053028]
[49.47816056013107, 7.52980649471283, 0.4320280499232467]
[49.82531479001045, 8.215607702732086, 0.43205097227109945]
[50.2144170999527, 8.9266537129879, 0.43203529413585784]
[50.65006372332573, 9.663618057966232, 0.43208860682716477]
[51.13036486506462, 10.425069600343704, 0.432069462895015]
[51.64859816431999, 11.207960724830627, 0.4320816213839862]
[52.195707619190216, 12.00720590353012, 0.4320728533903093]
[52.76143288612366, 12.816142737865448, 0.43191402298543835]
[53.33627885580063, 13.629070907831192, 0.43162716139340773]
[53.912626534700394, 14.442647069692612, 0.4312731257377891]
[54.48332917690277, 15.253606110811234, 0.4312082910578283]
[55.04071053862572, 16.056988805532455, 0.4310661141280434]
[55.57780501246452, 16.845977067947388, 0.4307979082077509]
[56.074847623705864, 17.593257546424866, 0.4295392270432785]
[56.532734498381615, 18.29938068985939, 0.431475609424524]
[56.96915218234062, 18.993105560541153, 0.43033674906473607]
[57.38334655761719, 19.67978984117508, 0.4310491962824017]
[57.775370359420776, 20.362213015556335, 0.4307873082871083]
[58.14576418697834, 21.04209816455841, 0.4311222034084494]
[58.496610313653946, 21.720335572957993, 0.4309559567918768]
[58.83003143966198, 22.39779284596443, 0.43099641286971746]
[59.14755257964134, 23.075073838233948, 0.430914267875778]
[59.44896927475929, 23.75264799594879, 0.43104036720615113]
[59.733229368925095, 24.4301056265831, 0.43099371827156574]
[59.998709574341774, 25.10640200972557, 0.4309499721057364]
[60.244119472801685, 25.780076533555984, 0.43083436694723787]
[60.468702144920826, 26.449265152215958, 0.4307152226101607]
[60.67137023061514, 27.11213308572769, 0.4307580551139836]
[60.850612074136734, 27.766701757907867, 0.4306909762917712]
[61.00566280633211, 28.41112294793129, 0.4305960007914109]
[61.136624448001385, 29.044399738311768, 0.43070135844754986]
[61.24441157653928, 29.66650679707527, 0.43054201155609917]
[61.32915357872844, 30.27828285098076, 0.4306564723519841]
[61.3907498344779, 30.880704700946808, 0.43048158473538933]
[61.42814147286117, 31.474850118160248, 0.4306967795455421]
[61.44213626021519, 32.06165799498558, 0.4306791266935761]
[61.433999399188906, 32.64235460758209, 0.43061793336528353]
[61.40551912598312, 33.21837282180786, 0.43096671464445535]
[61.35851356573403, 33.79111695289612, 0.4306999635327884]
[61.29270391911268, 34.361387223005295, 0.4310179268504726]
[60.11118534952402, 38.42108936607838, 0.4307209402322769]
[59.86595676839352, 38.89746131002903, 0.4313905384624377]
[59.61174902319908, 39.35898683965206, 0.43065723951440305]
[57.0488351136446, 42.727064341306686, 0.4318387919493034]
[56.53633996844292, 43.20360566675663, 0.4313699638205435]
[56.00584051012993, 43.678099527955055, 0.4311460380577046]
[51.58729097247124, 46.47263154387474, 0.4312124943753588]
[50.967023730278015, 46.718910828232765, 0.43141957400075626]
[50.33890920877457, 46.95919894427061, 0.43145468328293646]
[49.69849371910095, 47.19026055932045, 0.4315125063803862]
[49.04368868470192, 47.40676962584257, 0.43118717558536446]
[48.374065190553665, 47.60503010451794, 0.43130319171905285]
[47.68948274850845, 47.785324320197105, 0.43122234744078014]
[46.98966443538666, 47.94826006144285, 0.4314479388194741]
[46.27521324157715, 48.09395783394575, 0.43140359454991994]
[45.54658833146095, 48.21988348290324, 0.4313362946268171]
[44.80472216010094, 48.323559295386076, 0.4311519524489995]
[44.05190062522888, 48.40104518085718, 0.43117230662574]
[43.29156219959259, 48.44705505296588, 0.431000022101216]
[42.52695667743683, 48.45856773876585, 0.4309997252203175]
[41.75972905755043, 48.43724321015179, 0.4311997656186577]
[40.98988714814186, 48.388350777328014, 0.43119953464338323]
[40.21675154566765, 48.315066538751125, 0.4313359776060679]
[39.43996286392212, 48.21774287894368, 0.4312008547194637]
[38.660191893577576, 48.09396483749151, 0.4312827095045577]
[37.8784062564373, 47.94181630015373, 0.4312801133200992]
[37.09542739391327, 47.76001288741827, 0.4313142132086796]
[36.31084567308426, 47.54961792379618, 0.43144063418731093]
[35.52397260069847, 47.31179668754339, 0.4313673240976641]
[34.73471024632454, 47.046964302659035, 0.4315008874691557]
[33.94406670331955, 46.75430463254452, 0.4313468982145423]
[33.153753221035004, 46.433424547314644, 0.43149650622945046]
[32.36576649546623, 46.08421529829502, 0.43135029405675596]
[31.58163645863533, 45.70749932527542, 0.4314991762803402]
[30.802477061748505, 45.30428355932236, 0.43129761181626236]
[30.029305398464203, 44.87540324032307, 0.43146091152448207]
[29.263134688138962, 44.42127011716366, 0.4313662409576864]
[28.50481727719307, 43.9421309530735, 0.43151165189374296]
[27.755063205957413, 43.438124001026154, 0.43139104756710367]
[27.013992577791214, 42.90936926007271, 0.4315619106491795]
[26.281102031469345, 42.35592421889305, 0.43150943498767447]
[25.55552151799202, 41.777426302433014, 0.4316766035044566]
[24.83634987473488, 41.17300510406494, 0.4316147970275779]
[24.122583210468292, 40.541311264038086, 0.4317514579761337]
[23.413144260644913, 39.88083955645561, 0.4317874294029025]
[22.707244277000427, 39.18997758626938, 0.43182102008358925]
[22.004334777593613, 38.467295199632645, 0.43184928638584097]
[21.304325342178345, 37.71161687374115, 0.4318948791769799]
[20.60744535923004, 36.922093123197556, 0.4319063442890183]
[19.91435632109642, 36.097940027713776, 0.43190113452556034]
[19.225654751062393, 35.238490015268326, 0.4319251361739589]
[18.541607528924942, 34.34289464354515, 0.4319743324206229]
[17.86223366856575, 33.41000398993492, 0.4319979974479793]
[17.187876015901566, 32.4381882250309, 0.43201850372497574]
[16.518993198871613, 31.42594003677368, 0.4320542523622066]
[15.856253951787949, 30.37224143743515, 0.43211137551406864]
[15.200345575809479, 29.277236461639404, 0.43212735709130357]
[14.55220115184784, 28.14210331439972, 0.43217900161562284]
[13.913505464792252, 26.969477236270905, 0.4321494618052384]
[13.286918729543686, 25.76428598165512, 0.43218091496873967]
[12.674683511257172, 24.531816124916077, 0.43208579096972244]
[12.077948838472366, 23.27606910467148, 0.43206661082149367]
[11.496080249547958, 21.999085068702698, 0.43211524634898524]
[10.926344692707062, 20.699125111103058, 0.43220268644290627]
[10.363393187522888, 19.368821144104004, 0.43234103635768406]
[9.800273209810257, 17.995162904262543, 0.432624164459412]
[9.231374502182007, 16.565179467201233, 0.4326848441742186]
[8.656388461589813, 15.077157258987427, 0.43273133189268265]
[8.082043707370758, 13.548195719718933, 0.43245594153995626]
[7.516657471656799, 12.000766217708588, 0.4320433168904856]
[6.965139180421829, 10.449984073638916, 0.43177563632343663]
[6.431357800960541, 8.911210298538208, 0.4319793571266928]
[5.955657973885536, 7.521273136138916, 0.42469813290517777]
[5.526772618293762, 6.263256371021271, 0.43389371410012245]
[5.114233210682869, 5.047833681106567, 0.43058315734378994]
[4.724986746907234, 3.845954954624176, 0.4318710998632014]
[4.3592904806137085, 2.654027819633484, 0.43033048673532903]
[4.016574501991272, 1.4716926217079163, 0.43158139727893285]
[3.6918589621782303, 0.2995232343673706, 0.4310181104228832]
[3.3807956129312515, -0.8616589903831482, 0.4317087890813127]
[3.080273076891899, -2.009280264377594, 0.43151649968058337]
[2.7900620698928833, -3.1391892433166504, 0.4315687585622072]
[2.5107663571834564, -4.245320200920105, 0.4311072078126017]
[2.250285565853119, -5.27412822842598, 0.4281514385365881]
[2.0001074224710464, -6.244321554899216, 0.4324954269686714]
[1.747040256857872, -7.190248012542725, 0.4306984597060364]
[1.5010601952672005, -8.116118043661118, 0.4315189308836125]
[1.2604679241776466, -9.023518651723862, 0.4308851361529378]
[1.0198891162872314, -9.911572009325027, 0.43127080853446387]
[0.7744264379143715, -10.777195394039154, 0.43112945643952116]
[0.5232399553060532, -11.61656379699707, 0.43099346093367785]
[0.2719155326485634, -12.419402807950974, 0.4300956624792889]
[0.03316812217235565, -13.16219648718834, 0.43060398258967325]
[-0.1973610818386078, -13.880020171403885, 0.4305441585020162]
[-0.4171774834394455, -14.579183638095856, 0.4307341263629496]
[-0.6255073919892311, -15.264752924442291, 0.4307642606727313]
[-0.8222866803407669, -15.941707879304886, 0.43106175570574123]
[-1.007488377392292, -16.61428791284561, 0.4310137645879877]
[-1.1815208718180656, -17.28592824935913, 0.4312293395632878]
[-1.3450020104646683, -17.959559231996536, 0.4312962856492959]
[-1.4983609914779663, -18.637776225805283, 0.43129397039410833]
[-1.64083082228899, -19.32244724035263, 0.4312348741295864]
[-1.7702001705765724, -20.014337122440338, 0.4313066165390751]
[-1.8836505115032196, -20.712783187627792, 0.43108504003612325]
[-1.9794878102838993, -21.41574114561081, 0.43111744656198425]
[-2.0561513863503933, -22.120566070079803, 0.43092671084014]
[-2.1129161342978477, -22.824150949716568, 0.4309261779926601]
[-2.149273061193526, -23.522741943597794, 0.4308433032419998]
[-2.1643627574667335, -24.211704581975937, 0.43081771603465313]
[-2.1583220162428916, -24.885977655649185, 0.43075598463474307]
[-2.132227133959532, -25.54112407565117, 0.43062075006491796]
[-2.0878706611692905, -26.17423439025879, 0.4306427449992043]
[-2.026487696915865, -26.784085154533386, 0.4304194669366552]
[-1.9482366479933262, -27.370382636785507, 0.43051456603279803]
[-1.8526736199855804, -27.933825880289078, 0.43045715712651145]
[-1.7393007166683674, -28.47633185982704, 0.4304386201547459]
[-1.607976272702217, -29.000995337963104, 0.4306787180248648]
[-1.4581931605935097, -29.51128351688385, 0.430486220133389]
[0.39623358845710754, -33.19634884595871, 0.43119352124631405]
[0.7467722594738007, -33.669278651475906, 0.4309325813956093]
[1.1075318157672882, -34.1316809207201, 0.43090818143537035]
[1.4727546274662018, -34.58302164077759, 0.43080606329021975]
[1.837610051035881, -35.02028176188469, 0.430691443158139]
[2.1976984590291977, -35.438106179237366, 0.43047475349885644]
[2.536529555916786, -35.81407052278519, 0.4271477807778865]
[2.76732324808836, -36.07458543777466, 0.43106526555493474]
[2.9716818928718567, -36.2861642986536, 0.43351387116126716]
[3.162340223789215, -36.48040333390236, 0.4341994577553123]
[3.340564452111721, -36.66003992408514, 0.434124841587618]
[3.5062516555190086, -36.8254322335124, 0.43472877237945795]
[3.658810980618, -36.97514946758747, 0.43419930950767593]
[3.7969244942069054, -37.10968433320522, 0.4340662460308522]
[3.920503854751587, -37.228773325681686, 0.43433458149957005]
[4.030292306095362, -37.33076159656048, 0.4342506838438567]
[4.125232942402363, -37.41716558113694, 0.4345391521783313]
[4.205815374851227, -37.489984434098005, 0.4347134913841728]
[4.273354142904282, -37.55077995546162, 0.43433066667057574]
[4.3287165854126215, -37.60086094588041, 0.4346317048148194]
[4.375571809709072, -37.63984111696482, 0.4351566741243005]
[4.412315309047699, -37.67322039697319, 0.43487943708896637]
[4.444863401353359, -37.69904637243599, 0.43513664814781805]
[4.470039912499487, -37.72449134569615, 0.43483902933076024]
[4.496301643550396, -37.742979754693806, 0.4351205734346877]
[4.518349506892264, -37.76388308405876, 0.43566389265470207]
[4.540148342959583, -37.78277388587594, 0.434807369907503]
[4.562615315429866, -37.80106167588383, 0.4356424000034167]
[4.584633130580187, -37.82041712477803, 0.4348638309893431]
[4.606090157292783, -37.83767436910421, 0.43566946138162166]
[4.62286118324846, -37.85407802090049, 0.4349377100006677]
[4.6385094108991325, -37.86582453176379, 0.43560319030075334]
[4.651757075916976, -37.87839044909924, 0.43479998758994043]
[4.664290868677199, -37.887809188105166, 0.4352884757099673]
[4.672765517374501, -37.894949859473854, 0.4355353626306169]
[4.678346895147115, -37.89989756816067, 0.43567776630516164]
[4.682714040274732, -37.90324913652148, 0.4354636485404626]
[4.687383374897763, -37.908280628500506, 0.43516604840988293]
[4.69657528726384, -37.915406856220216, 0.43537722819746705]
[4.714787462726235, -37.932664540596306, 0.4356186708610039]
[4.759016036987305, -37.966942455619574, 0.43490434321574867]
[4.839688867330551, -38.0377732552588, 0.4359773197211325]
[4.969273075461388, -38.14578663930297, 0.43538957949203905]
[5.136994831264019, -38.2866402938962, 0.43504723184742033]
[5.328995667397976, -38.44662827253342, 0.4346905182901537]
[5.533704340457916, -38.615892961621284, 0.434364036853367]
[5.744394920766354, -38.788697615265846, 0.43423227887251414]
[5.958030305802822, -38.96098688989878, 0.4340237526266719]
[6.173435591161251, -39.130080960690975, 0.4341562184126815]
[6.389227524399757, -39.295650251209736, 0.4341641902574338]
[8.313438296318054, -40.47868727147579, 0.4326863216701895]
[8.692577466368675, -40.653209172189236, 0.4323069140664302]
[9.093705460429192, -40.83178237080574, 0.43119239091174677]
[12.625175297260284, -41.94595753028989, 0.43185725386138074]
[13.236368417739868, -42.04745442047715, 0.43163768941303715]
[13.901671707630157, -42.149678230285645, 0.4314339952725277]
[14.61796247959137, -42.25302478671074, 0.4315913772734348]
[15.37880003452301, -42.351537488400936, 0.431533548864536]
[16.17921006679535, -42.43956243991852, 0.4317597358385683]
[17.020165413618088, -42.51596154272556, 0.43174722642288543]
[17.90837624669075, -42.5815862827003, 0.4317067911833874]
[18.85248699784279, -42.6361470669508, 0.43198541054152884]
[19.858345985412598, -42.67653264850378, 0.4319807469200896]
[20.92336893081665, -42.697499810718, 0.43202447974545066]
[22.037321746349335, -42.694377860985696, 0.43186753683403367]
[23.189256608486176, -42.66768408566713, 0.4319114308927965]
[24.371814787387848, -42.62273238226771, 0.432114106908557]
[25.5810329914093, -42.56486067734659, 0.43215072185194003]
[26.815918803215027, -42.4955706037581, 0.4322206129509141]
[28.079121708869934, -42.41421614587307, 0.4322297443895877]
[29.375998198986053, -42.320707716047764, 0.4323622934607556]
[30.71224933862686, -42.215746719390154, 0.4324862858557026]
[32.091539561748505, -42.100175488740206, 0.43260826078039827]
[33.51422590017319, -41.97514736652374, 0.43259417961962754]
[34.977930188179016, -41.841849491000175, 0.43247458874975564]
[36.47833579778671, -41.70146130025387, 0.4325748553710582]
[38.010855197906494, -41.55511727184057, 0.43255767091068265]
[39.57204270362854, -41.40372747182846, 0.43258037546274863]
[41.16022378206253, -41.247870452702045, 0.4326272383950709]
[42.77560901641846, -41.08795688301325, 0.43261808217675934]
[44.41959750652313, -40.924563609063625, 0.4326827373370179]
[46.093971490859985, -40.75842719525099, 0.43274991634007165]
[47.80013805627823, -40.59040476381779, 0.43284269989453605]
[49.5383135676384, -40.4202483817935, 0.4328265628319059]
[51.307274520397186, -40.24711832404137, 0.4328039026249826]
[53.10452735424042, -40.06876803189516, 0.43276960313596646]
[54.926979541778564, -39.88187359273434, 0.43276387402875116]
[56.77250152826309, -39.68250621855259, 0.4327171866170829]
[58.63980668783188, -39.46701521426439, 0.43270143174504483]
[60.52826255559921, -39.23284313827753, 0.43269397061885684]
[62.43765729665756, -38.978978395462036, 0.43274476188253175]
[64.36814498901367, -38.70601426064968, 0.4327749540843797]
[66.32065409421921, -38.41608940064907, 0.43285312083389726]
[68.2970540523529, -38.11247953772545, 0.43293691369035514]
[70.29920554161072, -37.79869709908962, 0.43300821043158066]
[72.32831275463104, -37.47757072746754, 0.4330477733637963]
[74.38451218605042, -37.151004031300545, 0.43308173785135295]
[76.4670901298523, -36.82022477686405, 0.43311088405243936]
[78.57497119903564, -36.48598621785641, 0.433119914818235]
[80.70703947544098, -36.1485089212656, 0.43312785077796434]
[82.8622876405716, -35.80723190307617, 0.43312765305927314]
[85.0399558544159, -35.46103747189045, 0.4331073086868855]
[87.23978769779205, -35.10871218144894, 0.43315553705906495]
[89.46196901798248, -34.749812081456184, 0.433188242610413]
[91.70720493793488, -34.38464465737343, 0.4332233526939717]
[93.97622871398926, -34.01400889456272, 0.43325485894547455]
[96.26949334144592, -33.638654202222824, 0.43333116017220163]
[98.5866928100586, -33.25869777798653, 0.43333186715244665]
[100.92686378955841, -32.87382009625435, 0.4333476113661163]
[103.28890144824982, -32.48364728689194, 0.4333532617529272]
[105.67182672023773, -32.08736243844032, 0.4333270039096533]
[108.07443141937256, -31.68270306289196, 0.43332131590068457]
[110.49543416500092, -31.266146883368492, 0.43333864262967836]
[112.9336267709732, -30.83406287431717, 0.4333595466996485]
[115.38827979564667, -30.383703976869583, 0.4333955305555719]
[117.85904049873352, -29.91381987929344, 0.4334008084842935]
[120.34592878818512, -29.425076976418495, 0.4334284109299915]
[122.84935486316681, -28.920130372047424, 0.4334970642339613]
[125.37025117874146, -28.402878642082214, 0.43357912665123877]
[127.90914011001587, -27.87734219431877, 0.4336339222500101]
[130.46505510807037, -27.34605360031128, 0.4336118913415703]
[133.03564405441284, -26.80963882803917, 0.43356802667403826]
[135.61854898929596, -26.2676240503788, 0.433500043614913]
[138.21250355243683, -25.719380140304565, 0.4334936455106799]
[140.8178962469101, -25.16478955745697, 0.4335448895180889]
[143.43682205677032, -24.60372084379196, 0.4336138939252123]
[146.07233345508575, -24.034541696310043, 0.4336852508276934]
[148.72722256183624, -23.45303377509117, 0.4337166684636031]
[151.40267026424408, -22.853688031435013, 0.4336184552303166]
[154.0961788892746, -22.232942789793015, 0.4336802069010446]
[156.80324709415436, -21.590381234884262, 0.43351174298732076]
[159.51903533935547, -20.92859724164009, 0.4336128713475773]
[162.2399572134018, -20.25125414133072, 0.43343051757074136]
[164.96377897262573, -19.561904698610306, 0.4334563405957397]
[167.68945944309235, -18.863720327615738, 0.43338189240239444]
[170.4172239303589, -18.159678488969803, 0.4334816092159599]
[173.1484466791153, -17.452282339334488, 0.43357999906220357]
[175.88536369800568, -16.742710322141647, 0.43368775087583344]
[178.63124442100525, -16.030414819717407, 0.4337021849096345]
[181.39041101932526, -15.313210874795914, 0.4338085716663045]
[184.1682415008545, -14.588518679141998, 0.4338973738704226]
[186.9697858095169, -13.855249226093292, 0.4339935155639978]
[189.79771065711975, -13.11433830857277, 0.4340159954463161]
[192.65085422992706, -12.367674976587296, 0.43392260902328417]
[195.5247906446457, -11.616812616586685, 0.43390331185173636]
[198.41417145729065, -10.862563490867615, 0.43380292470465065]
[201.3144953250885, -10.105227679014206, 0.4337578594677325]
[204.22291767597198, -9.345090091228485, 0.4337434719345765]
[207.13814163208008, -8.582430750131607, 0.4337587163445278]
