[4.9984503316518385, -0.008760564494878054, 0.18732909770915285]
[4.995141035178676, -0.025995721109211445, 0.18898356903810054]
[4.990989814396016, -0.04745263513177633, 0.1892240458255401]
[4.984020798001438, -0.07678605057299137, 0.19180345861241221]
[4.977810291806236, -0.114963224157691, 0.19891456561163068]
[4.971984331263229, -0.17026745341718197, 0.20505454810336232]
[4.9611864648759365, -0.2445271722972393, 0.20793740171939135]
[4.950384100433439, -0.33453506231307983, 0.20643607072997838]
[4.933725946582854, -0.44011348858475685, 0.20613895013229921]
[4.916338265873492, -0.5629557371139526, 0.20509713323554024]
[4.895887173712254, -0.7069126814603806, 0.20372686628252268]
[4.87091414257884, -0.8724290579557419, 0.2021608017385006]
[4.840859768912196, -1.0597053840756416, 0.20128014308284037]
[4.805922832340002, -1.2676774263381958, 0.19980989780742675]
[4.7655311692506075, -1.4955466538667679, 0.19942766982421745]
[4.719095112755895, -1.7423729002475739, 0.1992589936926379]
[4.666316289454699, -2.0067318975925446, 0.19923519641770326]
[4.6066199615597725, -2.2872214615345, 0.19970689882757142]
[4.54002146795392, -2.582764282822609, 0.20024007963365875]
[4.4665636867284775, -2.8917232155799866, 0.20007780322885083]
[4.385768473148346, -3.2121220529079437, 0.20013403485063463]
[4.29781299456954, -3.5422151535749435, 0.2001100588895497]
[4.202330466359854, -3.8820542097091675, 0.19991322523310373]
[4.098794851452112, -4.232371941208839, 0.19991030143046373]
[3.986206877976656, -4.593932554125786, 0.20000140667252708]
[3.863932751119137, -4.967680737376213, 0.19988548003311735]
[3.7315529510378838, -5.354264914989471, 0.19980470805967343]
[3.588235057890415, -5.75436806678772, 0.19959234010457294]
[3.4336078241467476, -6.169528514146805, 0.1995521963781357]
[3.266713462769985, -6.601935639977455, 0.19964668112515938]
[3.0865216851234436, -7.054277345538139, 0.20011900225654244]
[2.8922465965151787, -7.529428571462631, 0.2002487272993676]
[2.683349162340164, -8.030409753322601, 0.20016872297492228]
[2.4593245685100555, -8.559817343950272, 0.20025061433261726]
[2.22111002355814, -9.11810913681984, 0.20051469223108143]
[1.9696597158908844, -9.705891609191895, 0.2012819906231016]
[1.7050913721323013, -10.326608330011368, 0.20222820559865795]
[1.4267637729644775, -10.985515177249908, 0.20297465194016695]
[1.1339071989059448, -11.6879221200943, 0.2035531995643396]
[0.826842725276947, -12.43707749247551, 0.20379307763323595]
[0.5116849988698959, -13.226953327655792, 0.2026425147196278]
[0.2023978978395462, -14.034469991922379, 0.19838211918249726]
[-0.08803850412368774, -14.836721152067184, 0.19170773308724165]
[-0.35908831655979156, -15.633441835641861, 0.18680931394919753]
[-0.6111802235245705, -16.42557293176651, 0.1851973614830058]
[-0.8439921662211418, -17.213805317878723, 0.1857752216164954]
[-1.0573325008153915, -17.998731315135956, 0.18690408946713433]
[-1.2506076022982597, -18.781904935836792, 0.1875657911587041]
[-1.424259565770626, -19.569227516651154, 0.18728347626165487]
[-1.578290432691574, -20.371573209762573, 0.1874298158363672]
[-1.7068292312324047, -21.173472613096237, 0.1863067350932397]
[-1.8078574016690254, -21.970813542604446, 0.1854366147890687]
[-1.8810839243233204, -22.76076513528824, 0.1853700554202078]
[-1.9272661730647087, -23.541424036026, 0.1860804473690223]
[-1.9465976632200181, -24.312155038118362, 0.1863487305745366]
[-1.9382824529893696, -25.070640563964844, 0.18598540413950104]
[-1.9045835547149181, -25.814059525728226, 0.1853978872532025]
[-1.845715120434761, -26.54146096110344, 0.1847492896777112]
[-1.7622276432812214, -27.25320792198181, 0.18485270968812983]
[-1.6552063897252083, -27.950264424085617, 0.1855324991629459]
[-1.5248386412858963, -28.63281738758087, 0.1859546123741893]
[-1.3722232952713966, -29.30094689130783, 0.18617915787763195]
[-1.197522111237049, -29.954677402973175, 0.1861617381036922]
[-1.001086711883545, -30.594827383756638, 0.18625304906163365]
[-0.7827780321240425, -31.222128450870514, 0.18636671766580548]
[-0.5401120856404305, -31.841573417186737, 0.18578225738019682]
[-0.27310624718666077, -32.44632315635681, 0.1854121493306593]
[0.01837839186191559, -33.033406525850296, 0.1855010888975812]
[0.3318384289741516, -33.60020649433136, 0.18591989068954717]
[0.6659843921661377, -34.14524453878403, 0.18621657390031032]
[1.0181791484355927, -34.66689255833626, 0.18660607116180472]
[1.3865360915660858, -35.16512884199619, 0.18704392248764634]
[1.7681822776794434, -35.63933390378952, 0.18726186797357514]
[4.918042227625847, -38.505861431360245, 0.190809683437692]
[5.38361619412899, -38.82521015405655, 0.19118918669119012]
[5.866658627986908, -39.13494639098644, 0.19175061472924426]
[6.367692172527313, -39.43757885694504, 0.1927738844533451]
[6.890676349401474, -39.73478476703167, 0.1936513100808952]
[11.499990105628967, -41.65297547727823, 0.19497882331779692]
[12.203254133462906, -41.85878576338291, 0.19465452538861427]
[12.935167849063873, -42.05450114607811, 0.1950332121923566]
[13.69796434044838, -42.23830071091652, 0.19506466741950135]
[14.492227673530579, -42.40837822109461, 0.19488983297924278]
[15.316377371549606, -42.562257923185825, 0.19477130431550904]
[16.169535398483276, -42.698827125132084, 0.19479799952205212]
[17.05008837580681, -42.81731044873595, 0.19488255607029714]
[17.954650312662125, -42.91647157818079, 0.19465805692016147]
[18.877420246601105, -42.9948072321713, 0.1941834532044595]
[19.81398579478264, -43.05202275514603, 0.19417412963230163]
[20.76733323931694, -43.08949807845056, 0.19511628680629656]
[21.74171370267868, -43.108285516966134, 0.1959455634932965]
[22.74183851480484, -43.10833592596464, 0.19615644478835748]
[23.770653069019318, -43.08866294194013, 0.19614667970495248]
[24.829537272453308, -43.04874542914331, 0.1965335457061883]
[25.919320166110992, -42.98884363472462, 0.19729616996482946]
[27.04036456346512, -42.909662287682295, 0.19801552558783442]
[28.191483795642853, -42.81232375651598, 0.19836982482956955]
[29.369468986988068, -42.699107836931944, 0.19870538130635396]
[30.570207595825195, -42.57259849458933, 0.19902919547166675]
[31.79125189781189, -42.43596304953098, 0.1997708968410734]
[33.03375118970871, -42.291971541941166, 0.20060715463478118]
[34.301227271556854, -42.142722859978676, 0.20132987832766958]
[35.597277760505676, -41.9897975102067, 0.2017803314665798]
[36.92433696985245, -41.8344261944294, 0.20227918183081783]
[38.27569663524628, -41.678595185279846, 0.20191678634728305]
[39.645855486392975, -41.52410988509655, 0.2007224247790873]
[41.03882956504822, -41.37053353339434, 0.2003938051784644]
[42.454778492450714, -41.217777751386166, 0.20053841990738874]
[43.9003079533577, -41.06486412137747, 0.2014551476459019]
[45.38545060157776, -40.910531625151634, 0.20272948732599616]
[46.90571731328964, -40.754929311573505, 0.20307609174778918]
[48.45551002025604, -40.598128855228424, 0.2032378319199779]
[50.03133797645569, -40.43937388807535, 0.20351189567008987]
[51.633283376693726, -40.27696572244167, 0.20356994549854335]
[53.26369506120682, -40.10843996703625, 0.2032491773570655]
[54.9247761964798, -39.931185610592365, 0.20260535704437643]
[56.61719012260437, -39.74245887994766, 0.20184634436736815]
[58.34048384428024, -39.53993058204651, 0.2011388389801141]
[60.09330528974533, -39.322061188519, 0.20063255255809054]
[61.87368959188461, -39.08848960697651, 0.20033972116652876]
[63.683669209480286, -38.8391447365284, 0.20074783510062844]
[65.5185194015503, -38.574934124946594, 0.20105923486698885]
[67.37260663509369, -38.29847754538059, 0.20092864636535523]
[69.24474585056305, -38.012026593089104, 0.2009852337250777]
[71.13400721549988, -37.717421501874924, 0.20077061824849807]
[73.04668635129929, -37.41630384325981, 0.20115637409617193]
[74.9853765964508, -37.108965903520584, 0.2016608570847893]
[76.95152497291565, -36.79628211259842, 0.2020258682896383]
[78.94596672058105, -36.478965133428574, 0.20225983296404593]
[80.96880173683167, -36.15706051886082, 0.20237091096350923]
[83.01945579051971, -35.830318093299866, 0.20233996366732754]
[85.09648478031158, -35.498346507549286, 0.202167859308247]
[87.19766616821289, -35.16114214062691, 0.20193383254809305]
[89.32086205482483, -34.81869560480118, 0.2017963324797165]
[91.46485900878906, -34.47127050161362, 0.20181233862240333]
[93.62993264198303, -34.118901476264, 0.20192154830874642]
[95.81741642951965, -33.76147197186947, 0.2019977879790531]
[98.02867197990417, -33.398875042796135, 0.20201115761346955]
[100.26439213752747, -33.03049685060978, 0.20186346163973212]
[102.52516090869904, -32.656883612275124, 0.2020341819297755]
[104.81083309650421, -32.27618399262428, 0.20171763442340307]
[107.1205290555954, -31.88562285900116, 0.20103286439552903]
[109.45253920555115, -31.483621686697006, 0.20037775850505568]
[111.80492877960205, -31.067990601062775, 0.19975327054271474]
[114.17542612552643, -30.636899694800377, 0.19922198374115396]
[116.5623562335968, -30.1898305863142, 0.19900127434084425]
[118.96508038043976, -29.727204114198685, 0.19919707786175422]
[121.38409638404846, -29.25032825767994, 0.19965176456025802]
[123.8204208612442, -28.760873779654503, 0.20018229269771837]
[126.27515852451324, -28.260404527187347, 0.20067400587140583]
[128.74903571605682, -27.750648736953735, 0.20109384153329302]
[131.24244487285614, -27.232476323843002, 0.20144553072168492]
[133.7564034461975, -26.70648044347763, 0.2017397937743226]
[136.2856103181839, -26.17385560274124, 0.20151836455625016]
[138.82798051834106, -25.634922474622726, 0.20094815478660166]
[141.38347268104553, -25.089244097471237, 0.20062405142380157]
[143.95244693756104, -24.53437665104866, 0.2002180070267059]
[146.539524435997, -23.967697888612747, 0.20025002770489664]
[149.14352750778198, -23.387386441230774, 0.20022448473173426]
[151.76348519325256, -22.791297376155853, 0.1999435288598761]
[154.3985196352005, -22.178207635879517, 0.19959408477006946]
[157.04416584968567, -21.54870042204857, 0.19914410721685272]
[159.6982307434082, -20.903968155384064, 0.19890635816409485]
[162.36215329170227, -20.244930654764175, 0.19909168049343862]
[165.0375280380249, -19.57330694794655, 0.199558308115229]
[167.7260378599167, -18.89090085029602, 0.20015451931976713]
[170.42878997325897, -18.199074119329453, 0.20052612329891417]
[173.14688909053802, -17.499372333288193, 0.2009073651424842]
[175.88074398040771, -16.79244378209114, 0.2010915895443759]
[178.63044250011444, -16.07914263010025, 0.20126062906638253]
[181.3955408334732, -15.35988637804985, 0.2013216357154306]
[184.17548835277557, -14.63522356748581, 0.2013381526471676]
[186.96976935863495, -13.905698508024216, 0.2013331909865883]
[189.77808940410614, -13.171765804290771, 0.20135832549385668]
[192.60060822963715, -12.433771401643753, 0.20141768525172665]
[195.43786215782166, -11.691847622394562, 0.201459367721327]
[198.2905365228653, -10.945766061544418, 0.20148506862824433]
[201.15930366516113, -10.19534096121788, 0.2015123368391869]
[204.04460835456848, -9.440443277359009, 0.20157658700736647]
[206.9466985464096, -8.681025564670563, 0.20164333885804808]
[209.86564338207245, -7.917092800140381, 0.20175723933061818]
[212.80126345157623, -7.148707389831543, 0.20183447838644497]
[215.75292801856995, -6.374405205249786, 0.20150911058590282]
[218.71968972682953, -5.592808812856674, 0.201160337033798]
[221.70030915737152, -4.802850753068924, 0.2008922223612899]
[224.69385170936584, -4.003210008144379, 0.20067103120527463]
[227.6976910829544, -3.1931077539920807, 0.20021617226302624]
[230.70493865013123, -2.3734934329986572, 0.1990971529739909]
[233.70439791679382, -1.5476551055908203, 0.19716713367961347]
[236.69562256336212, -0.7169225215911865, 0.19557396502932534]
[239.67711400985718, 0.11699360609054565, 0.1948203430220019]
[242.64957511425018, 0.9530422985553741, 0.19489511355641298]
[245.61430966854095, 1.790473759174347, 0.1954429266625084]
[248.56799733638763, 2.6274881958961487, 0.1959531675965991]
[251.4892542362213, 3.4573824405670166, 0.19533460919046775]
[254.37191784381866, 4.2776391208171844, 0.1939392098574899]
[257.2404862642288, 5.094930171966553, 0.19551875069737434]
[260.0604444742203, 5.900038063526154, 0.19425225089071319]
[262.8266577720642, 6.691437512636185, 0.1936068811774021]
[265.554669380188, 7.472833007574081, 0.19371701241470873]
[268.25026762485504, 8.246637970209122, 0.194237213145243]
[270.9142051935196, 9.016473472118378, 0.19483190115715843]
[273.54147231578827, 9.783236145973206, 0.19444511464098468]
[276.13116931915283, 10.549478143453598, 0.1931859457399696]
[278.6861844062805, 11.317390322685242, 0.19221791488234885]
[281.21480894088745, 12.089489161968231, 0.19307686248794198]
[283.70594239234924, 12.8596693277359, 0.19313039997359738]
[286.1533534526825, 13.627895683050156, 0.192596698529087]
[288.5586920976639, 14.393994361162186, 0.19273375501506962]
[290.92801582813263, 15.156516790390015, 0.19323481534956954]
[293.26817083358765, 15.91494619846344, 0.1935695726351696]
[295.57281482219696, 16.663608580827713, 0.19290670225745998]
[297.8384379148483, 17.400472342967987, 0.19215623874333687]
[300.07051730155945, 18.12700030207634, 0.1920659234529012]
[302.26855301856995, 18.84257882833481, 0.19228239721269347]
[304.4294046163559, 19.54630672931671, 0.19249805875006132]
[306.5507664680481, 20.23850318789482, 0.19279580275178887]
[308.63674664497375, 20.92025825381279, 0.1931371358805336]
[310.6856464147568, 21.59075790643692, 0.19325089079211466]
[312.69702231884, 22.249317169189453, 0.19333428628306137]
[314.6709720492363, 22.895336359739304, 0.19327697025437374]
[316.60436832904816, 23.527295112609863, 0.19296472329006065]
[318.49483305215836, 24.144389122724533, 0.1923236713919323]
[320.3460397720337, 24.74774232506752, 0.19194723413056636]
[322.16445273160934, 25.339440017938614, 0.19220893731107935]
[323.95162123441696, 25.91969758272171, 0.19228537725211936]
[325.70502722263336, 26.487034648656845, 0.1917095989047084]
[327.4244108200073, 27.042113095521927, 0.19112498662434518]
[329.0970022678375, 27.581176668405533, 0.18978075816994533]
[330.70956230163574, 28.10026064515114, 0.1876237071119249]
[332.2665850520134, 28.60341840982437, 0.18686290708137676]
[333.78046613931656, 29.097765117883682, 0.1878494288539514]
[335.255195081234, 29.58732219040394, 0.1884319024538854]
[336.6866705417633, 30.073955833911896, 0.18729844404151663]
[338.06529074907303, 30.55563797056675, 0.18559693120187148]
[339.3880608677864, 31.031738057732582, 0.18426188145531341]
[340.6511757969856, 31.502595156431198, 0.18274591502267867]
[341.8697726726532, 31.97724559903145, 0.18378684017807245]
[343.07685059309006, 32.46439515054226, 0.1861412660800852]
[344.26655954122543, 32.96991762518883, 0.18523837835527956]
[345.4303292632103, 33.488743633031845, 0.18545142217772081]
[346.54320961236954, 34.005650490522385, 0.18413778976537287]
[347.63321805000305, 34.534896820783615, 0.18495273077860475]
[348.70902824401855, 35.07690128684044, 0.18702142062829807]
[349.77054834365845, 35.63024318218231, 0.18821908661630005]
[350.81859916448593, 36.19361197948456, 0.18896490574115887]
[351.85497587919235, 36.7670111656189, 0.1897695836960338]
[352.8845981359482, 37.35483071208, 0.19074229983380064]
[353.9108092188835, 37.959735691547394, 0.19154595053987578]
[354.9331998825073, 38.58104741573334, 0.19198427062656265]
[355.9461314678192, 39.216170847415924, 0.19146917085163295]
[356.94724559783936, 39.86629527807236, 0.19037955743260682]
[357.93382927775383, 40.532927095890045, 0.189100140996743]
[358.89999383687973, 41.21472895145416, 0.1878444993053563]
[359.8446008861065, 41.91230928897858, 0.18710385507438332]
[360.7675432562828, 42.62515142560005, 0.18700498733232962]
[361.66901633143425, 43.352518409490585, 0.1871637640724657]
[362.5493900179863, 44.093872398138046, 0.1874342790688388]
[363.40916353464127, 44.84862372279167, 0.18781599491194356]
[364.24952763319016, 45.615954995155334, 0.1882586883730255]
[365.0721226334572, 46.395036429166794, 0.18887017885572277]
[365.8782826066017, 47.18548294901848, 0.18941715560504235]
[366.6683630645275, 47.98782715201378, 0.1895245275054549]
[367.4421726167202, 48.80251222848892, 0.1893548362495494]
[368.19497323036194, 49.62492170929909, 0.188907540141372]
[368.9117279946804, 50.43847745656967, 0.18694869754835963]
[369.59431105852127, 51.24600827693939, 0.1854287738678977]
[370.2486729025841, 52.05382940173149, 0.18560046730272006]
[370.8752887248993, 52.86216962337494, 0.18621900977450423]
[371.1782249510288, 53.266650170087814, 0.1864267409837339]
[371.76322001218796, 54.07637467980385, 0.18655144376862154]
[372.3195823729038, 54.88609805703163, 0.18646838056884008]
[372.84684336185455, 55.69423818588257, 0.18642017020101775]
[373.3439504802227, 56.49829542636871, 0.18621913153037895]
[373.8110653758049, 57.29766067862511, 0.1860115432209568]
[374.24866692721844, 58.09229701757431, 0.18589065534615656]
[374.6569199413061, 58.88199719786644, 0.18580228808423271]
[375.0366396009922, 59.668150037527084, 0.18580339194159023]
[375.3897345364094, 60.45515540242195, 0.18604707095073536]
[375.71606753766537, 61.24310052394867, 0.1863263707855367]
[376.0151871740818, 62.03091678023338, 0.1863626443528119]
[376.2870592921972, 62.817997455596924, 0.1864454603055492]
[376.53185134381056, 63.603661954402924, 0.18657955708476948]
[376.74891536682844, 64.38549995422363, 0.18652592817670666]
[376.93851981312037, 65.15633299946785, 0.18654707373571]
[377.1010898426175, 65.91446542739868, 0.18624893121886998]
[377.237402074039, 66.66137874126434, 0.186086472862371]
[377.34709061309695, 67.39597508311272, 0.1858444432145916]
[377.42976020649076, 68.11778855323792, 0.18551240219676401]
[377.4846536722034, 68.82689002156258, 0.1853198955723201]
[377.511766795069, 69.52261978387833, 0.18516078353422927]
[377.5101445335895, 70.20079600811005, 0.18477623737999238]
[377.48075900040567, 70.86065784096718, 0.18471907867831305]
[377.4246064648032, 71.50203949213028, 0.18488511055329582]
[377.342404127121, 72.12384122610092, 0.18505817346158437]
[377.2352591753006, 72.72617706656456, 0.18534547282615677]
[377.10236797481775, 73.31280606985092, 0.1856739250360988]
[376.94343730062246, 73.8913169503212, 0.18659803437185474]
[376.75926508009434, 74.46006348729134, 0.18731379389646463]
[376.5507512539625, 75.01668375730515, 0.1878492939285934]
[376.31945046037436, 75.55896079540253, 0.18816062414407497]
[374.0347592830658, 79.02574695646763, 0.1890839700572542]
[371.312921077013, 81.40893206000328, 0.19228753985225921]
[370.84833911061287, 81.72111031413078, 0.1920270672708284]
[366.93315827846527, 83.66053260862827, 0.19357449932431336]
[366.3510122001171, 83.87051279097795, 0.1932252971600974]
[365.749078810215, 84.0707085877657, 0.1929416291823145]
[365.1278623044491, 84.26106182485819, 0.19290430662658764]
[364.48858004808426, 84.4415537044406, 0.19289059757284122]
[363.8321835100651, 84.6111244186759, 0.1930747194273863]
[363.16017001867294, 84.77138458937407, 0.19387569147511385]
[362.47373700141907, 84.92230433225632, 0.19389003087417223]
[361.77570098638535, 85.06242217123508, 0.19313944698660634]
[361.07040229439735, 85.19134952127934, 0.19261794596968684]
[360.3613636791706, 85.31017592176795, 0.19317639330984093]
[359.64840537309647, 85.41938564181328, 0.19381753401830792]
[358.9281936585903, 85.51971664652228, 0.19377641204482643]
[358.19650000333786, 85.61220553144813, 0.19375065563144744]
[357.44970801472664, 85.69850731268525, 0.19409647537395358]
[356.6840227842331, 85.77889706194401, 0.19472112820949405]
[355.89544796943665, 85.85353667289019, 0.19565076421713457]
[355.08031675219536, 85.92263191565871, 0.19665117660770193]
[354.235514074564, 85.98603565990925, 0.19751515914686024]
[353.35862413048744, 86.04377450607717, 0.19807380076963454]
[352.4482765495777, 86.09563102759421, 0.19841810417710803]
[351.50546729564667, 86.14115730859339, 0.19867343369696755]
[350.5348617732525, 86.17967335879803, 0.19941808335715905]
[349.54038298130035, 86.21071443799883, 0.20061469898791984]
[348.51901257038116, 86.23438573349267, 0.20169410086236894]
[347.46244126558304, 86.25056345621124, 0.20236639693030156]
[346.36386209726334, 86.25798527244478, 0.20241864411582355]
[345.2207511663437, 86.25493751070462, 0.20217406867595855]
[344.0325419306755, 86.23965608980507, 0.20187400694703683]
[342.80008018016815, 86.21007865294814, 0.20164547752210638]
[341.52546006441116, 86.16454022191465, 0.20156254723769962]
[340.2124990224838, 86.10126515105367, 0.20149658187438035]
[338.8682919740677, 86.01786675304174, 0.20117751840734854]
[337.5071913599968, 85.9126808680594, 0.19935935898683965]
[336.1418655514717, 85.78597562015057, 0.1973230926087126]
[334.77085769176483, 85.63803274929523, 0.19825141807086766]
[333.3806250691414, 85.46775852143764, 0.1998392641544342]
[331.95940285921097, 85.27413479238749, 0.20020464050321607]
[330.5040373802185, 85.05551391094923, 0.19939950434491038]
[329.0151698589325, 84.81002777814865, 0.19866577279753983]
[327.4929496049881, 84.53736810386181, 0.19893204151594546]
[325.9375034570694, 84.23800611495972, 0.19969021924771369]
[324.349862575531, 83.91287156939507, 0.20021371261100285]
[322.7323782444, 83.56308223307133, 0.20031125915375014]
[321.0894958972931, 83.19027695059776, 0.19985979722696356]
[319.4291653037071, 82.79714338481426, 0.1990536457451526]
[317.7589208483696, 82.38743698596954, 0.19955714323441498]
[316.0776032805443, 81.96300174295902, 0.20056748154456727]
[314.378309905529, 81.52434259653091, 0.20117512994329445]
[312.6553254723549, 81.07154750823975, 0.20108889174298383]
[310.90513932704926, 80.6051726937294, 0.2012227490922669]
[309.1222742795944, 80.12498696148396, 0.20227693679044023]
[307.3113249540329, 79.63320550322533, 0.20269079790159594]
[305.4719132781029, 79.13128221035004, 0.202645619159739]
[303.60453021526337, 78.62020671367645, 0.2024679987662239]
[301.71083104610443, 78.10205680131912, 0.20203693395160371]
[299.7924721837044, 77.57851588726044, 0.20192318200861337]
[297.8617343902588, 77.0541821718216, 0.20134314423194155]
[295.9308531284332, 76.53382056951523, 0.1999893007450737]
[294.0054806470871, 76.02021661400795, 0.1979892629897222]
[292.087198972702, 75.51472929120064, 0.19620909489458427]
[290.1763458251953, 75.01800215244293, 0.19520881291828118]
[288.2708860039711, 74.52976082265377, 0.19535557908238843]
[286.3688529729843, 74.04905191063881, 0.1961337266548071]
[284.46750009059906, 73.57465100288391, 0.19690637692110613]
[282.5516438484192, 73.10229806602001, 0.1969314280722756]
[280.66116911172867, 72.6396898329258, 0.193805513670668]
[278.8206661939621, 72.19363185763359, 0.1902479948475957]
[277.00614845752716, 71.75765609741211, 0.1901710678357631]
[275.21875286102295, 71.32993149757385, 0.19059826149896253]
[273.4609749317169, 70.9095817655325, 0.19092221537721343]
[271.7318301796913, 70.495315939188, 0.19123075235984288]
[270.03151190280914, 70.08685319125652, 0.1913325529458234]
[268.3594284057617, 69.68422491848469, 0.19132462750712875]
[266.7141258716583, 69.28750240802765, 0.1912716972983617]
[265.0974304676056, 68.89739912748337, 0.1908278118353337]
[263.51221865415573, 68.51400285959244, 0.19032740080729127]
[261.9557614326477, 68.13587702810764, 0.19019401585683227]
[260.4290880560875, 67.76197120547295, 0.18998248656862415]
[258.93201518058777, 67.39135092496872, 0.18979690750711598]
[257.46421682834625, 67.02362786233425, 0.18974389151662763]
[256.0264955163002, 66.65864020586014, 0.18962230692704907]
[254.6225923895836, 66.29709702730179, 0.18871338374447078]
[253.2472985982895, 65.93792974948883, 0.18817354600469116]
[251.90384620428085, 65.58126237988472, 0.18770900793606415]
[250.59139436483383, 65.22664403915405, 0.18753676270716824]
[249.30420672893524, 64.8724919706583, 0.18839001294691116]
[248.04143887758255, 64.51946315169334, 0.18933387662400492]
[246.809263586998, 64.17029382288456, 0.1893951355614263]
[245.60672014951706, 63.8252088278532, 0.1892951382760657]
[244.4323393702507, 63.48465299606323, 0.18940112859854707]
[243.28711611032486, 63.149516478180885, 0.18960947424784536]
[242.17095398902893, 62.82025720179081, 0.18979136741836555]
[241.08285301923752, 62.49700154364109, 0.1899435536179226]
[240.0224506855011, 62.18018889427185, 0.1899783179806036]
[238.99146550893784, 61.87083852291107, 0.18967969369259663]
[237.99021518230438, 61.56900833547115, 0.18951096227647213]
[237.01729449629784, 61.27475416660309, 0.18949715577582538]
[236.07363939285278, 60.988512098789215, 0.18937057957373327]
[235.15853548049927, 60.71033303439617, 0.18932285538539873]
[234.2715307176113, 60.44022201001644, 0.18935188109935552]
[233.41373071074486, 60.1784972846508, 0.18933549641019454]
[232.58524146676064, 59.92520722746849, 0.1893061289738398]
[231.78497725725174, 59.680356957018375, 0.189324663690968]
[231.01205605268478, 59.44369616359472, 0.18931370133032033]
[230.2685114145279, 59.215859808027744, 0.18906652185251005]
[229.55520164966583, 58.99694886058569, 0.18885733562638052]
[228.87036538124084, 58.786614663898945, 0.18896056693483843]
[228.21345874667168, 58.58491291850805, 0.18894611953328422]
[227.58403742313385, 58.39158530533314, 0.18902593139137025]
[226.98455238342285, 58.20733651518822, 0.1888895543452236]
[226.41660404205322, 58.03253614157438, 0.1885831881518243]
[225.87820720672607, 57.86682154983282, 0.18881263530056458]
[225.3680421113968, 57.70975800603628, 0.18939350239816122]
[224.88613490760326, 57.56140821427107, 0.18991597252897918]
[224.42962795495987, 57.42088545113802, 0.1906204278639052]
[224.00684422254562, 57.29061860591173, 0.19081256081699394]
[223.63330337405205, 57.175250984728336, 0.19032487130607478]
[223.30095268785954, 57.07264577224851, 0.19019582896726206]
[223.01914632320404, 56.98612346500158, 0.19041063508484513]
[222.77573098242283, 56.91134848445654, 0.19149424857459962]
[222.5623823404312, 56.845964185893536, 0.19194028274796437]
[222.37672393023968, 56.78886705264449, 0.19275808631209657]
[222.21277524530888, 56.7383081112057, 0.19275065459078178]
[222.06795117259026, 56.69347899965942, 0.19304883884615265]
[221.93974308669567, 56.65412196516991, 0.19376246523825102]
[221.82692083716393, 56.61932183243334, 0.19432321212661918]
[221.72797660529613, 56.58855916094035, 0.19485427060863003]
[221.6413115784526, 56.562122953124344, 0.1959360858090804]
[221.5653837248683, 56.53953713644296, 0.1971016686875373]
[221.4996656216681, 56.51781032048166, 0.19676191188045777]
[221.44170978292823, 56.50127572752535, 0.19811879569897428]
[221.39085526019335, 56.484260628931224, 0.19771497542205907]
[221.34657705761492, 56.471892815083265, 0.19830855369218625]
[221.30827661976218, 56.458781940396875, 0.19843260273773922]
[221.29290057020262, 56.4540617360326, 0.19638969143852592]
[221.31156933214515, 56.45986515516415, 0.1934336555423215]
[221.32102918694727, 56.46243133122334, 0.19549902330618352]
[221.30884573608637, 56.45893164048903, 0.19784442777745426]
[221.27599837630987, 56.44852756150067, 0.19953169446671382]
[221.22208810411394, 56.43186072725803, 0.20162322546821088]
[221.14486144855618, 56.405074746347964, 0.2019947481167037]
[221.04328783228993, 56.37235674448311, 0.20259311771951616]
[220.92088443040848, 56.331697484478354, 0.20169776410330087]
[220.7833807617426, 56.2857767008245, 0.20031273388303816]
[220.6377600952983, 56.23717131279409, 0.19972714310279116]
[220.48412427306175, 56.18545695953071, 0.20001574835623614]
[220.31710917502642, 56.129240876063704, 0.19948540721088648]
[220.13255224376917, 56.066684778779745, 0.199089007335715]
[219.92889503389597, 55.99735238030553, 0.1982629972626455]
[219.70642533153296, 55.92117905989289, 0.19825065564509714]
[219.46534021943808, 55.83808660879731, 0.1984667769720545]
[219.20604327321053, 55.74829041957855, 0.19884659434319474]
[218.9291876256466, 55.65179719775915, 0.19901008167107648]
[218.63500671088696, 55.54880862310529, 0.19897989380115177]
[218.32417602837086, 55.439256217330694, 0.19904426533321384]
[217.99721832573414, 55.32347835972905, 0.19906886082026176]
[217.65503917634487, 55.201614644378424, 0.19879315367143136]
[217.29908449947834, 55.07425609976053, 0.198552822075726]
[216.93183562159538, 54.942082308232784, 0.19843964505707845]
[216.5546678006649, 54.80556819587946, 0.1984222134196898]
[216.1657101660967, 54.664533734321594, 0.1985683646689722]
[215.76139065623283, 54.5172376036644, 0.19888870799331926]
[215.3367871940136, 54.36207860708237, 0.19910488268214976]
[214.88726429641247, 54.19702249765396, 0.19918198514642427]
[214.40811252593994, 54.020476177334785, 0.19950501385028474]
[213.8950430750847, 53.83075460791588, 0.20004256736137904]
[213.3449568748474, 53.62673595547676, 0.20055030380899552]
[212.7566393017769, 53.40803024172783, 0.20106763622607104]
[212.1307846903801, 53.17496947199106, 0.20173108851304278]
[211.47024947404861, 52.928262419998646, 0.20259228997747414]
[210.77617099881172, 52.66869908571243, 0.20379954116651788]
[210.04569059610367, 52.39520086348057, 0.20505213912110776]
[209.27322283387184, 52.105682939291, 0.20582113930140622]
[208.4539948105812, 51.79859580099583, 0.2061112361989217]
[207.5865842103958, 51.473300114274025, 0.206285269887303]
[206.67181766033173, 51.13030993938446, 0.20632693869447394]
[205.71236416697502, 50.77053441107273, 0.20608721261669416]
[204.71221017837524, 50.395515605807304, 0.20564364292658865]
[203.67613357305527, 50.00701820850372, 0.20513969234889373]
[202.60789781808853, 49.6066065877676, 0.20476117626822088]
[201.50902891159058, 49.19474585354328, 0.20439348708896432]
[200.37837451696396, 48.77106609940529, 0.20416671241400763]
[199.20860940217972, 48.33271837234497, 0.20458894610055722]
[198.00379902124405, 47.881019204854965, 0.20442697328689974]
[196.76423120498657, 47.41622884571552, 0.2041151558078127]
[195.4885654449463, 46.93776871263981, 0.20411970313398342]
[194.17745238542557, 46.44604630768299, 0.20423095775186084]
[192.83053094148636, 45.9411384165287, 0.2046373176126508]
[191.45161938667297, 45.42411032319069, 0.20488824711355846]
[190.0429431796074, 44.89596617221832, 0.20492741874841158]
[188.60530692338943, 44.35704547166824, 0.20481881185696693]
[187.13816493749619, 43.8072275519371, 0.20464325361535884]
[185.6406882405281, 43.24602782726288, 0.20436285830510315]
[184.1124770641327, 42.672917276620865, 0.20399622636614367]
[182.55400735139847, 42.087199568748474, 0.20353082459769212]
[180.96646398305893, 41.4880051612854, 0.20295137792709284]
[179.35169583559036, 40.874388217926025, 0.20237882214132696]
[177.712004840374, 40.24567010998726, 0.2018119580752682]
[176.04988479614258, 39.601779878139496, 0.20140438541420735]
[174.36654943227768, 38.94264930486679, 0.2013503950292943]
[172.65908789634705, 38.26695719361305, 0.20196297246729955]
[170.9332486987114, 37.577173352241516, 0.2018922440474853]
[169.18820363283157, 36.87442100048065, 0.20167094870703295]
[167.42265993356705, 36.15925598144531, 0.2015385356353363]
[165.6351370215416, 35.432870239019394, 0.2012902048172691]
[163.82172244787216, 34.69461977481842, 0.20166297780815512]
[161.9824739098549, 33.94500249624252, 0.20205405387969222]
[160.11766815185547, 33.1845061480999, 0.20221098126421566]
[158.22817414999008, 32.413651555776596, 0.20219739938511339]
[156.31522876024246, 31.632957935333252, 0.20216735131543828]
[154.38034772872925, 30.842625558376312, 0.20208431138780725]
[152.4243283867836, 30.043172478675842, 0.20211336544707592]
[150.44717663526535, 29.234613299369812, 0.20212410295425798]
[148.4482260942459, 28.417025178670883, 0.20214086024452627]
[146.42645967006683, 27.59037885069847, 0.20220824813804938]
[144.3809576034546, 26.754837930202484, 0.2023394408497552]
[142.31128525733948, 25.91054654121399, 0.20244191960227909]
[140.2175064086914, 25.057698637247086, 0.2024808746018607]
[138.10062432289124, 24.194329530000687, 0.20200926426332444]
[135.9621945619583, 23.31881484389305, 0.20145107473945245]
[133.8045175075531, 22.429822981357574, 0.20086605922551826]
[131.63490092754364, 21.527370274066925, 0.19967733073281124]
[129.466921210289, 20.614593982696533, 0.19728946057148278]
[127.31297361850739, 19.694053828716278, 0.19402955565601587]
[125.17477011680603, 18.76490268111229, 0.1915704602142796]
[123.04981207847595, 17.828060895204544, 0.191464718838688]
[120.93886125087738, 16.887495279312134, 0.19268616486806422]
[118.85964024066925, 15.953486919403076, 0.19254681112943217]
[116.81945860385895, 15.03051421046257, 0.19132301304489374]
[114.7928010225296, 14.105144023895264, 0.19038198032649234]
[112.8118028640747, 13.194653749465942, 0.18803096504416317]
[110.89954113960266, 12.301042377948761, 0.18707811793137807]
[109.03712159395218, 11.41111645102501, 0.18763333800598048]
[107.22232848405838, 10.521525412797928, 0.18720535151078366]
[105.45076823234558, 9.629967778921127, 0.18677123487395875]
[103.71497505903244, 8.738824248313904, 0.18731260433560237]
[102.03837198019028, 7.867572993040085, 0.1876155025238404]
[100.41517108678818, 7.006489664316177, 0.18644367263186723]
[98.82830554246902, 6.150571972131729, 0.1865792889147997]
[97.28398203849792, 5.305466145277023, 0.18725676854955964]
[95.78053724765778, 4.472884953022003, 0.18781712325289845]
[94.31471282243729, 3.6572644412517548, 0.18862090882612392]
[92.88774508237839, 2.8708484172821045, 0.189746520598419]
[91.4858568906784, 2.1172001659870148, 0.1913245224277489]
[90.10075908899307, 1.3929250836372375, 0.19236020802054554]
[88.72440612316132, 0.6960217654705048, 0.1935861762613058]
[87.36326146125793, 0.02893584966659546, 0.19367556657380192]
[86.02596318721771, -0.6043548583984375, 0.1928651510970667]
[84.71647042036057, -1.202487587928772, 0.19168931851163507]
[83.42970585823059, -1.7666291892528534, 0.19169654235884082]
[82.166843354702, -2.286924660205841, 0.19318587169982493]
[80.91145050525665, -2.7714586406946182, 0.19254670635564253]
[79.65449661016464, -3.2439695447683334, 0.19096431345678866]
[78.42032498121262, -3.7048861980438232, 0.1883312314748764]
[77.20705616474152, -4.162866964936256, 0.1864534083288163]
[76.00736451148987, -4.621498167514801, 0.1862881163997372]
[74.8528396487236, -5.066847696900368, 0.18476043036207557]
[73.74882191419601, -5.497120097279549, 0.18388668555417098]
[72.672467648983, -5.919035568833351, 0.18796981358900666]
[71.62040507793427, -6.329846546053886, 0.19180890161078423]
[70.60239779949188, -6.720504090189934, 0.19169292741571553]
[69.62513655424118, -7.081973180174828, 0.1904036900959909]
[69.14414167404175, -7.25305712223053, 0.19059650800772943]
[68.17157432436943, -7.585397660732269, 0.19338367856107652]
[67.16835349798203, -7.907666549086571, 0.19404643573216163]
[66.21277663111687, -8.196316123008728, 0.19124870549421757]
[65.2952581346035, -8.456865191459656, 0.19034591472882312]
[64.40576630830765, -8.695346355438232, 0.1902110093360534]
[63.543648809194565, -8.912261441349983, 0.19027643391746096]
[62.70743969082832, -9.107444785535336, 0.19102039872086607]
[61.894959568977356, -9.280428126454353, 0.1918590077839326]
[61.10538187623024, -9.430395245552063, 0.19251137791434303]
[60.33716970682144, -9.556254610419273, 0.19325873439083807]
[59.58631816506386, -9.657934110611677, 0.1939142883347813]
[58.85073181986809, -9.73475082591176, 0.194147371519648]
[58.12992367148399, -9.785413529723883, 0.19416068711279877]
[57.43081200122833, -9.807759387884289, 0.1942575585344457]
[56.75145563483238, -9.800851659849286, 0.1948543718608562]
[56.09113311767578, -9.763248778879642, 0.19537287696584826]
[55.44416505098343, -9.699289083480835, 0.19547126583347563]
[54.8122838139534, -9.60896322131157, 0.19583767591393553]
[54.19693985581398, -9.492608200758696, 0.19639163836836815]
[53.598721981048584, -9.35069353878498, 0.19689855743490625]
[53.01830780506134, -9.18337345123291, 0.19735801135539077]
[52.45686095952988, -8.991755664348602, 0.19744446548793348]
[51.91812837123871, -8.776762560009956, 0.19766921100381296]
[48.70495755970478, -6.50579346716404, 0.19901767713599838]
[47.01212026923895, -3.426721230149269, 0.1981712898123078]
[46.60667225252837, -0.1118910163640976, 0.20050560781965032]
[47.20777252316475, 3.687319338321686, 0.19866285880561918]
[48.761897429823875, 7.806854426860809, 0.19743326395109762]
[49.0396576076746, 8.385556906461716, 0.19773918838473037]
[49.333600923419, 8.971762537956238, 0.19814505448448472]
[49.644669115543365, 9.566048502922058, 0.19851047881820705]
[49.97398340702057, 10.169434309005737, 0.19888605608139187]
[50.32235009968281, 10.783139020204544, 0.19926066948391963]
[50.689736530184746, 11.409802943468094, 0.19937903504069254]
[51.076038762927055, 12.052587747573853, 0.19955074331664946]
[51.48159983754158, 12.713625729084015, 0.20005316825699992]
[51.90752521157265, 13.39449417591095, 0.2008473729074467]
[52.35579423606396, 14.0961474776268, 0.2019048816873692]
[52.829191118478775, 14.81949731707573, 0.2030631090165116]
[53.33074104785919, 15.56632062792778, 0.20400376099860296]
[53.861940145492554, 16.338241010904312, 0.20456782379187644]
[54.41864424943924, 17.129161715507507, 0.20408183487597853]
[54.98462754487991, 17.91814661026001, 0.20054453797638416]
[55.54611814022064, 18.692859828472137, 0.19458314776420593]
[56.10202306509018, 19.46035346388817, 0.19018412264995277]
[56.37698256969452, 19.84302294254303, 0.18905118003021926]
[56.919053465127945, 20.60840380191803, 0.18844654221902601]
[57.44874703884125, 21.376147747039795, 0.18892499184585176]
[57.96207416057587, 22.145831137895584, 0.1891731504993004]
[58.4493163973093, 22.907067447900772, 0.18784034164855257]
[58.91434407234192, 23.665628850460052, 0.18451322824694216]
[59.3358067125082, 24.397240579128265, 0.18157355824951082]
[59.72094789147377, 25.112872809171677, 0.18171463604085147]
[60.077233642339706, 25.826073795557022, 0.18212352160480805]
[60.40681655704975, 26.53963616490364, 0.18244509006035514]
[60.70837527513504, 27.251149475574493, 0.18375699425814673]
[60.97963713109493, 27.956097275018692, 0.18564455333398655]
[61.219153724610806, 28.6500241458416, 0.18698645435506478]
[61.42784562706947, 29.334901958703995, 0.1863446034840308]
[61.60653518885374, 30.015061110258102, 0.1853188936947845]
[61.7589375525713, 30.69027504324913, 0.18527869888930582]
[61.88364373520017, 31.3576357960701, 0.1851517258601234]
[61.981141585856676, 32.02132669091225, 0.185564396699192]
[62.05220264196396, 32.68940681219101, 0.1840593304950744]
[62.094601126387715, 33.368395417928696, 0.18171445012558252]
[62.103096941733384, 34.02988398075104, 0.18197776790475473]
[62.0786721650511, 34.67915004491806, 0.18359456199686974]
[62.022043727338314, 35.31804406642914, 0.18477178760804236]
[61.93480954691768, 35.94340816140175, 0.18512459507473977]
[61.81908410042524, 36.55282938480377, 0.18560026632621884]
[60.253580152988434, 40.50703574717045, 0.18855831478140317]
[59.97841504216194, 40.953082874417305, 0.18847881204965233]
[57.54044760763645, 43.84634244441986, 0.19192898889014032]
[57.10010290145874, 44.238292530179024, 0.19242900707467925]
[53.132596254348755, 46.82882899045944, 0.19167476624716073]
[52.50766369700432, 47.123554676771164, 0.18999742553569376]
[51.86517107486725, 47.39651249349117, 0.18864419753663242]
[51.20839321613312, 47.64648400992155, 0.18827757134204148]
[46.026354253292084, 48.858650386333466, 0.1886998513364233]
[45.31673303246498, 48.92206855118275, 0.18910260719712824]
[44.60335856676102, 48.96654745936394, 0.1899493555247318]
[43.88425412774086, 48.99122376181185, 0.18979842693079263]
[43.15856471657753, 48.99503041343996, 0.18943911961105186]
[42.42613670229912, 48.976732006296515, 0.18970555491978303]
[41.687365621328354, 48.9361166395247, 0.19014062130008824]
[40.944016337394714, 48.87203858420253, 0.19017975067617954]
[40.19772312045097, 48.78246199712157, 0.18979687229148112]
[39.45150309801102, 48.66975098848343, 0.18982897044043057]
[38.70554256439209, 48.53526955842972, 0.18989898855670617]
[37.958727449178696, 48.3779518827796, 0.18984174623255967]
[37.2121944129467, 48.19690312445164, 0.18976889786790707]
[36.46716043353081, 47.99265855550766, 0.18982526564286673]
[35.72360247373581, 47.765102595090866, 0.18995331408586935]
[34.982724130153656, 47.51288928091526, 0.18969425164686982]
[34.24451395869255, 47.23733873665333, 0.18992116245499346]
[33.5095816552639, 46.93890266120434, 0.19003865728518576]
[32.77779150009155, 46.6176285892725, 0.19021512072504265]
[32.04901513457298, 46.2732959240675, 0.19039003560465062]
[31.323442220687866, 45.905649065971375, 0.19050293762848014]
[30.601050943136215, 45.5147984623909, 0.19060920043921215]
[29.88262376189232, 45.099564269185066, 0.19049602867016802]
[29.168015778064728, 44.66135782003403, 0.19072851552482462]
[28.457521557807922, 44.20015163719654, 0.1909327056564507]
[27.75144186615944, 43.715861573815346, 0.1909349230081716]
[27.05035763978958, 43.2085303068161, 0.19087573781916944]
[26.354699432849884, 42.678277134895325, 0.19083664238314668]
[25.66515251994133, 42.125035256147385, 0.19083104528181138]
[24.98219108581543, 41.54908987879753, 0.19086463993880898]
[24.306112945079803, 40.95088943839073, 0.1909529283439042]
[23.637434989213943, 40.33052286505699, 0.1910468422138365]
[22.97651442885399, 39.68807199597359, 0.19114110876398627]
[22.323421150445938, 39.02343422174454, 0.19135084457229823]
[21.677742034196854, 38.33638283610344, 0.19172964482277166]
[21.039247512817383, 37.626049637794495, 0.192113900280674]
[20.40738832950592, 36.891320168972015, 0.19249209039844573]
[19.781312733888626, 36.13100105524063, 0.1928713367669843]
[19.160386562347412, 35.34338715672493, 0.19329920786549337]
[18.543940514326096, 34.52678886055946, 0.19381110693211667]
[17.93151304125786, 33.67962718009949, 0.19432790210703388]
[17.322918951511383, 32.800477385520935, 0.19479069209774025]
[16.718420535326004, 31.8885178565979, 0.1952380860748235]
[16.118804275989532, 30.943412214517593, 0.19566020378260873]
[15.524446487426758, 29.965017080307007, 0.19604068672924768]
[14.935574144124985, 28.952929437160492, 0.19640127691673115]
[14.352136671543121, 27.906696140766144, 0.19674833428871352]
[13.774212300777435, 26.826094329357147, 0.19707646283495706]
[13.201697319746017, 25.71055978536606, 0.19735278472944628]
[12.634479612112045, 24.55950802564621, 0.19762756269483361]
[12.073225885629654, 23.37400847673416, 0.19770318258088082]
[11.523894548416138, 22.166049122810364, 0.19621102942619473]
[10.982907086610794, 20.932532966136932, 0.1957292695151409]
[10.448946088552475, 19.673069775104523, 0.19609476791811176]
[9.920052766799927, 18.386611700057983, 0.19691486016381532]
[9.390069544315338, 17.06179141998291, 0.19881836336571723]
[8.85776686668396, 15.69522488117218, 0.2000580496096518]
[8.324458479881287, 14.29097318649292, 0.20054994164092932]
[7.791688859462738, 12.853243291378021, 0.2009384192933794]
[7.261144816875458, 11.387363851070404, 0.20106622569437604]
[6.742620199918747, 9.918098151683807, 0.1982675694162026]
[6.240983709692955, 8.461855292320251, 0.19324202765710652]
[5.753000438213348, 7.012925505638123, 0.18989587493706495]
[5.278481543064117, 5.569756925106049, 0.18912554868438747]
[4.82353737950325, 4.150231957435608, 0.1887031034566462]
[4.395028054714203, 2.7741591930389404, 0.18633117736317217]
[3.9804536402225494, 1.4102438688278198, 0.1825951230712235]
[3.600855991244316, 0.10918819904327393, 0.18073941866168752]
[3.2503210306167603, -1.1542678475379944, 0.18381977954413742]
[2.921212002635002, -2.399029850959778, 0.18657687958329916]
[2.611064225435257, -3.6194262504577637, 0.18695325696171494]
[2.3157109767198563, -4.812753260135651, 0.18738779536215588]
[2.0297616571187973, -5.979856967926025, 0.18862869252916425]
[1.7474583089351654, -7.120958685874939, 0.19037667277734727]
[1.4647715985774994, -8.232311606407166, 0.19181428255978972]
[1.1796008348464966, -9.30795168876648, 0.1921944335117587]
[0.8907290548086166, -10.347680866718292, 0.19176483753835782]
[0.595198467373848, -11.363782942295074, 0.19184535389649682]
[0.29233206808567047, -12.364606440067291, 0.19190948484902037]
[-0.00974184274673462, -13.342069774866104, 0.1908416769001633]
[-0.30291567742824554, -14.290712028741837, 0.18919645837740973]
[-0.5804379731416702, -15.201147019863129, 0.18709022307302803]
[-0.8375120609998703, -16.067799597978592, 0.18472144252154976]
[-1.0765438824892044, -16.904794454574585, 0.18418809296417749]
[-1.299470342695713, -17.724510550498962, 0.1843124154547695]
[-1.5005280897021294, -18.519781321287155, 0.18416010020882823]
[-1.6815781965851784, -19.301547437906265, 0.1854099202901125]
[-1.8421519845724106, -20.077941089868546, 0.18625413021072745]
[-1.982329972088337, -20.851890236139297, 0.18662171307369135]
[-2.1001049987971783, -21.622407138347626, 0.18667326865761424]
[-2.193555884063244, -22.387873858213425, 0.18662139537991607]
[-2.2614898532629013, -23.146428674459457, 0.18655279569793493]
[-2.303697168827057, -23.89685320854187, 0.18647547925502295]
[-2.31860073027201, -24.63767671585083, 0.18593191512627527]
[-2.308021292090416, -25.36751863360405, 0.1859729296847945]
[-2.2733432669192553, -26.08485472202301, 0.1859868055289553]
[-2.2138003557920456, -26.788926154375076, 0.18563705739506986]
[-2.129721336066723, -27.47926765680313, 0.185535832613823]
[-2.0213605351746082, -28.15516045689583, 0.18560702141439833]
[-1.8887465968728065, -28.816481679677963, 0.1857172554373392]
[-1.7332466542720795, -29.462682634592056, 0.18603504473139765]
[-1.5540903583168983, -30.093795746564865, 0.18605269091585797]
[-1.3526057749986649, -30.709570676088333, 0.18634234594355803]
[-1.1286149621009827, -31.310107618570328, 0.18658663774112938]
[-0.8831465095281601, -31.895024240016937, 0.18689540520426817]
[-0.6162566691637039, -32.46398228406906, 0.18684515111635847]
[-0.32869699597358704, -33.0165893137455, 0.18707920316956006]
[-0.01819869875907898, -33.55763939023018, 0.18765808851458132]
[0.31450481712818146, -34.085776925086975, 0.18829925468889996]
[0.668236255645752, -34.59979674220085, 0.1887542385084089]
[1.0412514060735703, -35.098233103752136, 0.18906795299699297]
[1.432055339217186, -35.579997047781944, 0.1892049064481398]
[1.8386512398719788, -36.04418055713177, 0.18927467759021965]
[5.239661484956741, -38.93335139751434, 0.19165327263181098]
[5.756294220685959, -39.2646059691906, 0.19186215945956064]
[6.293881684541702, -39.58675293624401, 0.19253856744035147]
[6.853090703487396, -39.90039563179016, 0.19294980481208768]
[7.434465199708939, -40.20517599582672, 0.19294627618728555]
[8.03835529088974, -40.49928504228592, 0.192607952572871]
[8.664011746644974, -40.78179804980755, 0.19253241919432185]
[9.310940384864807, -41.0515802949667, 0.19258612140401965]
[9.977275222539902, -41.306884825229645, 0.19247233399073593]
[10.660272270441055, -41.54478835314512, 0.19232578504670528]
[11.356280535459518, -41.76712957024574, 0.19270517806580756]
[12.065069794654846, -41.973710775375366, 0.19267604460765142]
[12.78709864616394, -42.16475980728865, 0.19252158578456147]
[13.523097187280655, -42.340197280049324, 0.19227454274368938]
[14.272977650165558, -42.49938555061817, 0.19197039610298816]
[15.038772404193878, -42.64252673089504, 0.19203723744431045]
[15.822947323322296, -42.76907494664192, 0.19247109966818243]
[16.625254154205322, -42.880001693964005, 0.19300348854449112]
[17.445297867059708, -42.97478919103742, 0.19316188594530104]
[18.283617168664932, -43.053471963852644, 0.19340329537953949]
[19.140532582998276, -43.11547882668674, 0.1934563135737335]
[20.01593628525734, -43.16049338132143, 0.19349765191395818]
[20.909163922071457, -43.18843305669725, 0.19356278633495094]
[21.818974941968918, -43.199317316524684, 0.19380341576470528]
[22.744317203760147, -43.193494024220854, 0.19434068279224448]
[23.685836523771286, -43.17107065953314, 0.19500200363108888]
[24.646240085363388, -43.13261980749667, 0.1957813649205491]
[25.629132390022278, -43.07856128551066, 0.19650721046491526]
[26.638125777244568, -43.00883086398244, 0.19712043163599446]
[27.67476111650467, -42.92316832020879, 0.19754011456097942]
[28.727870523929596, -42.82269149646163, 0.19673713785596192]
[29.80390101671219, -42.70917393639684, 0.19699610173120163]
[30.90571141242981, -42.58399611711502, 0.1979453548847232]
[32.03282928466797, -42.44975443184376, 0.19865350186591968]
[32.60566395521164, -42.37999697774649, 0.19890918402234092]
[33.775803208351135, -42.23599747568369, 0.200237411307171]
[34.98547565937042, -42.08674781769514, 0.2020909579587169]
[36.23055577278137, -41.934326000511646, 0.20328620786312968]
[37.50813144445419, -41.78058560192585, 0.20430064061656594]
[38.81873196363449, -41.626337952911854, 0.2050602672388777]
[40.164756059646606, -41.47189725190401, 0.20556733207195066]
[41.54868280887604, -41.31721629202366, 0.20581639537704177]
[42.97196239233017, -41.162366189062595, 0.20587762136051424]
[44.434751093387604, -41.007116355001926, 0.2058121069567278]
[45.93604505062103, -40.85135900974274, 0.2055296826583799]
[47.47362548112869, -40.69483809173107, 0.2050946445815498]
[49.044402062892914, -40.536775059998035, 0.2045458301436156]
[50.645334005355835, -40.376021429896355, 0.20400711969705299]
[52.27439874410629, -40.21050454676151, 0.20342092579812743]
[53.93086963891983, -40.03778504580259, 0.20274003318627365]
[55.61496949195862, -39.855164259672165, 0.2019953028357122]
[57.32706260681152, -39.66021457314491, 0.20127029257128015]
[59.06697177886963, -39.45089291036129, 0.20065675597288646]
[60.83393579721451, -39.226065807044506, 0.2003265883831773]
[62.6278812289238, -38.9854249432683, 0.20038038745406084]
[64.45210081338882, -38.728930220007896, 0.2010333445505239]
[66.29947304725647, -38.45837730169296, 0.20097460271063028]
[68.16850227117538, -38.176256850361824, 0.2009670775023551]
[70.05812549591064, -37.88436806201935, 0.20096875852323137]
[71.96803832054138, -37.585255801677704, 0.2009054961235961]
[73.90216398239136, -37.279843881726265, 0.20145344341290183]
[75.86118352413177, -36.969049498438835, 0.20197731669759378]
[77.84602612257004, -36.653588622808456, 0.20221379494614666]
[79.85733318328857, -36.33378708362579, 0.2022841962007078]
[81.89543378353119, -36.009425818920135, 0.2022582342124224]
[83.9600396156311, -35.68001352250576, 0.20217010889246012]
[86.05049216747284, -35.34531483054161, 0.20209488026375766]
[88.16572380065918, -35.005091682076454, 0.20198724786314415]
[90.30461406707764, -34.65943123400211, 0.20191226016959263]
[92.46634125709534, -34.30862011015415, 0.2019257285301137]
[94.65055763721466, -33.95260974764824, 0.20194600083095793]
[96.85737574100494, -33.59135164320469, 0.2019755221426749]
[99.08710527420044, -33.22502060234547, 0.201997489308269]
[101.34002101421356, -32.85316973924637, 0.201914048717299]
[103.6162816286087, -32.475326865911484, 0.20179573426867137]
[105.91586577892303, -32.089667201042175, 0.20145925166434608]
[108.23812651634216, -31.694058641791344, 0.2009172506222967]
[110.58204472064972, -31.28611521422863, 0.20027887797914445]
[112.94612157344818, -30.86366719007492, 0.19961808307562023]
[115.32896733283997, -30.42533728480339, 0.19920879720302764]
[117.7293404340744, -29.97060889005661, 0.19909661036399484]
[120.14649903774261, -29.500118911266327, 0.19928555469959974]
[122.58035838603973, -29.01560464501381, 0.19974926597205922]
[125.03130853176117, -28.519065037369728, 0.20029202512523625]
[127.50007605552673, -28.012566596269608, 0.20086527125386056]
[129.98718905448914, -27.49765431880951, 0.20125933560484555]
[132.49336886405945, -26.9750517308712, 0.2015073440488777]
[135.0175882577896, -26.44549748301506, 0.20161622410705604]
[137.55480921268463, -25.90967348217964, 0.20111349422950298]
[140.10518872737885, -25.36747172474861, 0.200671032172977]
[142.66915321350098, -24.817276298999786, 0.2003926185425371]
[145.25003063678741, -24.256860107183456, 0.2002923815161921]
[147.8493950366974, -23.683408796787262, 0.20031795448267076]
[150.466059923172, -23.095026284456253, 0.20012089470401406]
[153.0988748073578, -22.490073442459106, 0.19979366773623042]
[155.7445228099823, -21.868223667144775, 0.19938162644393742]
[158.401224732399, -21.22978064417839, 0.19911765751021449]
[161.0691487789154, -20.575627207756042, 0.19930573398596607]
[163.74938797950745, -19.90735286474228, 0.19977956751245074]
[166.4433102607727, -19.226770341396332, 0.20034031756222248]
[169.1523003578186, -18.53561779856682, 0.2007517480815295]
[171.87741804122925, -17.835286647081375, 0.20102200267865555]
[174.61949121952057, -17.127394169569016, 0.20137377211358398]
[177.3788422346115, -16.412596374750137, 0.20147643873679044]
[180.15537917613983, -15.691201865673065, 0.20150677064884803]
[182.94863188266754, -14.963601410388947, 0.20154045276285615]
[185.75799214839935, -14.230249911546707, 0.2016166053363122]
[188.58301508426666, -13.491752684116364, 0.20170937908369524]
[191.4205412864685, -12.74910256266594, 0.20144170071580447]
[194.26523089408875, -12.003973692655563, 0.20060036948416382]
[197.1112951040268, -11.258179187774658, 0.19923868984915316]
[199.95328438282013, -10.513382226228714, 0.19757584406761453]
[202.78696739673615, -9.770763486623764, 0.19607114198151976]
[205.61263871192932, -9.030384868383408, 0.19539949756290298]
[208.43139040470123, -8.291947454214096, 0.19558649625105318]
[211.24429404735565, -7.555225491523743, 0.19611694413470104]
[214.05219185352325, -6.819979131221771, 0.19658018853806425]
[216.84318161010742, -6.087903529405594, 0.19579336658352986]
[219.60051131248474, -5.3617963790893555, 0.19346428813878447]
[222.33550679683685, -4.638663560152054, 0.1922266684123315]
[225.03985047340393, -3.9155825674533844, 0.1898671129019931]
[227.69950807094574, -3.198552519083023, 0.18977631186135113]
[230.33044624328613, -2.4842556715011597, 0.19169603928457946]
[232.93563973903656, -1.772449404001236, 0.19287561491364613]
[235.51454544067383, -1.062221646308899, 0.19292554594721878]
[238.06467163562775, -0.3536674380302429, 0.19251510496542323]
[240.58313727378845, 0.35238268971443176, 0.19206302930251695]
[243.07129514217377, 1.0554653704166412, 0.19220731061068363]
[245.53002274036407, 1.7533706724643707, 0.1928544255788438]
[247.96009159088135, 2.443477541208267, 0.19321292702807114]
[249.16456139087677, 2.7848169803619385, 0.19327461146895075]
[251.5526807308197, 3.45917746424675, 0.19313510420033708]
[253.91226756572723, 4.122463196516037, 0.19258302290108986]
[256.24279606342316, 4.775916785001755, 0.19088682031724602]
[258.5422092676163, 5.424395591020584, 0.18924365600105375]
[260.80812752246857, 6.0668070912361145, 0.18941815831931308]
[263.0446653366089, 6.703155338764191, 0.1906985673122108]
[265.2567752599716, 7.332735866308212, 0.19224876537919044]
[267.43936562538147, 7.953400075435638, 0.19252318063172424]
[269.5921186208725, 8.56588625907898, 0.19229207489115652]
[271.7158809900284, 9.172628492116928, 0.19188583857612684]
[273.8083931207657, 9.776386588811874, 0.19122743324260227]
[275.8677409887314, 10.37847688794136, 0.190696234931238]
[277.8957769870758, 10.980326473712921, 0.19065384240457206]
[279.89343988895416, 11.582767009735107, 0.19077790964001906]
[281.8599552512169, 12.185777395963669, 0.19067988753522513]
[283.79406863451004, 12.789485335350037, 0.19031120144063607]
[285.69378942251205, 13.395925134420395, 0.1893807035521604]
[287.56008982658386, 14.006469666957855, 0.1889304750275187]
[289.40380358695984, 14.616262704133987, 0.19095583132002503]
[291.2194401025772, 15.221037775278091, 0.19174727302743122]
[293.0137041211128, 15.81974658370018, 0.19238185265567154]
[294.7883584499359, 16.411099433898926, 0.19293301430298015]
[296.5313282608986, 16.990963578224182, 0.19215509117930196]
[298.24491679668427, 17.561089396476746, 0.19135209021624178]
[299.928926885128, 18.123295485973358, 0.19069843797478825]
[301.58371859788895, 18.681008100509644, 0.190140578255523]
[303.20995432138443, 19.2332626581192, 0.19019853017516652]
[304.8065458536148, 19.781506687402725, 0.18988430734316353]
[306.3749433159828, 20.32870638370514, 0.18925979651976377]
[307.91464281082153, 20.877504765987396, 0.1884923029865604]
[309.42153865098953, 21.426437377929688, 0.18798865340068005]
[310.8951381444931, 21.97533142566681, 0.18784572431923152]
[312.33803367614746, 22.524446576833725, 0.18815000790345948]
[313.7501233816147, 23.072493225336075, 0.1884692417224869]
[315.1300712823868, 23.617208927869797, 0.18879029277013615]
[316.4776437282562, 24.15762808918953, 0.1887699756771326]
[317.7934243083, 24.694559305906296, 0.18867005829270056]
[319.08158361911774, 25.226538568735123, 0.18936043238500133]
[320.3444374203682, 25.75248059630394, 0.1899090351216728]
[321.579732298851, 26.271119385957718, 0.18985272309873835]
[322.7877045273781, 26.78226986527443, 0.18966025797271868]
[323.96633607149124, 27.28487926721573, 0.18944218242540956]
[325.11586886644363, 27.779004737734795, 0.1893799481958922]
[326.2384148836136, 28.26532818377018, 0.18943997693713754]
[327.3326603770256, 28.743753910064697, 0.18932257850974565]
[328.397347509861, 29.215469136834145, 0.18893463295535184]
