[5.001406562427292, 6.215213606134057, 0.4214295673009474]
[5.001057048182702, 6.211607983335853, 0.4214525544666685]
[5.000982045216006, 6.20853262161836, 0.42197556456085294]
[5.0011660170857795, 6.206345738959499, 0.42220768114202656]
[5.00098122129566, 6.198789332062006, 0.42353698279475793]
[5.001399377390044, 6.177664398215711, 0.4277758745010942]
[5.001613031432498, 6.123759187757969, 0.4346122913993895]
[5.0016110741999, 6.016667231917381, 0.43594075413420796]
[5.006646837340668, 5.857973039150238, 0.4354697925155051]
[5.010303153889254, 5.661849945783615, 0.4350917396659497]
[5.015698825241998, 5.444459892809391, 0.434974037023494]
[5.021276644431055, 5.215910628437996, 0.4344922785385279]
[5.027162621729076, 4.981386110186577, 0.4344816713128239]
[5.032500037224963, 4.743274241685867, 0.4344620160991326]
[5.0370721507351846, 4.502478510141373, 0.4346274116214772]
[5.040860251174308, 4.258692339062691, 0.43461989067145623]
[5.043676746077836, 4.010252997279167, 0.43461679204483517]
[5.045078675029799, 3.7539964467287064, 0.43463996964419493]
[5.044724686973495, 3.485014781355858, 0.4347570600002655]
[5.0425232979469, 3.1961831599473953, 0.43457861882052384]
[5.037110692588612, 2.879897877573967, 0.43428284462424926]
[5.027931094169617, 2.531519338488579, 0.43367116576700937]
[5.013617700897157, 2.152449533343315, 0.432978053795523]
[4.993888731114566, 1.7491088658571243, 0.43242150999139994]
[4.967480445280671, 1.3292691558599472, 0.43195717938942835]
[4.934503208845854, 0.8992134779691696, 0.43179714999132557]
[4.893926350399852, 0.46306104958057404, 0.43161126389168203]
[4.8453199956566095, 0.02294030785560608, 0.43148704442319286]
[4.788355015218258, -0.4202796071767807, 0.4313965085457312]
[4.7224574610590935, -0.8667331039905548, 0.4314361615361122]
[4.647047899663448, -1.3182915598154068, 0.43140392501300084]
[4.56101705878973, -1.7797320932149887, 0.4313899469016178]
[4.4610411040484905, -2.2607360035181046, 0.4314013692928711]
[4.341939006000757, -2.777378797531128, 0.43167250489932485]
[4.197051361203194, -3.3472860455513, 0.43188860155942166]
[4.021517775952816, -3.979000747203827, 0.43167254323270754]
[3.814549319446087, -4.6669692397117615, 0.43181867518433137]
[3.5793881937861443, -5.397792935371399, 0.43171731581242057]
[3.3190889060497284, -6.158994227647781, 0.4317393291294138]
[3.0361588299274445, -6.943992525339127, 0.43176777266853605]
[2.7319812774658203, -7.750950664281845, 0.43178766269920743]
[2.4092923551797867, -8.577956050634384, 0.4318949340668041]
[2.07372285425663, -9.419086813926697, 0.4318549294475815]
[1.7319477945566177, -10.267437219619751, 0.4316392139153322]
[1.39004847407341, -11.118124186992645, 0.43121713906293735]
[1.0541234016418457, -11.966535806655884, 0.4309990396104695]
[0.7299230843782425, -12.805913627147675, 0.43096450791927055]
[0.42224618792533875, -13.626559317111969, 0.4305956097668968]
[0.1520528346300125, -14.371611595153809, 0.42629133025184274]
[-0.08866370469331741, -15.057511031627655, 0.43384633120149374]
[-0.32126642763614655, -15.73219507932663, 0.43570043344516307]
[-0.5366900563240051, -16.405383557081223, 0.42612547683529556]
[-0.7216635942459106, -17.0829955637455, 0.4339600035455078]
[-0.8921849280595779, -17.764016926288605, 0.43037049914710224]
[-1.0534877479076385, -18.455507546663284, 0.43212786584626883]
[-1.2086053490638733, -19.1645827293396, 0.4310255114978645]
[-1.3532304912805557, -19.89460489153862, 0.43161630293616327]
[-1.4787386804819107, -20.641341000795364, 0.43143235017487314]
[-1.5809065364301205, -21.397731959819794, 0.43149947555502877]
[-1.6613144725561142, -22.158171892166138, 0.43080008277320303]
[-1.7220320142805576, -22.918323308229446, 0.4306420411230647]
[-1.763167468830943, -23.67295727133751, 0.43071793497074395]
[-1.7796953255310655, -24.41463577747345, 0.4306136158047593]
[-1.7677736952900887, -25.13376334309578, 0.43068316988501465]
[-1.7318600751459599, -25.81564888358116, 0.43039920915907715]
[-1.6785119753330946, -26.446484178304672, 0.4302764329495403]
[-1.6120754182338715, -27.05004584789276, 0.43052591930609196]
[-1.5326294042170048, -27.633178740739822, 0.4305675618816167]
[-1.4377217143774033, -28.20014974474907, 0.43043678938556695]
[-1.3217482082545757, -28.75228586792946, 0.43061535088600067]
[-1.183819867670536, -29.29131454229355, 0.4310027419414837]
[-1.0272268205881119, -29.820763021707535, 0.4307286489929538]
[-0.8545958250761032, -30.345465391874313, 0.4311827191777411]
[0.9251393675804138, -33.87328001856804, 0.43101578729692847]
[1.2604335248470306, -34.324060901999474, 0.43073632872255985]
[1.607222631573677, -34.75948739051819, 0.43116359410669247]
[1.9600293338298798, -35.18488955497742, 0.4307686373940669]
[2.3178273737430573, -35.60422942042351, 0.4308461889704631]
[5.633706599473953, -38.44479948282242, 0.4317994299562997]
[6.290778696537018, -38.85016071796417, 0.43141379122971557]
[6.9653869569301605, -39.24652910232544, 0.4309778301976621]
[7.6525382697582245, -39.634263679385185, 0.43099911099125165]
[8.351338654756546, -40.01023408770561, 0.4310536621196661]
[9.0631822347641, -40.36765891313553, 0.43106502545197145]
[9.790157675743103, -40.70071096718311, 0.4313687745598145]
[10.53574389219284, -41.0110187381506, 0.4313319233551738]
[11.310065150260925, -41.304858803749084, 0.43152069506140833]
[12.12891560792923, -41.58514751493931, 0.4316364042388159]
[13.004340946674347, -41.84685018658638, 0.4318458844354609]
[13.935746610164642, -42.08485835045576, 0.43192049321896775]
[14.913162916898727, -42.298048458993435, 0.43164762774540577]
[15.924238562583923, -42.48684433102608, 0.431545748233475]
[16.958711326122284, -42.6495226547122, 0.4315320059910164]
[18.00965690612793, -42.78253920376301, 0.4315369422711228]
[19.073398530483246, -42.88340625911951, 0.4316277487014304]
[20.149897277355194, -42.953103160485625, 0.4317201299527369]
[21.243524491786957, -42.99462516605854, 0.43180238219792955]
[22.363614320755005, -43.010106509085745, 0.4319732401272631]
[23.522562384605408, -42.999627735465765, 0.4321631040365901]
[24.729648232460022, -42.9622778147459, 0.4323126462622895]
[25.985062181949615, -42.89803435280919, 0.4322681864214246]
[27.280467808246613, -42.809032287448645, 0.4321375336294295]
[28.604458272457123, -42.69824695587158, 0.4320997752038238]
[29.94772845506668, -42.569154649972916, 0.4321351488288201]
[31.304969370365143, -42.425834104418755, 0.43220619130443083]
[32.67411708831787, -42.272482484579086, 0.43225745669042226]
[34.05461806058884, -42.11297816038132, 0.43233435845468193]
[35.447265565395355, -41.95049595832825, 0.43237279516324634]
[36.854100584983826, -41.7870816513896, 0.4324260001529865]
[38.2793305516243, -41.62382639199495, 0.4325442667795869]
[39.73185205459595, -41.46070170402527, 0.432651194241771]
[41.22522431612015, -41.296667985618114, 0.43276320237782784]
[42.77155792713165, -41.130575977265835, 0.43287461590625753]
[44.37365448474884, -40.962056919932365, 0.4328549556798862]
[46.02355819940567, -40.79207592457533, 0.4327404761716025]
[47.70840549468994, -40.62170520424843, 0.43261203819929506]
[49.41713047027588, -40.451292499899864, 0.4325223971318337]
[51.14287942647934, -40.27989546209574, 0.43251224891537277]
[52.88258218765259, -40.10549195855856, 0.4325287444589776]
[54.636068403720856, -39.9247857183218, 0.4325884828758717]
[56.405855655670166, -39.73364549130201, 0.43262530536867416]
[58.19715577363968, -39.52800039201975, 0.4327398478635587]
[60.01788228750229, -39.304360665380955, 0.4328266889206134]
[61.8754118680954, -39.060534216463566, 0.43297313541552285]
[63.77146965265274, -38.796500980854034, 0.432939248636103]
[65.70144921541214, -38.5141903758049, 0.43281542738259304]
[67.65727943181992, -38.21708616614342, 0.4327547714783577]
[69.63208931684494, -37.9092021137476, 0.43270187635789625]
[71.62184649705887, -37.59417709708214, 0.43276679908376536]
[73.62521409988403, -37.27463699877262, 0.4328147903397621]
[75.64328670501709, -36.95228898525238, 0.4329588893742766]
[77.67960703372955, -36.62770162522793, 0.4329944227647502]
[79.740021109581, -36.30044758319855, 0.43313266224140534]
[81.83127665519714, -35.96910034120083, 0.4332151356211398]
[83.95819759368896, -35.63173745572567, 0.43328613917401526]
[86.12112045288086, -35.28687663376331, 0.4332830714465672]
[88.31612598896027, -34.93416850268841, 0.43317707135065575]
[90.53710865974426, -34.574459567666054, 0.4331212579490966]
[92.77839863300323, -34.20914649963379, 0.4330844085707213]
[95.03620791435242, -33.83970332145691, 0.4330861181952059]
[97.30874478816986, -33.467013105750084, 0.4331200982196606]
[99.59599685668945, -33.091220036149025, 0.4331700427537726]
[101.89975070953369, -32.71199804544449, 0.43326605077891145]
[104.22361433506012, -32.3284692466259, 0.43331357921306335]
[106.57182991504669, -31.93841454386711, 0.4334036526015552]
[108.94735848903656, -31.53779448568821, 0.43345649213006254]
[111.35052001476288, -31.12206742167473, 0.4333940908582008]
[113.77890658378601, -30.68799601495266, 0.4333873802893322]
[116.22822165489197, -30.23338906466961, 0.4333233919551276]
[118.69406735897064, -29.758677378296852, 0.43332946464579436]
[121.17301619052887, -29.266221672296524, 0.43333886405525845]
[123.66327393054962, -28.75982376933098, 0.4334215830822359]
[126.16479730606079, -28.243755906820297, 0.43343381164231687]
[128.67886412143707, -27.721470683813095, 0.4335095688329602]
[131.20722365379333, -27.19470652937889, 0.43353903518891457]
[133.75122225284576, -26.66333895921707, 0.4336133992910618]
[136.31112205982208, -26.12607565522194, 0.4336456112723681]
[138.8868247270584, -25.581591993570328, 0.43363833500188775]
[141.47866261005402, -25.029348015785217, 0.4336664112561266]
[144.08786749839783, -24.46913978457451, 0.43362555119347235]
[146.71558129787445, -23.89923620223999, 0.4336428149099447]
[149.3617650270462, -23.315666139125824, 0.43362147057109723]
[152.02507555484772, -22.713929772377014, 0.433624231185604]
[154.70270991325378, -22.091247230768204, 0.4334415211342275]
[157.39184820652008, -21.44749364256859, 0.433748347684741]
[160.09050023555756, -20.784964114427567, 0.4334424961161858]
[162.79732632637024, -20.107029736042023, 0.4336539688811172]
[165.51194393634796, -19.417082488536835, 0.43351124116088613]
[168.235200881958, -18.71871256828308, 0.43364168860716745]
[170.96869802474976, -18.014544427394867, 0.4336829271546776]
[173.71462178230286, -17.30564171075821, 0.4337560858184588]
[176.47533774375916, -16.59143802523613, 0.4337891939430847]
[179.2532309293747, -15.870600372552872, 0.43389256114460295]
[182.05053067207336, -15.142355859279633, 0.4338262368692085]
[184.86853647232056, -14.406938672065735, 0.4339033222895523]
[187.7072056531906, -13.665307074785233, 0.433847451065958]
[190.5650280714035, -12.918217957019806, 0.4339062572498733]
[193.43959045410156, -12.166230827569962, 0.43391695026366506]
[196.32857871055603, -11.409937739372253, 0.43385537707581534]
[199.23033380508423, -10.649874895811081, 0.43385380262225226]
[202.14398312568665, -9.886517941951752, 0.4338294891422265]
[205.0695482492447, -9.120157212018967, 0.4338923032883031]
[208.00789558887482, -8.350801318883896, 0.43394313234239235]
[210.9604160785675, -7.578139215707779, 0.4339823813352268]
[213.92881619930267, -6.801682770252228, 0.434039904124802]
[216.9149887561798, -6.020677268505096, 0.4340550140441337]
[219.91989028453827, -5.233090549707413, 0.4340302333221189]
[222.94245660305023, -4.435560315847397, 0.4340189504582668]
[225.97914159297943, -3.6251359283924103, 0.43395790964132175]
[229.0244255065918, -2.801447033882141, 0.4340499666868709]
[232.07221460342407, -1.96585151553154, 0.4337173665262526]
[235.11711537837982, -1.1202791035175323, 0.43376172469288576]
[238.15606307983398, -0.2688312530517578, 0.43358157860348]
[241.18524634838104, 0.5844805538654327, 0.43372249451931566]
[244.1997790336609, 1.4374356865882874, 0.43341300496831536]
[247.19269609451294, 2.2865484952926636, 0.43354006276786095]
[250.10122501850128, 3.1096262633800507, 0.4263880611397326]
[252.8906615972519, 3.8924339413642883, 0.43413494573906064]
[255.65709686279297, 4.658614784479141, 0.4329505105270073]
[258.4016526937485, 5.427566438913345, 0.43469755933620036]
[261.11988377571106, 6.210901498794556, 0.432705450191861]
[263.80934941768646, 7.010018676519394, 0.4329081982432399]
[266.47136783599854, 7.81259348988533, 0.43248717673122883]
[269.1091946363449, 8.601237773895264, 0.4330291119113099]
[271.7076647281647, 9.359910368919373, 0.4325371614249889]
[274.253338932991, 10.088078111410141, 0.43290873686783016]
[276.76932871341705, 10.809576869010925, 0.4330551747625577]
[279.255158662796, 11.529825270175934, 0.4331464786082506]
[281.70739805698395, 12.254013359546661, 0.43256087379995733]
[284.10920786857605, 12.983420342206955, 0.43266355770174414]
[286.4709173440933, 13.724610447883606, 0.4321727983187884]
[288.7950724363327, 14.475433647632599, 0.4328010164317675]
[291.08409905433655, 15.231026619672775, 0.43230531021254137]
[293.333278298378, 15.983357012271881, 0.4323379309644224]
[295.54050385951996, 16.722928047180176, 0.43279317044653]
[297.7151771783829, 17.444292157888412, 0.4323996376770083]
[299.8551412820816, 18.144743382930756, 0.43254607680501067]
[301.96146965026855, 18.82833158969879, 0.4325693913815485]
[304.03278040885925, 19.49869480729103, 0.4323313155109645]
[306.067325592041, 20.15890681743622, 0.43226230585423764]
[308.0634328722954, 20.809747636318207, 0.43223225901965634]
[310.0208957195282, 21.45076709985733, 0.43215426498500165]
[311.934847176075, 22.07899397611618, 0.4319438069796888]
[313.8050243258476, 22.692834079265594, 0.4321676938852761]
[315.6330007314682, 23.29150277376175, 0.43122351641068235]
[317.4209657907486, 23.87420728802681, 0.43279199418611825]
[319.18438374996185, 24.444279313087463, 0.43196067988174036]
[320.9251397252083, 25.001342177391052, 0.432187958562281]
[322.6412032842636, 25.548191994428635, 0.43204075130051933]
[324.31059604883194, 26.08090975880623, 0.42961163411382586]
[325.87839394807816, 26.58039791882038, 0.432076946599409]
[327.41504514217377, 27.06600145995617, 0.4314285811269656]
[328.9227650165558, 27.54302780330181, 0.43118592583050486]
[330.3820558786392, 28.010130688548088, 0.43146802054252476]
[331.8033809661865, 28.469756677746773, 0.4315044913018937]
[333.1618807911873, 28.91206258535385, 0.4276691626291722]
[334.4538974761963, 29.337019577622414, 0.4350042915903032]
[335.7206818461418, 29.756967023015022, 0.4362751158187166]
[336.9583868384361, 30.179330125451088, 0.4271679345984012]
[338.1633150577545, 30.610040083527565, 0.4333449434489012]
[339.3404739499092, 31.042411863803864, 0.42996500796289183]
[340.49590146541595, 31.477213218808174, 0.43239957303740084]
[341.63251131772995, 31.915901586413383, 0.4305266376468353]
[342.74831062555313, 32.36501659452915, 0.4318311160313897]
[343.8445657491684, 32.82557122409344, 0.43133437327924185]
[344.92337024211884, 33.29906874895096, 0.43165814515487]
[345.98686212301254, 33.78726641833782, 0.43119858216959983]
[347.03740018606186, 34.29111549258232, 0.4314518326355028]
[348.0773558020592, 34.810781717300415, 0.4315379482432036]
[349.11005586385727, 35.345234364271164, 0.431915061242762]
[350.1401368379593, 35.89271679520607, 0.43212386404775316]
[351.17074143886566, 36.45401871204376, 0.4320953484311758]
[352.20208328962326, 37.03182306885719, 0.431881244017859]
[353.23237162828445, 37.62777769565582, 0.4318715795161552]
[354.2592030763626, 38.24127659201622, 0.4318355047071236]
[355.2804226875305, 38.87066301703453, 0.4318097808645689]
[356.2934079170227, 39.5149562060833, 0.4316062383222743]
[357.2942847311497, 40.17439314723015, 0.431443870482326]
[358.27820935845375, 40.84900411963463, 0.4313492591318209]
[359.2401687502861, 41.53780847787857, 0.43125054633492255]
[360.1751631498337, 42.239209443330765, 0.4312317963594978]
[361.0798958539963, 42.950441002845764, 0.4311317519968725]
[361.9539170563221, 43.66825374960899, 0.4310794312332291]
[362.79877665638924, 44.390534192323685, 0.43107976402825443]
[363.6166678071022, 45.11685565114021, 0.431111845248779]
[364.40949097275734, 45.84793567657471, 0.43118929521369864]
[365.1783577501774, 46.583675026893616, 0.43135355923732277]
[365.9241302907467, 47.32236307859421, 0.43138898480538046]
[366.64779511094093, 48.06209543347359, 0.4311965785891516]
[367.34974110126495, 48.80165684223175, 0.43105467684654286]
[368.0293480157852, 49.54045653343201, 0.4310489969484479]
[368.68507447838783, 50.278319507837296, 0.43102420116997564]
[369.31481555104256, 51.01505869626999, 0.43107916242297506]
[369.91746908426285, 51.74957290291786, 0.4309997828459018]
[370.49302020668983, 52.480235040187836, 0.430916842949955]
[371.0421012341976, 53.205645859241486, 0.43088106554387196]
[371.56513479352, 53.92489528656006, 0.43085627575601393]
[372.06170569360256, 54.637757271528244, 0.4307771749809035]
[372.5314756035805, 55.34433400630951, 0.4308079251968593]
[372.97492119669914, 56.04520332813263, 0.430827275467891]
[373.39313927292824, 56.74157997965813, 0.43081041362165706]
[373.7875982671976, 57.43507060408592, 0.43085059235818335]
[374.15929041802883, 58.127594232559204, 0.43092808878282085]
[374.5093369036913, 58.820889592170715, 0.4310207213020476]
[374.83915784955025, 59.515909522771835, 0.43099932992663526]
[375.1495471447706, 60.21319392323494, 0.43106166588449923]
[375.4412821829319, 60.912434101104736, 0.430981837285799]
[375.7139963656664, 61.61291763186455, 0.4309711028909078]
[375.9666607156396, 62.313166320323944, 0.430914287280757]
[376.19829020649195, 63.010746985673904, 0.4308684144543804]
[376.4079577550292, 63.70244628190994, 0.43087720014955266]
[376.5954789817333, 64.38437008857727, 0.4307276540057501]
[376.76142133027315, 65.0524034500122, 0.43066563105458044]
[376.9062874391675, 65.70274710655212, 0.43061184543694253]
[377.0301242284477, 66.3322985470295, 0.4305092830400099]
[377.13281605020165, 66.93846887350082, 0.4305397657735739]
[377.21397076919675, 67.5197184085846, 0.4305446022481192]
[377.2744726780802, 68.07722714543343, 0.43036228307755664]
[377.3151194266975, 68.61399358510971, 0.4304218272300204]
[377.33620177861303, 69.1341301202774, 0.4304975983686745]
[377.3366223424673, 69.64159622788429, 0.43051785361603834]
[377.31564651057124, 70.14005228877068, 0.43088106566574425]
[376.49847404658794, 73.93945422768593, 0.4310595371207455]
[374.69421903789043, 77.29243516921997, 0.43117025063111214]
[374.40913343429565, 77.6542372405529, 0.4318841702770442]
[371.1344935297966, 80.78363138437271, 0.4306213023955934]
[370.61254450678825, 81.15960270166397, 0.4306414435413899]
[370.0879708826542, 81.5113534629345, 0.43069969118369045]
[369.5582133233547, 81.83730536699295, 0.4310658071190119]
[369.0233486890793, 82.14262360334396, 0.43128946139040636]
[368.4833650588989, 82.43546304106712, 0.43102960913529387]
[367.9328681230545, 82.72132003307343, 0.4310553812465514]
[367.36105901002884, 83.00332234799862, 0.4313310966535937]
[366.7544688284397, 83.2810808122158, 0.4315060638982686]
[366.10116720199585, 83.55234847962856, 0.4318922992970329]
[365.3991631269455, 83.8195261657238, 0.4315943041292485]
[364.65702441334724, 84.07859697937965, 0.43126003284123726]
[363.8879272341728, 84.32212981581688, 0.4311206835664052]
[363.1025420129299, 84.54466687887907, 0.4311373286691378]
[362.3074422776699, 84.74334237724543, 0.43114759352465626]
[361.50679540634155, 84.92043762654066, 0.4312058951036306]
[360.70228639245033, 85.07948184758425, 0.43116612860467285]
[359.8930989205837, 85.22343900054693, 0.4310972702678555]
[359.07567462325096, 85.35433163493872, 0.43138141361123417]
[358.240876108408, 85.47364127635956, 0.4316315860050963]
[357.3685503602028, 85.58377249911427, 0.432011684650206]
[356.43090787529945, 85.68776645511389, 0.4323418556377874]
[355.41215950250626, 85.78626744821668, 0.43218436979077524]
[354.3215562105179, 85.87741743773222, 0.4321458062113379]
[353.18198895454407, 85.9595629684627, 0.43193525946480804]
[352.01318031549454, 86.03123386576772, 0.43185577279655263]
[350.8259285092354, 86.09083569049835, 0.4318301365528896]
[349.6238240599632, 86.13743061386049, 0.4318773578397668]
[348.40470522642136, 86.17112532630563, 0.43200366939709056]
[347.1599025130272, 86.19196762517095, 0.4321850221749628]
[345.87414997816086, 86.19917513313703, 0.4324043335072929]
[344.53117418289185, 86.19096165616065, 0.4325356899207691]
[343.12540966272354, 86.16476933006197, 0.4325970675163262]
[341.66717982292175, 86.1191071048379, 0.4323603419761639]
[340.1747105717659, 86.05225044861436, 0.4321781209328037]
[338.66352623701096, 85.96183145046234, 0.4320062096521724]
[337.14290302991867, 85.84550589323044, 0.4319882407972955]
[335.61741918325424, 85.70155273377895, 0.4319843993507675]
[334.08833825588226, 85.5293822735548, 0.43208104396398994]
[332.5536513328552, 85.32947454601526, 0.4322280719934497]
[331.00703424215317, 85.10246320068836, 0.4323917426954722]
[329.4366593360901, 84.84807094931602, 0.4325236356235109]
[327.8281814455986, 84.56424345076084, 0.4327425807932741]
[326.1731005907059, 84.24892002344131, 0.4327778649458196]
[324.47439408302307, 83.90294831991196, 0.4327116409185692]
[322.74340987205505, 83.52973227202892, 0.4325281925339368]
[320.9925767183304, 83.13272032141685, 0.43249409847885545]
[319.2307866215706, 82.71481935679913, 0.432390363272134]
[317.4629907608032, 82.27877254784107, 0.432500132759742]
[315.6915318965912, 81.82747700810432, 0.4324450513777265]
[313.91794365644455, 81.36400738358498, 0.4324861266031803]
[312.144051194191, 80.89138436317444, 0.4323982720852655]
[310.37165600061417, 80.4129208624363, 0.432403312108363]
[308.60184890031815, 79.9319681674242, 0.43223801459316746]
[306.8356012105942, 79.45079216361046, 0.4322082941616827]
[305.07438427209854, 78.97050300240517, 0.43222545922981226]
[303.3222516775131, 78.49211202561855, 0.4322423048361088]
[301.58703434467316, 78.01741547882557, 0.4321272699671681]
[299.89181685447693, 77.55281195044518, 0.4295434420928359]
[298.3244477510452, 77.11833404004574, 0.4292945805937052]
[296.7981476187706, 76.68892721831799, 0.43359581130789593]
[295.29514253139496, 76.26632522046566, 0.4305432496184949]
[293.80743527412415, 75.86352530121803, 0.4324562749825418]
[292.33110547065735, 75.48453789949417, 0.43154255395802466]
[290.8658375740051, 75.12459482252598, 0.43211210636945907]
[289.4149278998375, 74.77354776859283, 0.4316914208466187]
[287.98369938135147, 74.4222300350666, 0.4318217743857531]
[286.5776326060295, 74.0675505399704, 0.43152519858267624]
[285.20248728990555, 73.71307879686356, 0.43099063402041793]
[283.8926635980606, 73.37349919974804, 0.4310523953754455]
[282.6213608980179, 73.04797671735287, 0.4321027350379154]
[281.3751415014267, 72.73637825250626, 0.43121662190242205]
[280.1528258919716, 72.43861989676952, 0.4316002573323203]
[278.9539241194725, 72.15217116475105, 0.43120484685641713]
[277.7788054943085, 71.87371492385864, 0.4314548031511549]
[276.62844544649124, 71.60055696964264, 0.43120861838178826]
[275.50384879112244, 71.33216032385826, 0.4313827901642071]
[274.4060996770859, 71.0689077526331, 0.4311925277947921]
[273.3372570872307, 70.81180192530155, 0.43113050003194076]
[272.303290784359, 70.56279870867729, 0.430935635280548]
[271.3017972111702, 70.32188552618027, 0.43112190193278366]
[270.32946985960007, 70.08835406601429, 0.43096237109057256]
[269.38541528582573, 69.86184814572334, 0.4309998530552548]
[268.4695500135422, 69.64207983016968, 0.4308579130774888]
[267.5832411944866, 69.42934781312943, 0.4307972458664153]
[266.7274085879326, 69.22404533624649, 0.4307772439242399]
[265.901009619236, 69.02601957321167, 0.43077270930643863]
[265.10293221473694, 68.83485275506973, 0.4307129708431603]
[264.3326475918293, 68.65022747963667, 0.4306951037578983]
[263.59046003222466, 68.47210976481438, 0.4306199180055046]
[262.87878838181496, 68.30123478919268, 0.4304613244567008]
[262.1998165845871, 68.13857111334801, 0.43036830256460235]
[261.5528042316437, 67.98394078016281, 0.4304294769317494]
[260.93412104249, 67.83630942553282, 0.43039932071951625]
[260.34309709072113, 67.69517965614796, 0.4303471743987757]
[259.77961802482605, 67.56026490032673, 0.43033841344049506]
[259.2432211637497, 67.43160802870989, 0.4303177934798441]
[258.73651064932346, 67.30998762324452, 0.42989286515512504]
[258.2950619608164, 67.20491633564234, 0.42944384599104524]
[257.9060922116041, 67.11194827407598, 0.43282301172439475]
[257.54741457104683, 67.02865080162883, 0.43173140852013603]
[257.23742124438286, 66.95533252879977, 0.4338749725720845]
[256.96086175739765, 66.89081839285791, 0.43332430996815674]
[256.7170433923602, 66.83348182030022, 0.4342361746530514]
[256.5009754449129, 66.78265575505793, 0.43406996107660234]
[256.31132263690233, 66.73791122250259, 0.4342911563326197]
[256.14693051576614, 66.69885823130608, 0.43430959468105357]
[256.0057093203068, 66.665672859177, 0.4342347942147171]
[255.885622382164, 66.63705407455564, 0.4341889589559287]
[255.78372426331043, 66.61267440579832, 0.43456993787913234]
[255.69714887440205, 66.59203412104398, 0.4343629390641581]
[255.62350646406412, 66.57382476888597, 0.4345456903538434]
[255.55973545089364, 66.55855685751885, 0.4348955059540458]
[255.50351966172457, 66.54445730801672, 0.43459916434949264]
[255.45183466002345, 66.53180580679327, 0.4346104132127948]
[255.40315050445497, 66.5198840671219, 0.4350322164827958]
[255.35620175860822, 66.50874364282936, 0.43546508060535416]
[255.3107177298516, 66.49668955616653, 0.4358961940743029]
[255.26484646461904, 66.48749948572367, 0.4350517278944608]
[255.2206284161657, 66.47396121127531, 0.4350335080816876]
[255.17481019347906, 66.46594065101817, 0.43442435713950545]
[255.1322072558105, 66.45240879291669, 0.43497973604826257]
[255.0921213272959, 66.44483223441057, 0.43558644081349485]
[255.05848865490407, 66.43619416141883, 0.43515712913358584]
[255.03151429072022, 66.428667568136, 0.43447094678413123]
[255.01027844287455, 66.42390460986644, 0.4356710658175871]
[254.99777734698728, 66.420526072965, 0.4353538046707399]
[254.99211856361944, 66.4208804689697, 0.4346838167293754]
[254.991610068897, 66.41911897897808, 0.435354106783052]
[254.99140486836404, 66.4208061673271, 0.43493610885343514]
[254.98838885640725, 66.41843421349768, 0.43548227843712084]
[254.97590290103108, 66.41711389925331, 0.43513282547792187]
[254.94418461807072, 66.40665354114026, 0.4358548947639065]
[254.86400811746716, 66.38981373142451, 0.4355239017495478]
[254.7176507487893, 66.35319012217224, 0.4357654046252719]
[254.5073883086443, 66.30312343500555, 0.4348538313060999]
[254.25658732652664, 66.2428700774908, 0.4345135148614645]
[253.98592934012413, 66.1783166974783, 0.4341268912248779]
[253.70727135241032, 66.11171948164701, 0.43399910476000514]
[253.426358923316, 66.04440791904926, 0.43394691318826517]
[253.14637012779713, 65.97717538103461, 0.4339073104711133]
[252.86899207532406, 65.9103381074965, 0.43391024235461373]
[252.59451255202293, 65.84395888075233, 0.43391958840948064]
[252.32184340059757, 65.77782803028822, 0.4340712450830324]
[252.0488102734089, 65.71129752323031, 0.43422261730302125]
[251.77199432253838, 65.64348292350769, 0.43437092707608826]
[251.48550081253052, 65.57268804311752, 0.434445457343827]
[251.17854210734367, 65.49613790586591, 0.43422456829284783]
[250.83625762164593, 65.4098268225789, 0.43371877778554335]
[250.44802832603455, 65.31076987832785, 0.43268159817671403]
[250.01556731760502, 65.19922930374742, 0.431591149099404]
[249.55017910897732, 65.07784909754992, 0.43122238570504123]
[249.06414450705051, 64.94941937178373, 0.431020141710178]
[248.5657747387886, 64.81609187275171, 0.4309348162787501]
[248.05922055244446, 64.67884972691536, 0.43103917607368203]
[247.54554650187492, 64.53782977163792, 0.4310866945597809]
[247.02232593297958, 64.39231239259243, 0.4312633513836772]
[246.48128551244736, 64.24016357958317, 0.43147512164796353]
[245.9045890569687, 64.07631205022335, 0.43164909847837407]
[245.2673483788967, 63.893045239150524, 0.43179409164804383]
[244.55327597260475, 63.68498004972935, 0.4320535927108722]
[243.76652064919472, 63.45293927937746, 0.4318425505334744]
[242.92511293292046, 63.202565371990204, 0.4317715846518695]
[242.0471934378147, 62.939325124025345, 0.4317647025184215]
[241.1436782181263, 62.666377395391464, 0.431761837608974]
[240.21786415576935, 62.384600937366486, 0.43187172618854675]
[239.26654189825058, 62.09299889206886, 0.43198050299542956]
[238.2806677520275, 61.78877976536751, 0.4321378231907147]
[237.24805599451065, 61.46815685927868, 0.4323108962198603]
[236.16031122207642, 61.128687396645546, 0.43242413098050747]
[235.0188181400299, 60.770867109298706, 0.4323870609696314]
[233.83352613449097, 60.39757198095322, 0.43227604555067956]
[232.61597001552582, 60.01199987530708, 0.43221027053004946]
[231.3739002943039, 59.61618581414223, 0.4322087222482196]
[230.1111631989479, 59.21091829240322, 0.43226737216173206]
[228.82802551984787, 58.795749485492706, 0.4323421495500952]
[227.52099913358688, 58.36891530454159, 0.4324430059932638]
[226.18310290575027, 57.92729762196541, 0.43255267012136756]
[224.80544918775558, 57.46705609560013, 0.43263973363718833]
[223.3820756673813, 56.98507149517536, 0.43270386615404277]
[221.91401517391205, 56.48056551814079, 0.4326963864878053]
[220.40834254026413, 55.95503097772598, 0.4325517324541579]
[218.8741219639778, 55.411290138959885, 0.43250441925920313]
[217.3186070919037, 54.85243934392929, 0.4324754686858796]
[215.7458382844925, 54.28124412894249, 0.43251935190528457]
[214.1568442583084, 53.69965100288391, 0.4326101892074803]
[212.5500316619873, 53.10872972011566, 0.4326875029000803]
[210.9217490553856, 52.50848466157913, 0.43276802441323525]
[209.2672060728073, 51.89773976802826, 0.432850711455103]
[207.58214926719666, 51.27522602677345, 0.432950987618824]
[205.8641675710678, 50.64004057645798, 0.43299231101082114]
[204.11335414648056, 49.9921817779541, 0.4329247528567066]
[202.33303958177567, 49.332768112421036, 0.43287223588777124]
[200.52827942371368, 48.66362202167511, 0.4328262331764563]
[198.70385825634003, 47.98671281337738, 0.43277942168606387]
[196.86289966106415, 47.3036572933197, 0.4327669300889738]
[195.0061513185501, 46.61527270078659, 0.43279303118288226]
[193.13217395544052, 45.92134499549866, 0.432897229486116]
[191.23782974481583, 45.22055506706238, 0.4329728665834409]
[189.3187108039856, 44.51084777712822, 0.4331033202033723]
[187.37014371156693, 43.79029059410095, 0.4331950408341072]
[185.38929688930511, 43.057212114334106, 0.43319671667632065]
[183.37695026397705, 42.310119956731796, 0.4331723529357987]
[181.3373944759369, 41.54756039381027, 0.4330985184678866]
[179.27649915218353, 40.76843795180321, 0.43301446391342324]
[177.1994904279709, 39.97219327092171, 0.43296590277168434]
[175.1095770597458, 39.1592957675457, 0.4330572573162499]
[173.00780618190765, 38.330573201179504, 0.4330164019931999]
[170.893172621727, 37.48711761832237, 0.43309687332384783]
[168.763010263443, 36.630027770996094, 0.4331837485842698]
[166.6135447025299, 35.76000016927719, 0.43330048853022163]
[164.44117498397827, 34.87733143568039, 0.4333721605253231]
[162.24359679222107, 33.98220810294151, 0.4334641274108435]
[160.02040123939514, 33.07545629143715, 0.43344643997988896]
[157.7731339931488, 32.15849268436432, 0.43344207699738035]
[155.50445437431335, 31.233016431331635, 0.43346320266573457]
[153.21740865707397, 30.3003933429718, 0.4333721896582574]
[150.91444182395935, 29.36158037185669, 0.43339312519310624]
[148.59744489192963, 28.417693316936493, 0.4334267747569811]
[146.26877582073212, 27.470344215631485, 0.4334622368696728]
[143.93172645568848, 26.52162465453148, 0.4333551253876067]
[141.59008884429932, 25.573176324367523, 0.43323322483774973]
[139.24794459342957, 24.624480664730072, 0.43298208600026555]
[136.91086518764496, 23.67200818657875, 0.4328571153309895]
[134.5868742465973, 22.71064954996109, 0.43275015161634656]
[132.28763937950134, 21.73820734024048, 0.43265394112677313]
[130.0845752954483, 20.786216735839844, 0.4262242680415511]
[128.01147329807281, 19.873253792524338, 0.43278009723871946]
[125.97450351715088, 18.957882940769196, 0.4325459795072675]
[123.96975713968277, 18.034785330295563, 0.4334134035743773]
[121.9935804605484, 17.105828791856766, 0.43209163936262485]
[120.04628092050552, 16.172301828861237, 0.43236293410882354]
[118.12977075576782, 15.238142520189285, 0.4316179717425257]
[116.26262497901917, 14.316231310367584, 0.43033352098427713]
[114.44562208652496, 13.4152113199234, 0.432816119864583]
[112.65770030021667, 12.529195815324783, 0.43151836830656976]
[110.90719830989838, 11.662263453006744, 0.43206856917822734]
[109.20043379068375, 10.810117661952972, 0.4316986665362492]
[107.53979253768921, 9.970547676086426, 0.4320151434803847]
[105.9228982925415, 9.142816662788391, 0.4320033358526416]
[104.33876860141754, 8.324185073375702, 0.432128487227601]
[102.78347688913345, 7.515554696321487, 0.43187210005999077]
[101.26663953065872, 6.7228963971138, 0.4316537023842102]
[99.79911541938782, 5.950248509645462, 0.43141851261316333]
[98.38177967071533, 5.19903439283371, 0.43185764783993363]
[96.99877613782883, 4.4639604687690735, 0.4319202529077302]
[95.63977378606796, 3.743342310190201, 0.4317293981293915]
[94.29861497879028, 3.0389650464057922, 0.4319382422036142]
[92.96967643499374, 2.3530890345573425, 0.43187082911026664]
[91.64917129278183, 1.687539964914322, 0.43200817888100573]
[90.33521938323975, 1.0426284074783325, 0.4320679611992091]
[89.02708983421326, 0.4183938503265381, 0.43203642908338225]
[87.72459751367569, -0.18446171283721924, 0.43192245706177346]
[86.42902040481567, -0.7648263573646545, 0.43193501548012136]
[85.14330756664276, -1.321027398109436, 0.4318759944399062]
[83.8708473443985, -1.851232647895813, 0.43187083635348245]
[82.61516916751862, -2.352343663573265, 0.43199389355686435]
[81.40346902608871, -2.812269777059555, 0.4303039431688376]
[80.24069744348526, -3.2255994230508804, 0.4323852302040905]
[79.09711790084839, -3.614737570285797, 0.43240750557743013]
[77.96908187866211, -3.975397899746895, 0.43091097185970284]
[76.86665225028992, -4.316419839859009, 0.4311354758683592]
[75.8257223367691, -4.651389062404633, 0.4287263571168296]
[74.84049189090729, -4.986256867647171, 0.43262281152419746]
[73.88506323099136, -5.326136454939842, 0.430342118954286]
[72.96755766868591, -5.684647411108017, 0.43110919627361]
[72.08602005243301, -6.053264737129211, 0.43108701426535845]
[71.22798693180084, -6.41015288233757, 0.4316882463754155]
[70.38440662622452, -6.744699731469154, 0.4311023891204968]
[69.55111333727837, -7.053807392716408, 0.43135805819474626]
[68.72643330693245, -7.336005747318268, 0.43122476975258905]
[67.91085648536682, -7.592190757393837, 0.4310233130818233]
[67.10882312059402, -7.8296831622719765, 0.43086112511809915]
[66.32693859934807, -8.05777683109045, 0.43083159027628426]
[65.56914493441582, -8.278490968048573, 0.4306689165168791]
[64.83676692843437, -8.489615745842457, 0.43078889687603805]
[64.1296774148941, -8.687710598111153, 0.4308073701286048]
[63.44694474339485, -8.869683109223843, 0.43088393405196257]
[62.78694123029709, -9.032817110419273, 0.43091430235745065]
[62.14786300063133, -9.175998635590076, 0.43076184573874343]
[61.52806606888771, -9.300279751420021, 0.43071704990506987]
[60.92541146278381, -9.406494952738285, 0.4307984658971691]
[60.33722686767578, -9.495131060481071, 0.4306872689703596]
[59.76069635152817, -9.566540017724037, 0.4309035962942289]
[59.1930136680603, -9.620588960126042, 0.43086955598846544]
[58.63181230425835, -9.657726809382439, 0.43104884315107483]
[58.07521998882294, -9.678346092812717, 0.43076539831236005]
[57.52227410674095, -9.68289009804721, 0.4311003580223769]
[53.65058387815952, -9.078405775129795, 0.43111139825487044]
[50.913298949599266, -7.683393344283104, 0.4332016360261832]
[48.82839747518301, -5.472363278269768, 0.43197195448738057]
[47.534972324967384, -2.060808092355728, 0.43134759633539943]
[47.626557525247335, 2.070220470428467, 0.43139659764710814]
[47.759304374456406, 2.6551360487937927, 0.43164928109035827]
[47.91119057685137, 3.2491262555122375, 0.43164920229901327]
[48.08167491853237, 3.8523331582546234, 0.4313079528910748]
[48.27375880628824, 4.4653173089027405, 0.43174961280601565]
[48.489704459905624, 5.089558959007263, 0.4314381438452983]
[48.7314288765192, 5.7264933586120605, 0.43188965300214477]
[49.00025796890259, 6.378506124019623, 0.43165489469538443]
[49.298445358872414, 7.048595309257507, 0.43193850315583404]
[49.62926349043846, 7.739251583814621, 0.4319802413920115]
[49.99565760791302, 8.450524926185608, 0.43201322549793986]
[50.40164330601692, 9.181834757328033, 0.43199622830434237]
[50.85113298892975, 9.932237356901169, 0.43205631735872885]
[51.342935025691986, 10.70196783542633, 0.4320918386874837]
[51.87073376774788, 11.490550130605698, 0.4321247041589231]
[52.424524396657944, 12.294123709201813, 0.4320720224013712]
[52.993447333574295, 13.106063961982727, 0.43186755923670717]
[53.568890154361725, 13.921050429344177, 0.4315123903506901]
[54.1437124311924, 14.735927820205688, 0.4311880684836069]
[54.710319101810455, 15.547088712453842, 0.43116818249473]
[55.260826885700226, 16.34880542755127, 0.43095935745805036]
[55.78668746352196, 17.13120549917221, 0.4300210082437843]
[56.26167215406895, 17.854812920093536, 0.4286726680584252]
[56.706583857536316, 18.550715744495392, 0.4317889445810579]
[57.13263966143131, 19.236893355846405, 0.4296997768105939]
[57.53526021540165, 19.91968846321106, 0.4315215077949688]
[57.915660694241524, 20.600424587726593, 0.4309891500743106]
[58.27593341469765, 21.27995303273201, 0.4313515839166939]
[58.619182989001274, 21.958933264017105, 0.4308486526424531]
[58.947655096650124, 22.638331204652786, 0.43091962883408996]
[59.261652782559395, 23.31889259815216, 0.43087544961417734]
[59.55897818505764, 24.00093048810959, 0.43105544389254646]
[59.83769115805626, 24.68342536687851, 0.4311058451876306]
[60.096217915415764, 25.364582806825638, 0.43091703420941485]
[60.33414884656668, 26.042242377996445, 0.43079482148641546]
[60.55126604437828, 26.71421679854393, 0.430746144998011]
[60.74614892154932, 27.37840250134468, 0.43068886028049747]
[60.91666893661022, 28.03261297941208, 0.43074420905577426]
[61.06223135441542, 28.67488867044449, 0.4306190820861957]
[61.1832054592669, 29.30445820093155, 0.4307413718670432]
[61.28121352940798, 29.921729058027267, 0.43046365199552383]
[61.35611132532358, 30.527977377176285, 0.43057782296364167]
[61.40735951438546, 31.124620139598846, 0.4305663618288236]
[61.43416020832956, 31.7128164768219, 0.4306161215354223]
[61.437306032166816, 32.29385697841644, 0.43082980750477873]
[61.419761379249394, 32.869455456733704, 0.4307738857460208]
[61.382873287424445, 33.44147416949272, 0.43086204123392235]
[61.328532095998526, 34.01167166233063, 0.43083093425957486]
[60.226318188011646, 38.12785291671753, 0.43111443787347525]
[59.98932936042547, 38.618265107274055, 0.43084909848221287]
[59.7422434091568, 39.091317757964134, 0.43099739617900923]
[57.36803597211838, 42.39727829396725, 0.4317626255287905]
[56.88911387324333, 42.86064510047436, 0.4315769506501965]
[56.384899973869324, 43.33242277801037, 0.4310455395025201]
[52.02300187945366, 46.26178935170174, 0.43151869480789173]
[51.395244628190994, 46.52609021961689, 0.4311864280170994]
[50.763017535209656, 46.78387314081192, 0.4312887476207834]
[50.12299284338951, 47.03289460390806, 0.43120842588541564]
[49.47275501489639, 47.26767409592867, 0.43119206094706897]
[48.81173104047775, 47.483734495937824, 0.4311553657607874]
[48.13935786485672, 47.67807226628065, 0.4311791840100341]
[47.470717042684555, 47.84979835897684, 0.432061874656938]
[46.85203176736832, 48.00136524438858, 0.43496311299168156]
[46.216514348983765, 48.14067658036947, 0.4298812054330483]
[45.535255044698715, 48.24939352273941, 0.43150884890928864]
[44.79665732383728, 48.324801314622164, 0.4315195233793929]
[44.011656403541565, 48.382237792015076, 0.430675535579212]
[43.20549091696739, 48.42020499892533, 0.43069555736292386]
[42.38912460207939, 48.440252313390374, 0.4307156896684319]
[41.57143718004227, 48.435505248606205, 0.4304517252021469]
[40.763365268707275, 48.38718772307038, 0.43080930499127135]
[39.97308796644211, 48.29800749570131, 0.4310735871549696]
[39.20198571681976, 48.18194419890642, 0.43079273619514424]
[38.446236699819565, 48.050450436770916, 0.43029810464940965]
[37.700613379478455, 47.906744576990604, 0.4308341887954157]
[36.96271377801895, 47.74569493532181, 0.43032246903749183]
[36.23541811108589, 47.554003313183784, 0.4311077020247467]
[35.518608182668686, 47.32937599718571, 0.43143115541897714]
[34.802796483039856, 47.0775488615036, 0.4318136561432766]
[34.068957179784775, 46.80111385881901, 0.4316317143111519]
[33.301639556884766, 46.49169561266899, 0.4319616613975086]
[32.50247138738632, 46.14120662212372, 0.43187103257878334]
[31.68583795428276, 45.75046147406101, 0.4318505095288856]
[30.864679634571075, 45.32698002457619, 0.4312246833287645]
[30.046812623739243, 44.877538576722145, 0.43106138390794513]
[29.23784974217415, 44.405453845858574, 0.4310309149514069]
[28.444013625383377, 43.910384953022, 0.43109025859303074]
[27.67100292444229, 43.391828536987305, 0.43104090674751205]
[26.921046048402786, 42.852035343647, 0.431209543159639]
[26.192319303750992, 42.295093417167664, 0.4309973300405545]
[25.48127591609955, 41.72348305583, 0.431054241489619]
[24.784760028123856, 41.137016266584396, 0.4311213014370878]
[24.101231515407562, 40.53272619843483, 0.43136736791348085]
[23.428046941757202, 39.90589663386345, 0.43169861563364975]
[22.75726357102394, 39.24823275208473, 0.43197603751468705]
[22.07506173849106, 38.54610100388527, 0.4322659700701479]
[21.371276706457138, 37.786710947752, 0.4321499786019558]
[20.648960947990417, 36.968495577573776, 0.43214802051807055]
[19.919734865427017, 36.10172763466835, 0.4318823677749606]
[19.194876432418823, 35.1987589597702, 0.43166626717720646]
[18.481989085674286, 34.26795282959938, 0.4315532366090338]
[17.78591313958168, 33.31320485472679, 0.431614559598529]
[17.109134644269943, 32.33572560548782, 0.4316327640590316]
[16.451484978199005, 31.334541976451874, 0.4318221057692426]
[15.808613717556, 30.305693447589874, 0.43196398334839614]
[15.173430889844894, 29.239527761936188, 0.43214627687848406]
[14.53823208808899, 28.122316598892212, 0.43236008784151636]
[13.899149805307388, 26.94427263736725, 0.43246828687915695]
[13.259395331144333, 25.708320260047913, 0.4324057552803424]
[12.626355290412903, 24.429446280002594, 0.4321222222497454]
[12.00671648979187, 23.12266993522644, 0.43189916551637]
[11.404540449380875, 21.797488570213318, 0.4318565511334782]
[10.82096192240715, 20.459054589271545, 0.43185767351678805]
[10.25440663099289, 19.10926216840744, 0.4320119916956173]
[9.700740724802017, 17.74628746509552, 0.4321867818071041]
[9.153657406568527, 16.361652672290802, 0.43236684626026545]
[8.605839282274246, 14.939195930957794, 0.4326831124490127]
[8.054747998714447, 13.470129489898682, 0.43288316603866406]
[7.505595177412033, 11.965004205703735, 0.432717629999388]
[6.964575380086899, 10.441126465797424, 0.432067999150604]
[6.434746593236923, 8.910671412944794, 0.4316025714215357]
[5.918687343597412, 7.386054456233978, 0.4321068252902478]
[5.451413065195084, 5.988697707653046, 0.4184842435643077]
[5.048164084553719, 4.769325315952301, 0.4326651175506413]
[4.65110319852829, 3.5796210765838623, 0.43081087176688015]
[4.27289916574955, 2.4029279351234436, 0.4333516680635512]
[3.918230578303337, 1.2337141633033752, 0.4311523216601927]
[3.5886524468660355, 0.06969189643859863, 0.43159479973837733]
[3.282778888940811, -1.0876244902610779, 0.43081147671910003]
[3.002910688519478, -2.236518144607544, 0.4310450780176325]
[2.7347311675548553, -3.3723101019859314, 0.43163881765212864]
[2.468096047639847, -4.488190948963165, 0.4314373539527878]
[2.2021636217832565, -5.582126140594482, 0.43125706803402863]
[1.93913334608078, -6.65070903301239, 0.43167930078925565]
[1.6809329688549042, -7.688480317592621, 0.43111974016210297]
[1.4286997467279434, -8.685638040304184, 0.43071280476578977]
[1.1812558844685555, -9.638568758964539, 0.43086718087579357]
[0.9379851445555687, -10.544242084026337, 0.4310476789742097]
[0.6985415145754814, -11.405474245548248, 0.43095897699095076]
[0.46352774649858475, -12.232265323400497, 0.43105677109997487]
[0.2337661236524582, -13.02796295285225, 0.4308405538686202]
[0.010999418795108795, -13.793763756752014, 0.4306729403178906]
[-0.2037310153245926, -14.53132650256157, 0.4306045006815111]
[-0.4115070626139641, -15.245319575071335, 0.4306191380856035]
[-0.6133982762694359, -15.942619740962982, 0.4306902028838522]
[-0.8080570250749588, -16.6307912170887, 0.4310102847957751]
[-0.9929466173052788, -17.315583556890488, 0.43117671346772113]
[-1.1653962805867195, -18.000723749399185, 0.4312715509222471]
[-1.3238878026604652, -18.688895404338837, 0.43132009861028564]
[-1.4693474769592285, -19.38274559378624, 0.43124456241639564]
[-1.6029756292700768, -20.08490678668022, 0.43135788616200443]
[-1.72377510368824, -20.7966029047966, 0.43148371409370156]
[-1.8284829370677471, -21.516831308603287, 0.4313575815613149]
[-1.9145982451736927, -22.242898792028427, 0.43112773772736546]
[-1.980860548093915, -22.971656531095505, 0.4309647678746842]
[-2.0264413338154554, -23.699627101421356, 0.4308406283307704]
[-2.050163676030934, -24.422586053609848, 0.43082300301375653]
[-2.050327409990132, -25.13497456908226, 0.43079000605575857]
[-2.0270469253882766, -25.830628037452698, 0.4307777065987466]
[-1.9824107829481363, -26.5044327378273, 0.43065254450266366]
[-1.9236085638403893, -27.140851229429245, 0.4316150704398751]
[-1.865411864593625, -27.69602307677269, 0.43741579190827906]
[-1.8015137501060963, -28.175817474722862, 0.44852978037670255]
[-1.7214764468371868, -28.632419794797897, 0.44512112019583583]
[-1.6153274066746235, -29.08964742720127, 0.42148162610828876]
[-1.4594428315758705, -29.57177384197712, 0.43747554533183575]
[-1.266340970993042, -30.133270382881165, 0.42915519000962377]
[0.7461707144975662, -34.157973021268845, 0.4322390644811094]
[1.03496715426445, -34.54701344668865, 0.43000998269417323]
[1.3274499773979187, -34.922555923461914, 0.43051049471250735]
[1.6350982636213303, -35.29162512719631, 0.4307650536939036]
[1.9721588343381882, -35.68359471857548, 0.4313593705010135]
[6.226853638887405, -39.254014909267426, 0.43083119799848646]
[6.868832677602768, -39.61986355483532, 0.4307111618909403]
[7.510457873344421, -39.951192408800125, 0.4310083328746259]
[8.151968747377396, -40.264641880989075, 0.43145211614319123]
[8.795824646949768, -40.573245853185654, 0.43142490840909886]
[9.453966826200485, -40.879531383514404, 0.43147060154296923]
[10.14728245139122, -41.183389350771904, 0.4316779809742002]
[10.901537477970123, -41.482700526714325, 0.4318216306346585]
[11.72964632511139, -41.77362985908985, 0.43217063996053184]
[12.61991000175476, -42.051769748330116, 0.43151503981789574]
[13.549873352050781, -42.30887910723686, 0.4311983348161448]
[14.501689702272415, -42.53924737870693, 0.43113366747274995]
[15.465508908033371, -42.737734369933605, 0.4311068447859725]
[16.435633897781372, -42.89954914152622, 0.4311645494599361]
[17.408605188131332, -43.02469405531883, 0.43125120903278]
[18.383536636829376, -43.11812309920788, 0.43135809180967044]
[19.362856477499008, -43.1862175501883, 0.4314647010542103]
[20.35404059290886, -43.23224421031773, 0.4316695937741315]
[21.374293863773346, -43.25604146160185, 0.4318945031700423]
[22.450548470020294, -43.254901092732325, 0.43236541558871977]
[23.60139536857605, -43.225793711841106, 0.4322694226138992]
[24.82003492116928, -43.168811090290546, 0.4321773029914766]
[26.07992959022522, -43.08666176721454, 0.4318381070479518]
[27.356867134571075, -42.98229597508907, 0.43173663993002265]
[28.638133704662323, -42.858167707920074, 0.43163346612709574]
[29.91817146539688, -42.71713683754206, 0.43159283383101865]
[31.195301234722137, -42.56353299319744, 0.43164677049207967]
[32.47121471166611, -42.40222741663456, 0.4317974794539623]
[33.75172686576843, -42.23678337037563, 0.4320962890778901]
[35.05266547203064, -42.06833538413048, 0.432328794595378]
[36.408002853393555, -41.89474726468325, 0.43282916117459536]
[37.853671967983246, -41.71373810619116, 0.4329827726469375]
[39.39342653751373, -41.52675732970238, 0.4329572440292395]
[40.998173117637634, -41.338749937713146, 0.43239295756211504]
[42.63535296916962, -41.15405061841011, 0.4322652747723623]
[44.2862982749939, -40.97450556606054, 0.4321987470921158]
[45.94335329532623, -40.80044221132994, 0.4322582772165333]
[47.604065895080566, -40.63118959963322, 0.43227674558511353]
[49.26893800497055, -40.465262062847614, 0.4323954170176876]
[50.941677927970886, -40.30023804306984, 0.43251516322925454]
[52.63150006532669, -40.132543072104454, 0.43269457601127215]
[54.35579168796539, -39.95681757479906, 0.4328892470584833]
[56.13395005464554, -39.76674420386553, 0.43310072094391217]
[57.97328096628189, -39.55701643973589, 0.43305389570014086]
[59.86425668001175, -39.32577568292618, 0.4327452395227738]
[61.78809475898743, -39.07415544986725, 0.4325503765794565]
[63.7285943031311, -38.80444633960724, 0.43246042661121464]
[65.67630422115326, -38.51925493776798, 0.4324503466432361]
[67.62718945741653, -38.2218362390995, 0.4324558907865139]
[69.58089208602905, -37.9159339517355, 0.43252639795537107]
[71.53995299339294, -37.60492946207523, 0.43262829390732804]
[73.5103730559349, -37.29080060124397, 0.43284346821019426]
[75.50342905521393, -36.97336836159229, 0.4330603364505805]
[77.53519642353058, -36.65062855184078, 0.43330417513789143]
[79.61865079402924, -36.32037253677845, 0.4334819960713503]
[81.75448930263519, -35.98205356299877, 0.4333187101146905]
[83.93137788772583, -35.63668529689312, 0.43305068751215003]
[86.13451564311981, -35.28548163175583, 0.43294076019810745]
[88.35289490222931, -34.92928111553192, 0.43290584396345366]
[90.58034920692444, -34.56870962679386, 0.43286380172389727]
[92.81452596187592, -34.204602494835854, 0.4328931538730103]
[95.05592966079712, -33.837912663817406, 0.4329847197368508]
[97.30795228481293, -33.468989595770836, 0.43310620434203884]
[99.57690525054932, -33.096724450588226, 0.43327667000266956]
[101.87199413776398, -32.718706861138344, 0.4334094526129775]
[104.20300626754761, -32.332520976662636, 0.4335870724535198]
[106.57485115528107, -31.936338037252426, 0.43358416436967673]
[108.98368918895721, -31.528189793229103, 0.4335038513308973]
[111.41875159740448, -31.10588113963604, 0.43326183283352293]
[113.86810684204102, -30.667823120951653, 0.43316373554898746]
[116.32231223583221, -30.212873950600624, 0.4329966451332439]
[118.7752525806427, -29.741437911987305, 0.4328986742257257]
[121.2226984500885, -29.255628407001495, 0.432821933827654]
[123.66082787513733, -28.75906017422676, 0.4328795449764584]
[126.08541238307953, -28.256510943174362, 0.43285398785519646]
[128.49194836616516, -27.75305899977684, 0.43280826988439003]
[130.87666833400726, -27.253154769539833, 0.43275163434736896]
[133.23714220523834, -26.759789377450943, 0.4326670442605973]
[135.5662900209427, -26.274791911244392, 0.43220230436418205]
[137.83467304706573, -25.805532783269882, 0.43252886016853154]
[140.06366884708405, -25.347920328378677, 0.4327116761742218]
[142.26239430904388, -24.892541974782944, 0.43248673185007647]
[144.42786633968353, -24.4309204518795, 0.432231326958572]
[146.5590776205063, -23.960928186774254, 0.43215594437060645]
[148.6582509279251, -23.48555153608322, 0.43225287784298416]
[150.7276965379715, -23.008831590414047, 0.4322517781765782]
[152.76894640922546, -22.532230377197266, 0.4322978470190719]
[154.78313875198364, -22.055697336792946, 0.4322957300246344]
[156.77136373519897, -21.578450694680214, 0.4322143617482652]
[158.73415583372116, -21.099257990717888, 0.43217001713287573]
[160.67138159275055, -20.617515578866005, 0.43212975580536295]
[162.58281409740448, -20.133951604366302, 0.43210008308960823]
[164.46816927194595, -19.650826305150986, 0.4321208219307664]
[166.32697796821594, -19.171278208494186, 0.43217997279862175]
[168.1583205461502, -18.6979179084301, 0.43216644127460313]
[169.95944863557816, -18.232208341360092, 0.4320935582754828]
[171.72618317604065, -17.774136051535606, 0.4319318392954301]
[173.45774912834167, -17.32199029624462, 0.43204166198847815]
[175.15655261278152, -16.87687636911869, 0.43200968633027514]
[176.8253007531166, -16.440403938293457, 0.4319904600142763]
[178.46508675813675, -16.013359367847443, 0.43201011235214537]
[180.07665222883224, -15.595317631959915, 0.43185297171294224]
[181.66062504053116, -15.185344010591507, 0.4318605728512921]
[183.21723985671997, -14.782396748661995, 0.4318059663310123]
[184.74649566411972, -14.385535523295403, 0.4318159893518896]
[186.2483326792717, -13.994317829608917, 0.43179112588768476]
[187.7225444316864, -13.608906388282776, 0.43173730908165453]
[189.16900581121445, -13.229959279298782, 0.4317184649044066]
[190.58750998973846, -12.85819797217846, 0.43170921355340397]
[191.97679817676544, -12.494116082787514, 0.4316197226207805]
[193.33636486530304, -12.137650445103645, 0.43155803226727585]
[194.66630697250366, -11.788467645645142, 0.4315614408478723]
[195.96638989448547, -11.447266906499863, 0.43156510983499174]
[197.23746132850647, -11.11399558186531, 0.4315203420692342]
[198.48004496097565, -10.788635164499283, 0.43149257563663923]
[199.69414681196213, -10.470971927046776, 0.43141730616480345]
[200.8791747689247, -10.160926148295403, 0.4314032108104584]
[202.03547286987305, -9.858323022723198, 0.43131624753732467]
[203.16352385282516, -9.563129156827927, 0.4313351372447869]
[204.26292443275452, -9.275433465838432, 0.43123215978994267]
[205.333054125309, -8.995264768600464, 0.4312120375725499]
[206.37459790706635, -8.722508430480957, 0.4311914043773868]
[207.38795655965805, -8.45711500942707, 0.43113264581916155]
[208.37275090813637, -8.199271455407143, 0.43105827652834705]
[209.32808908820152, -7.949098281562328, 0.43099865829208284]
[210.25402802228928, -7.7064763233065605, 0.4309531907285873]
[211.1511997282505, -7.471362605690956, 0.4309067350186524]
[212.0203713774681, -7.243758454918861, 0.430850454485153]
[212.8607203066349, -7.023800320923328, 0.4307558810542105]
[213.67117089033127, -6.811521798372269, 0.43070346418971894]
[214.45189905166626, -6.606764122843742, 0.43066294215941525]
[215.20338159799576, -6.409624218940735, 0.43065962073160335]
[215.92676755785942, -6.220039330422878, 0.43064573000629025]
[216.6224459707737, -6.037950046360493, 0.4306464581459295]
[217.28844398260117, -5.863691598176956, 0.4305684105565888]
[217.92371314764023, -5.69708176702261, 0.4305256149127672]
[218.52806451916695, -5.538115628063679, 0.4304959253391871]
[219.10213235020638, -5.387043856084347, 0.430466197730766]
[219.64744690060616, -5.243727169930935, 0.4303641879996576]
[220.1647388637066, -5.10813245922327, 0.43031568626247463]
[220.6540596038103, -4.98014784604311, 0.43030409872972086]
[221.10712058842182, -4.86100136116147, 0.4305746066456777]
[221.50022733211517, -4.75667754560709, 0.43198037007823586]
[221.84323240816593, -4.664276201277971, 0.4331492416022229]
[222.1445011496544, -4.582801342010498, 0.43354506482137367]
[222.40729916095734, -4.512594927102327, 0.43407649447908625]
[222.63994696736336, -4.450144661590457, 0.4340931318947696]
[222.84414058178663, -4.395955847576261, 0.43419057998289645]
[223.02118319272995, -4.349472377449274, 0.43433063171687536]
[223.17206776887178, -4.309285836294293, 0.4342782560561318]
[223.29902328178287, -4.275688571855426, 0.43452910566702485]
[223.4047515578568, -4.247827765531838, 0.4346225763147231]
[223.49199460819364, -4.224942948669195, 0.433940108778188]
[223.56399589776993, -4.2066595777869225, 0.43476559332339093]
[223.62402578629553, -4.191552476026118, 0.4349828698905185]
[223.67455035448074, -4.178739779163152, 0.4347078676219098]
[223.71869674138725, -4.16762606240809, 0.4353073338570539]
[223.75916375406086, -4.157424918375909, 0.43520591559354216]
[223.79790762253106, -4.147252361755818, 0.4351079918560572]
[223.83624113351107, -4.1380700576119125, 0.4353213924296142]
[223.87413416430354, -4.128128464799374, 0.4355229780776426]
[223.912915058434, -4.118506811093539, 0.43472839624155313]
[223.95246901735663, -4.108403825201094, 0.43442685378249735]
[223.99233440682292, -4.098351816646755, 0.4357973904116079]
[224.02942032553256, -4.088985857088119, 0.4357262330595404]
[224.06211986020207, -4.080697677098215, 0.4340748959220946]
[224.08894304092973, -4.073835278861225, 0.4359527580672875]
[224.11157872714102, -4.06793843396008, 0.4342867491795914]
[224.12651445670053, -4.064768165699206, 0.4360639711812837]
