[4.998427507249289, -0.008689743932336569, 0.18730963458074257]
[4.995176739990711, -0.025722919031977654, 0.18896552413934842]
[4.991060959524475, -0.04684329964220524, 0.18925133960146923]
[4.984196996083483, -0.07579575106501579, 0.19169774977490306]
[4.977941713761538, -0.11332420818507671, 0.1986522488296032]
[4.971975587075576, -0.16751456260681152, 0.20503736194223166]
[4.961894645355642, -0.24098578467965126, 0.20783104444853961]
[4.951032735873014, -0.3301430940628052, 0.2066057571209967]
[4.934371097944677, -0.43498900532722473, 0.20634167455136776]
[4.917167529463768, -0.5570325329899788, 0.20514843761338852]
[4.896889257244766, -0.7001968398690224, 0.20381272633676417]
[4.8722181199118495, -0.8649266809225082, 0.20225982199190184]
[4.842364403419197, -1.0515897497534752, 0.2012859110836871]
[4.807660281658173, -1.2588794231414795, 0.1998216591309756]
[4.767427647486329, -1.4861276522278786, 0.1995040136462194]
[4.721177455037832, -1.7323694676160812, 0.19935406450531445]
[4.66867621243, -1.9961835443973541, 0.19926801635301672]
[4.609371712431312, -2.2761549055576324, 0.19951995281735435]
[4.5429138615727425, -2.571142017841339, 0.20023508885060437]
[4.469835136085749, -2.879556357860565, 0.20003540867764968]
[4.389320392161608, -3.199418067932129, 0.2001977694380912]
[4.3017382100224495, -3.528993010520935, 0.20007430261466652]
[4.206608112901449, -3.8682956099510193, 0.19990732946098433]
[4.103429324924946, -4.218076527118683, 0.19992970606472227]
[3.9912707321345806, -4.579122006893158, 0.2000590358320551]
[3.8694457300007343, -4.952364042401314, 0.19987694834708236]
[3.737451419234276, -5.338453561067581, 0.19973750801000278]
[3.59452623128891, -5.738045960664749, 0.19964892057760153]
[3.4403667747974396, -6.1527581214904785, 0.19956648040897562]
[3.273757189512253, -6.584816858172417, 0.1997085502516711]
[3.0938437804579735, -7.036963105201721, 0.2001753722433932]
[2.8997895643115044, -7.512086316943169, 0.20031516741255473]
[2.6910426542162895, -8.013192057609558, 0.20020515884971246]
[2.4670401513576508, -8.542700320482254, 0.2002845172137313]
[2.228768326342106, -9.101191014051437, 0.20058034369139932]
[1.9772291779518127, -9.689229518175125, 0.20134864666033536]
[1.7124355286359787, -10.310315936803818, 0.20229891501367092]
[1.4337990880012512, -10.969762951135635, 0.20305771892890334]
[1.1404904127120972, -11.672874063253403, 0.20355544239282608]
[0.8328736573457718, -12.422797679901123, 0.2038411598332459]
[0.5172063857316971, -13.213391363620758, 0.20265648677013814]
[0.20749087631702423, -14.021251022815704, 0.19833926623687148]
[-0.08331558108329773, -14.82377302646637, 0.1916405106894672]
[-0.35476723313331604, -15.620754450559616, 0.18677411298267543]
[-0.6072388738393784, -16.413160383701324, 0.18515008603571914]
[-0.8404483944177628, -17.20165914297104, 0.18577946585719474]
[-1.0541647672653198, -17.98688644170761, 0.18691159144509584]
[-1.2478429451584816, -18.770392894744873, 0.18756571016274393]
[-1.4219111576676369, -19.55819934606552, 0.18726865737698972]
[-1.5762846693396568, -20.360911309719086, 0.18735466536600143]
[-1.7051853351294994, -21.163074105978012, 0.1863220661180094]
[-1.8065585047006607, -21.960716545581818, 0.18553372911992483]
[-1.8801409602165222, -22.75103783607483, 0.1854704316938296]
[-1.926685655489564, -23.5321047604084, 0.18615542392944917]
[-1.9463045219890773, -24.3032486140728, 0.1863545738524408]
[-1.9382077138870955, -25.062158554792404, 0.18594583310186863]
[-1.9047187864780426, -25.806039422750473, 0.18537539246608503]
[-1.8461010456085205, -26.533929646015167, 0.1847722572128987]
[-1.7628476172685623, -27.246230006217957, 0.18487822014139965]
[-1.6560348719358444, -27.943852961063385, 0.18555599937099032]
[-1.5258146151900291, -28.62693014740944, 0.18595254464889877]
[-1.3732949793338776, -29.295549392700195, 0.1861894225658034]
[-1.198668621480465, -29.949742287397385, 0.1861622601209092]
[-1.002332165837288, -30.590348541736603, 0.1862599596788641]
[-0.7841226607561111, -31.217999398708344, 0.18639187009102898]
[-0.5416988357901573, -31.837410509586334, 0.18579495733138174]
[-0.2748277634382248, -32.44227609038353, 0.1853685740788933]
[0.01649254560470581, -33.02956289052963, 0.18545832758536562]
[0.32987694442272186, -33.59666579961777, 0.18590410008619074]
[0.664043739438057, -34.14208921790123, 0.186208976447233]
[1.0163480639457703, -34.66419404745102, 0.1865972897503525]
[1.3849029541015625, -35.16290807723999, 0.18704369376064278]
[1.7668361216783524, -35.637617111206055, 0.1872695332403964]
[4.692841023206711, -38.34376786649227, 0.19060521114442963]
[5.151320725679398, -38.66826169192791, 0.1910259326105006]
[5.625518873333931, -38.98275335133076, 0.19149195279169362]
[6.117743909358978, -39.289051696658134, 0.19232955257757567]
[6.629336178302765, -39.58891762793064, 0.19327522040111944]
[10.824084609746933, -41.43735770881176, 0.1949042060005013]
[11.50348287820816, -41.65452962368727, 0.19494721468072385]
[12.20866283774376, -41.86130415648222, 0.195010109062423]
[12.942659318447113, -42.05790622532368, 0.19514445844470174]
[13.70725029706955, -42.24192667752504, 0.19481771647406276]
[14.50173595547676, -42.411133237183094, 0.19455250816099579]
[15.325072854757309, -42.5639635771513, 0.1946433401280956]
[16.176386922597885, -42.69970955699682, 0.1947976109368028]
[17.053714096546173, -42.81775337085128, 0.1948506967673893]
[17.95317915081978, -42.916290547698736, 0.19430226227268577]
[18.86943006515503, -42.99352861940861, 0.19375347367895301]
[19.801898807287216, -43.050599006935954, 0.1943447501398623]
[20.752568781375885, -43.08870797790587, 0.19530873093754053]
[21.725712209939957, -43.10826630797237, 0.19580679092905484]
[22.72488033771515, -43.108626381028444, 0.19583095778580173]
[23.752556025981903, -43.08899417798966, 0.19598843027779367]
[24.809997260570526, -43.04916255176067, 0.19658592354971915]
[25.89794248342514, -42.989644166082144, 0.19743749959161505]
[27.016447007656097, -42.911059994250536, 0.19804029662918765]
[28.163960695266724, -42.8144209459424, 0.19826930647104746]
[29.337184846401215, -42.70189340412617, 0.19849597672873642]
[30.532662093639374, -42.57628970593214, 0.19908795415540226]
[31.749196708202362, -42.44052129983902, 0.1998966755636502]
[32.988585352897644, -42.297178998589516, 0.20060924265999347]
[34.25410830974579, -42.148349203169346, 0.20113992664846592]
[35.548736453056335, -41.9955677986145, 0.2017028860282153]
[36.87446486949921, -41.84019896388054, 0.2022425712493714]
[38.224321722984314, -41.684338331222534, 0.20188434165902436]
[39.59254914522171, -41.52984535694122, 0.20070154016138986]
[40.98310732841492, -41.376344077289104, 0.2003710509670782]
[42.396049320697784, -41.223773784935474, 0.20045363168173935]
[43.838011145591736, -41.0711327791214, 0.20142399496398866]
[45.319108843803406, -40.91704464703798, 0.2027187254279852]
[46.83524364233017, -40.76162799447775, 0.2031128933740547]
[48.38141745328903, -40.605032712221146, 0.2032847912996658]
[49.95473551750183, -40.44641315191984, 0.20350329125358257]
[51.55515372753143, -40.284176386892796, 0.20356317192658935]
[53.18442791700363, -40.116021171212196, 0.20327817799989134]
[54.84424513578415, -39.93923257291317, 0.20260659846826456]
[56.53507196903229, -39.751152254641056, 0.20182781596668065]
[58.25636446475983, -39.54944606125355, 0.20112844780669548]
[60.00680327415466, -39.33254227787256, 0.20058661536313593]
[61.78440284729004, -39.099952913820744, 0.20027608823147602]
[63.58784979581833, -38.85190710425377, 0.20031621135422029]
[65.41935402154922, -38.58883821964264, 0.20102239566040225]
[67.2708061337471, -38.313066214323044, 0.2011045120525523]
[69.14078176021576, -38.02722957730293, 0.20113316580136598]
[71.02981024980545, -37.73283205926418, 0.20116641684580827]
[72.93973928689957, -37.432031497359276, 0.20105025933298748]
[74.8759822845459, -37.12530246376991, 0.20151255454402417]
[76.8396224975586, -36.81329493224621, 0.20193916209973395]
[78.83140635490417, -36.49666531383991, 0.2022389980047592]
[80.85137557983398, -36.175405994057655, 0.20233796278989757]
[82.8989770412445, -35.84937611222267, 0.20230232028552564]
[84.97275507450104, -35.5181964635849, 0.20213547097955598]
[87.07068455219269, -35.18168258666992, 0.20188691923976876]
[89.19076132774353, -34.83986909687519, 0.2017664557279204]
[91.33194625377655, -34.49298371374607, 0.20179011616528442]
[93.49449503421783, -34.141064032912254, 0.2018960647910717]
[95.67966818809509, -33.78403440117836, 0.20198400272784056]
[97.88867831230164, -33.421796068549156, 0.20200953616426887]
[100.12220907211304, -33.0539470911026, 0.2019133345602313]
[102.38063561916351, -32.680722787976265, 0.20201179432842764]
[104.6637054681778, -32.30062009394169, 0.20171014007064514]
[106.970578789711, -31.911015510559082, 0.20106051946640946]
[109.29967963695526, -31.51025354862213, 0.20043694955529645]
[111.64906024932861, -31.095933586359024, 0.1997436636884231]
[114.01673102378845, -30.666531428694725, 0.19926424691220745]
[116.40109932422638, -30.221168354153633, 0.19903509538198705]
[118.8015627861023, -29.760181814432144, 0.199165207297483]
[121.21847891807556, -29.28461952507496, 0.1995407065260224]
[123.65275478363037, -28.796194955706596, 0.20006530318642035]
[126.1052953004837, -28.29655286669731, 0.20053642029233743]
[128.57684814929962, -27.78745600581169, 0.20109380563371815]
[131.06787073612213, -27.270010620355606, 0.20148547874123324]
[133.57935988903046, -26.74487069249153, 0.2017696135226288]
[136.10605835914612, -26.2130189538002, 0.2014728630601894]
[138.6458841562271, -25.67491590976715, 0.2009814245684538]
[141.19885075092316, -25.130095601081848, 0.20066575975943124]
[143.76527309417725, -24.576136082410812, 0.2002247835334856]
[146.34992027282715, -24.01042491197586, 0.20029663876630366]
[148.95154976844788, -23.430911779403687, 0.20026367265018052]
[151.56930088996887, -22.83584174513817, 0.20000075848656707]
[154.2024040222168, -22.223871499300003, 0.19966483325697482]
[156.84681117534637, -21.595437973737717, 0.1992392770916922]
[159.50023543834686, -20.95172929763794, 0.19903609372340725]
[162.16394770145416, -20.29371005296707, 0.19920782541157678]
[164.83943331241608, -19.623034238815308, 0.19970067756366916]
[167.52815091609955, -18.941328316926956, 0.20016630504687782]
[170.23115742206573, -18.250141143798828, 0.20054309586703312]
[172.9494960308075, -17.550752580165863, 0.20088795291667338]
[175.68374466896057, -16.844219088554382, 0.20115466754941735]
[178.43391299247742, -16.131280183792114, 0.20134362901444547]
[181.19982278347015, -15.412536293268204, 0.20140390054802992]
[183.98096978664398, -14.688311994075775, 0.2014203926252094]
[186.77684950828552, -13.958960622549057, 0.2014448494782073]
[189.5871044397354, -13.224851697683334, 0.20145429172134754]
[192.41179180145264, -12.48626333475113, 0.20148637941929337]
[195.25130987167358, -11.743330329656601, 0.20153694879991235]
[198.106281042099, -10.996018826961517, 0.20156417074485944]
[200.97730314731598, -10.244409769773483, 0.2016308586953528]
[203.86478066444397, -9.488437712192535, 0.20174008041794877]
[206.76912105083466, -8.728076249361038, 0.20180355747379508]
[209.6903029680252, -7.963321626186371, 0.20181982841563695]
[212.62813413143158, -7.19427153468132, 0.20182516239810866]
[215.58199214935303, -6.419402062892914, 0.2014968277362641]
[218.55098748207092, -5.637339800596237, 0.2011553446209291]
[221.53396654129028, -4.8469350934028625, 0.20091529327328317]
[224.5299768447876, -4.046911120414734, 0.20065993096795864]
[227.53646039962769, -3.2365682125091553, 0.20026735321152955]
[230.54636192321777, -2.416665732860565, 0.19910969608463347]
[233.54815232753754, -1.5906628966331482, 0.19713801704347134]
[236.54108095169067, -0.7598331868648529, 0.19545508967712522]
[239.52424323558807, 0.07435593008995056, 0.19470025834743865]
[242.49830508232117, 0.9108550846576691, 0.19480326592747588]
[245.46461367607117, 1.7488339245319366, 0.19541198119986802]
[248.4200769662857, 2.5863614976406097, 0.1959889728022972]
[251.34303081035614, 3.4164834022521973, 0.19539287744555622]
[254.22585201263428, 4.236641973257065, 0.19410787790548056]
[257.0967539548874, 5.05491441488266, 0.19430283093242906]
[259.9184948205948, 5.858559846878052, 0.193745853342989]
[262.68672931194305, 6.649965733289719, 0.19457366300048307]
[265.4172399044037, 7.434230297803879, 0.19533524797589052]
[268.1130748987198, 8.213378220796585, 0.19483616790967062]
[270.7742440700531, 8.987174570560455, 0.19457298913039267]
[273.4016103744507, 9.75584191083908, 0.1944681241075159]
[275.99611937999725, 10.520507901906967, 0.1940231283660978]
[278.5649824142456, 11.285691887140274, 0.19279340910725296]
[281.0908989906311, 12.05091479420662, 0.1917082443833351]
[283.57806742191315, 12.816802471876144, 0.19222009132499807]
[286.0287666320801, 13.584850519895554, 0.1923104508969118]
[288.43867576122284, 14.352676838636398, 0.1922672875225544]
[290.8121062517166, 15.11707690358162, 0.19290815736167133]
[293.15034687519073, 15.87628561258316, 0.19360225394484587]
[295.45536255836487, 16.62666392326355, 0.19346869047149085]
[297.7235116958618, 17.365671396255493, 0.19260401703650132]
[299.9586137533188, 18.09344854950905, 0.1923540601537752]
[302.157022356987, 18.80849376320839, 0.19200401731359307]
[304.3173179626465, 19.51079347729683, 0.19191903750834172]
[306.4412384033203, 20.20256358385086, 0.19204282012651674]
[308.52823996543884, 20.883544713258743, 0.19219185030669905]
[310.578360080719, 21.55380082130432, 0.1924338236785843]
[312.59114372730255, 22.212572902441025, 0.19255987033102429]
[314.56654357910156, 22.85883030295372, 0.19270222657360137]
[316.501509308815, 23.491172075271606, 0.19249733748438302]
[318.39389860630035, 24.10881081223488, 0.19212837074883282]
[320.247308075428, 24.712392151355743, 0.19190289653124637]
[322.06900656223297, 25.304544985294342, 0.19212642949423753]
[323.857073366642, 25.88426786661148, 0.19172810320742428]
[325.6107323169708, 26.451260060071945, 0.19103015199652873]
[327.32978719472885, 27.006078898906708, 0.19072093105933163]
[329.0015736222267, 27.545269817113876, 0.18974117643665522]
[330.6184213757515, 28.067279934883118, 0.1879380256868899]
[332.1800570487976, 28.572594165802002, 0.18671645192080177]
[333.6906331181526, 29.066678673028946, 0.1868601388996467]
[335.1631980538368, 29.55662029981613, 0.187062113376669]
[336.59853237867355, 30.044949918985367, 0.18642381698009558]
[337.98190528154373, 30.527642145752907, 0.18525321333436295]
[339.3124762773514, 31.005152449011803, 0.18472808189108036]
[340.58018147945404, 31.47695767879486, 0.18283280351897702]
[341.79937851428986, 31.95055788755417, 0.18304461135994643]
[343.0072423815727, 32.43651720881462, 0.18574417138006538]
[344.20669919252396, 32.94292286038399, 0.1869423737807665]
[345.3875809907913, 33.46547290682793, 0.1881013709353283]
[346.5141131281853, 33.98457229137421, 0.18536121351644397]
[347.6200819015503, 34.51999607682228, 0.1845253597421106]
[348.7140440940857, 35.07135847210884, 0.18602646852377802]
[349.7955929040909, 35.63719508051872, 0.18786177429137751]
[350.86523628234863, 36.21507313847542, 0.1894253058708273]
[351.9242675304413, 36.80469757318497, 0.19042537073255517]
[352.97352653741837, 37.40760579705238, 0.19069050830876222]
[354.01357585191727, 38.024606823921204, 0.19066597215351067]
[355.04235488176346, 38.65382245182991, 0.19051765320182312]
[356.0548652410507, 39.29256245493889, 0.18977436554268934]
[357.0499802827835, 39.94277381896973, 0.18885634202160873]
[358.026270955801, 40.60584530234337, 0.18807038597879]
[358.9824856519699, 41.28339061141014, 0.18754920791252516]
[359.91783517599106, 41.97638180851936, 0.1872044426636421]
[360.83234933018684, 42.684540361166, 0.18718251885366044]
[361.7264246046543, 43.407499343156815, 0.18750231034937315]
[362.6005947291851, 44.14488077163696, 0.18797013271250762]
[363.4555929303169, 44.896320551633835, 0.18825320747419028]
[364.2925494611263, 45.661428451538086, 0.1885368800139986]
[365.11301589012146, 46.439331620931625, 0.18908412914606743]
[365.9180456697941, 47.22946685552597, 0.18956749700009823]
[366.70767083764076, 48.03202822804451, 0.18964458873233525]
[367.4810377061367, 48.84731528162956, 0.18939169573422987]
[368.2311790883541, 49.66815263032913, 0.18873924523359165]
[368.94520020484924, 50.48003941774368, 0.18687712133396417]
[369.6254797875881, 51.28621369600296, 0.1854934130096808]
[370.27746576070786, 52.092387825250626, 0.18568947672611102]
[370.9013784825802, 52.898624300956726, 0.18627650127746165]
[371.49791994690895, 53.70596957206726, 0.18664371795603074]
[372.06667548418045, 54.51455795764923, 0.1866451555142703]
[372.6070589721203, 55.32283636927605, 0.1865917609557073]
[373.1180925965309, 56.128557741642, 0.1864524755947059]
[373.5992460846901, 56.93009454011917, 0.1861962410475826]
[374.05078586935997, 57.727232187986374, 0.1859799966623541]
[374.4730479121208, 58.51977875828743, 0.18581665348028764]
[374.86619982123375, 59.30776160955429, 0.1856957668933319]
[375.2317616045475, 60.09494590759277, 0.18581237951730145]
[375.57082265615463, 60.88355350494385, 0.18615876859985292]
[375.88274274766445, 61.67238864302635, 0.1862760658186744]
[376.1672265678644, 62.46060213446617, 0.18636817970400443]
[376.4243081957102, 63.24764010310173, 0.1864670954309986]
[376.6544020920992, 64.03217315673828, 0.1865835345333835]
[376.8561406582594, 64.80878123641014, 0.18648211332401843]
[377.0307836011052, 65.57212820649147, 0.18634816475969274]
[377.17867110669613, 66.323395550251, 0.18610589850140968]
[377.3003829307854, 67.06322321295738, 0.18593134937691502]
[377.39516589418054, 67.79028502106667, 0.1856626383960247]
[377.462594518438, 68.50419819355011, 0.18538603858905844]
[377.50209393538535, 69.20545077323914, 0.18525195101574354]
[377.5133805370424, 69.89110934734344, 0.18502022410393693]
[377.49644615873694, 70.55844110250473, 0.18482014243681988]
[377.4526482131332, 71.20764702558517, 0.18496448227961082]
[377.38235062360764, 71.83810371160507, 0.18511109799146652]
[377.2866431362927, 72.44994974136353, 0.18534588038164657]
[377.1659189388156, 73.04405176639557, 0.18553431244799867]
[377.0187840461731, 73.62752544879913, 0.18608550733188167]
[376.8459264561534, 74.20257368683815, 0.1868737192999106]
[376.648204497993, 74.76588353514671, 0.18747538003663067]
[376.42681570351124, 75.3158069550991, 0.18786078435368836]
[376.18315167725086, 75.8510450720787, 0.18813388560374733]
[373.82490238547325, 79.2552631944418, 0.18925747720277286]
[370.80176958441734, 81.75192466378212, 0.19225360846030526]
[370.31775610148907, 82.05288460850716, 0.1920211747092253]
[366.28587970137596, 83.89238238334656, 0.19347413333889563]
[365.6856497824192, 84.09023557603359, 0.19319032930070534]
[365.0664219558239, 84.27884959429502, 0.19306236125339638]
[364.42876783013344, 84.4574004560709, 0.192747532739304]
[363.77393040060997, 84.62516532838345, 0.19281904360104818]
[363.10347497463226, 84.78388265520334, 0.19359478403930552]
[362.41827669739723, 84.93326741456985, 0.19394081673090113]
[361.72004702687263, 85.07275579124689, 0.19360910043178592]
[361.01241225004196, 85.20159684121609, 0.19286790190380998]
[360.2991726696491, 85.31983225420117, 0.1927818668555119]
[359.58204251527786, 85.42869408801198, 0.19367816019803286]
[358.85866701602936, 85.52845030277967, 0.1939590714100632]
[358.12531968951225, 85.62057965993881, 0.1939707997298683]
[357.37782299518585, 85.70621201395988, 0.1940816719434224]
[356.61188837885857, 85.7856919541955, 0.1944921301328577]
[355.82336235046387, 85.85954948142171, 0.19539065985009074]
[355.0083735883236, 85.9280248247087, 0.19654426508350298]
[354.1636666357517, 85.99079873971641, 0.19748771883314475]
[353.2867399454117, 86.04806450009346, 0.19816916569834575]
[352.37604692578316, 86.09947269782424, 0.19851388630922884]
[351.4322157204151, 86.14443289861083, 0.19870102468848927]
[350.45916524529457, 86.18236928619444, 0.19940227814367972]
[349.4607873558998, 86.21295249089599, 0.20062923396471888]
[348.43508076667786, 86.23602292314172, 0.2017419837648049]
[347.37481266260147, 86.25129994982854, 0.2023709220229648]
[346.27342319488525, 86.25772731658071, 0.2024040162905294]
[345.1281681060791, 86.253777067177, 0.202172736513603]
[343.93824726343155, 86.23748464789242, 0.2018186884088209]
[342.7043898701668, 86.20695731416345, 0.20157154074695427]
[341.4283719062805, 86.16063010320067, 0.20153262465146327]
[340.11367708444595, 86.09616513177752, 0.20141748675814597]
[338.7659482359886, 86.01133012399077, 0.201190507854335]
[337.39303809404373, 85.90390861406922, 0.20056091967853718]
[335.9997190833092, 85.77299655228853, 0.1996171663631685]
[334.5858641266823, 85.61808093637228, 0.19853542535565794]
[333.147877573967, 85.438261680305, 0.19773105779313482]
[331.6837465763092, 85.23290807753801, 0.19738931428582873]
[330.1924896836281, 85.0017847046256, 0.19751588156213984]
[328.67393255233765, 84.74482654035091, 0.19787574956717435]
[327.12843030691147, 84.46253542602062, 0.19824756441812497]
[325.55715239048004, 84.15545409917831, 0.19845680149592226]
[323.9625715613365, 83.82467550039291, 0.1985929970687721]
[322.34837079048157, 83.47181034088135, 0.19866139169607777]
[320.717964053154, 83.09858436882496, 0.19890914719144348]
[319.07200318574905, 82.70660170912743, 0.19935282453661785]
[317.4083608984947, 82.29682594537735, 0.19982789857022]
[315.7238318324089, 81.8702531605959, 0.20018519369477872]
[314.0162197947502, 81.42811818420887, 0.20043542385974433]
[312.2869616150856, 80.97234104573727, 0.20040929438255262]
[310.54452604055405, 80.50665299594402, 0.19960130040999502]
[308.80024790763855, 80.03600433468819, 0.19773910369258374]
[307.064088344574, 79.56476776301861, 0.1951614908175543]
[305.329840362072, 79.0922432243824, 0.19438817120499152]
[303.59078872203827, 78.61694550514221, 0.19559768214821815]
[301.8478893041611, 78.14019592106342, 0.19683290662942454]
[300.1185791492462, 77.66769759356976, 0.19632992596598342]
[298.42705953121185, 77.20697645843029, 0.19282563508022577]
[296.76756662130356, 76.7575578391552, 0.19046101561980322]
[295.13181549310684, 76.31799283623695, 0.19073126881266944]
[293.5060160756111, 75.88606341183186, 0.19171481736702845]
[291.9108741879463, 75.46485820412636, 0.18957624095492065]
[290.36089313030243, 75.06079956889153, 0.18901772840763442]
[288.8348836302757, 74.66942769289017, 0.19058762898202986]
[287.3345021009445, 74.29012705385685, 0.19117604572238633]
[285.8625621199608, 73.92204400897026, 0.19105127831426216]
[284.41788536310196, 73.5628095716238, 0.1908074339662562]
[283.0008524656296, 73.21164076030254, 0.1905875809097779]
[281.6126189827919, 72.86862479150295, 0.19053773434211507]
[280.25337612628937, 72.53400555253029, 0.190366024224204]
[278.9215026497841, 72.20786738395691, 0.18973595526767895]
[277.61447608470917, 71.8897116780281, 0.18878791120368987]
[276.34531235694885, 71.58245684206486, 0.18805477280693594]
[275.1041786670685, 71.28342805802822, 0.1886073147179559]
[273.88515228033066, 70.99031794071198, 0.18961477256380022]
[272.69448870420456, 70.70409087836742, 0.18987855878731352]
[271.53486973047256, 70.42506837844849, 0.18985474447254092]
[270.40397983789444, 70.15291905403137, 0.19008484928053804]
[269.3006519675255, 69.88746526837349, 0.19037900218972936]
[268.22527354955673, 69.62881678342819, 0.19039736117701977]
[267.1787176132202, 69.37729031592607, 0.19015218784625176]
[266.1612994670868, 69.13298442214727, 0.18977594855823554]
[265.17384323477745, 68.89600421488285, 0.18952031128719682]
[264.2146090865135, 68.66592653095722, 0.18949877186059894]
[263.28358340263367, 68.44272188842297, 0.1895409899243532]
[262.38289165496826, 68.22688824683428, 0.1893872299187933]
[261.5125656425953, 68.01838527619839, 0.1892699876734696]
[260.67146721482277, 67.81696651130915, 0.18927746952249436]
[259.85874930024147, 67.62241587042809, 0.1893244810125907]
[259.0733432173729, 67.4344440177083, 0.18940444428517367]
[258.3162406682968, 67.25332763046026, 0.18932735643466003]
[257.59090250730515, 67.07981652766466, 0.18903438802226447]
[256.8971245586872, 66.91389741748571, 0.18877074655756587]
[256.2334795296192, 66.75512551516294, 0.18867247512753238]
[255.59934249520302, 66.60343929380178, 0.1886709819355019]
[254.99373325705528, 66.45860834419727, 0.18877308875744347]
[254.41453191637993, 66.32016966491938, 0.18901886462117545]
[253.86086013913155, 66.18785184621811, 0.1894743105804082]
[253.34297612309456, 66.06406530737877, 0.1896196111192694]
[252.87588188052177, 65.95229709893465, 0.18891037077992223]
[252.4521076977253, 65.85067357867956, 0.1888655472866958]
[252.08183120191097, 65.76229793205857, 0.1893579935131129]
[251.75262451171875, 65.6835545822978, 0.19084012595703825]
[251.45840479433537, 65.61364487931132, 0.19191905384650454]
[251.1977664977312, 65.5515048969537, 0.19227792890160345]
[250.9659320190549, 65.49611731432378, 0.1920812589378329]
[250.75832069665194, 65.44627399556339, 0.19193886505672708]
[250.56998727470636, 65.40122192166746, 0.19289517198922113]
[250.39904610812664, 65.36023709364235, 0.19338256120681763]
[250.24386988580227, 65.32323486357927, 0.19425689551280811]
[250.1040441095829, 65.2898657862097, 0.19488774333149195]
[249.97868414223194, 65.25988513883203, 0.19520919080241583]
[249.86626447737217, 65.23308599181473, 0.19551418133778498]
[249.76517935842276, 65.20905654504895, 0.19595500399009325]
[249.67458256334066, 65.18736765813082, 0.19631306157680228]
[249.5936939790845, 65.16733955126256, 0.19669764151331037]
[249.52045661956072, 65.15040429495275, 0.19738193032389972]
[249.455018915236, 65.13532150024548, 0.1979023942258209]
[249.3971158824861, 65.11988113354892, 0.1977833225100767]
[249.34379785321653, 65.10917899757624, 0.198837440344505]
[249.29675007797778, 65.09676245041192, 0.19808505498804152]
[249.25481998547912, 65.0865123285912, 0.19854591431794688]
[249.2333042686805, 65.08235047420021, 0.1966264477232471]
[249.23884272784926, 65.0840576008195, 0.19452835973061156]
[249.22869046591222, 65.08094677096233, 0.1971886563114822]
[249.1992823574692, 65.07402643072419, 0.19971037085633725]
[249.17471787100658, 65.06629776838236, 0.19913620955776423]
[249.178353426978, 65.06812474038452, 0.19442775519564748]
[249.1647221809253, 65.06431341404095, 0.19420914421789348]
[249.13108670525253, 65.0569317205809, 0.19716234609950334]
[249.07771364413202, 65.04375873506069, 0.19961309619247913]
[249.0054882913828, 65.02289545815438, 0.20152769156266004]
[248.9091815724969, 64.9997271457687, 0.20278826943831518]
[248.79235524311662, 64.96848397422582, 0.2020897339680232]
[248.6582568883896, 64.93248104862869, 0.20114464283687994]
[248.51482766121626, 64.89406111836433, 0.2006091110088164]
[248.3641055971384, 64.85301474109292, 0.20028535400342662]
[248.20179125666618, 64.80907238274813, 0.2001993429439608]
[248.0222975462675, 64.76033476181328, 0.19998448312253458]
[247.82309018820524, 64.7057329993695, 0.19907369534485042]
[247.604202196002, 64.6452129110694, 0.19857961861998774]
[247.36584132909775, 64.57898159325123, 0.19866150980669772]
[247.10859169065952, 64.50705847144127, 0.19892412651097402]
[246.83289690315723, 64.4296389259398, 0.19914651066210354]
[246.5393634736538, 64.34615356847644, 0.19893181743100286]
[246.22852864861488, 64.2572130560875, 0.19898722654033918]
[245.90084101259708, 64.16234408691525, 0.19900959905498894]
[245.557053104043, 64.06224587187171, 0.19879485892306548]
[245.1985213458538, 63.957209907472134, 0.19842411317222286]
[244.82775117456913, 63.84783263131976, 0.19819437701517018]
[244.44714638590813, 63.734852477908134, 0.1982726824353449]
[244.0561008900404, 63.61812672764063, 0.19844505930086598]
[243.65132954716682, 63.496529173105955, 0.19873514375649393]
[243.22786428034306, 63.36897447705269, 0.19890119639603654]
[242.78109303116798, 63.23352947831154, 0.19906171560796793]
[242.30633318424225, 63.089127868413925, 0.19913994702073978]
[241.798964291811, 62.93454755842686, 0.19952326407656074]
[241.254714012146, 62.768245317041874, 0.20023244264302775]
[240.67117735743523, 62.58935761451721, 0.20072850883298088]
[240.04873690009117, 62.39755620807409, 0.20120481139747426]
[239.39007139205933, 62.19375556707382, 0.20204452562029473]
[238.69799828529358, 61.97896734625101, 0.20317575812805444]
[237.97154021263123, 61.75289412587881, 0.20452516514342278]
[237.20566326379776, 61.513883262872696, 0.205572643695632]
[236.39419850707054, 61.25992092490196, 0.20591189584229141]
[235.53411984443665, 60.98985022306442, 0.20597616124268825]
[234.6253960132599, 60.70361079275608, 0.20599871754438936]
[233.66995179653168, 60.40162035822868, 0.20589603611733764]
[232.67138916254044, 60.084553718566895, 0.20553383922378998]
[231.63457190990448, 59.75373716652393, 0.2049911733774934]
[230.56437116861343, 59.41036303341389, 0.2044462695484981]
[229.4636081457138, 59.05487836897373, 0.2039508318848675]
[228.33294373750687, 58.68697050213814, 0.20351159083656967]
[227.16682940721512, 58.30447991192341, 0.2036071921029361]
[225.96343809366226, 57.90577283501625, 0.20374581310898066]
[224.7259026169777, 57.491139963269234, 0.2033436290512327]
[223.4538437128067, 57.059541925787926, 0.2031230363099894]
[222.14721542596817, 56.61010082066059, 0.20301034605654422]
[220.8054890036583, 56.1426807641983, 0.2033264366327785]
[219.43183320760727, 55.65798898041248, 0.20367416382941883]
[218.02939754724503, 55.15714755654335, 0.20385809012077516]
[216.59979730844498, 54.64136931300163, 0.2039324772940745]
[215.14275819063187, 54.111435294151306, 0.20390834873796848]
[213.65701168775558, 53.567794263362885, 0.2038524010895344]
[212.14143067598343, 53.01090893149376, 0.20375076897471445]
[210.59565043449402, 52.44122534990311, 0.20356451336556347]
[209.01998549699783, 51.85956132411957, 0.20338013373839203]
[207.4154076576233, 51.266512393951416, 0.20317365965456702]
[205.78343534469604, 50.662930607795715, 0.2029723349114647]
[204.12595534324646, 50.049575835466385, 0.20274416664324235]
[202.4451169371605, 49.427304953336716, 0.20254362439300166]
[200.73823577165604, 48.79524317383766, 0.20296457342919894]
[199.00789558887482, 48.15379500389099, 0.2030359858472366]
[197.25652647018433, 47.504387468099594, 0.20275773417961318]
[195.48282080888748, 46.84677329659462, 0.20238022384000942]
[193.6873515844345, 46.181269735097885, 0.20176142716081813]
[191.86549651622772, 45.50666505098343, 0.20173060513479868]
[190.01684176921844, 44.82237458229065, 0.20198002834513318]
[188.14182180166245, 44.12792021036148, 0.2021460713003762]
[186.2412873506546, 43.42310354113579, 0.2020774930715561]
[184.31689715385437, 42.70671409368515, 0.2017037510231603]
[182.37052941322327, 41.977621138095856, 0.2013409206556389]
[180.40413266420364, 41.23479136824608, 0.2010086218797369]
[178.41878110170364, 40.477073311805725, 0.20076034196245018]
[176.4146523475647, 39.703421235084534, 0.20058060802693944]
[174.39120316505432, 38.91325995326042, 0.20059303796915628]
[172.34762811660767, 38.10643056035042, 0.20071478300815215]
[170.2830672264099, 37.283652395009995, 0.20097129556233995]
[168.1969517469406, 36.44605955481529, 0.2012601661408553]
[166.0891604423523, 35.59482762217522, 0.20146655222924892]
[163.9599621295929, 34.73135843873024, 0.2016008565442462]
[161.8099970817566, 33.85719457268715, 0.2016956002007646]
[159.64003336429596, 32.97354283928871, 0.20178310900155338]
[157.45078945159912, 32.08127644658089, 0.20183500134953647]
[155.2427532672882, 31.18114396929741, 0.20184318461269868]
[153.01590585708618, 30.273552656173706, 0.20186090156130376]
[150.76986181735992, 29.358578771352768, 0.20190861538503668]
[148.50410270690918, 28.436363101005554, 0.2019834204511426]
[146.21834886074066, 27.506886780261993, 0.20204788035698584]
[143.9178947210312, 26.57221844792366, 0.20148661322309636]
[141.61290073394775, 25.634069204330444, 0.19948957348242402]
[139.3122638463974, 24.691963106393814, 0.19651892932597548]
[137.02362096309662, 23.745191276073456, 0.1936055321712047]
[134.74737191200256, 22.790956020355225, 0.19202397984918207]
[132.48391580581665, 21.826928555965424, 0.19167443772676052]
[130.2442742586136, 20.85579863190651, 0.19110754184657708]
[128.04928028583527, 19.88588461279869, 0.18891110504046082]
[125.89614176750183, 18.91336417198181, 0.18699631688650697]
[123.76327216625214, 17.934086441993713, 0.186592964688316]
[121.6946656703949, 16.96887183189392, 0.18472695007221773]
[119.67970180511475, 16.01360583305359, 0.1863861547317356]
[117.70027112960815, 15.063967943191528, 0.18890819803345948]
[115.75541877746582, 14.12204110622406, 0.1897316457470879]
[113.84929871559143, 13.190883845090866, 0.18966799762711162]
[111.97826665639877, 12.267920851707458, 0.18969806490349583]
[110.13489884138107, 11.34980696439743, 0.18999099226493854]
[108.33469265699387, 10.444322049617767, 0.1890980751486495]
[106.57550948858261, 9.550646901130676, 0.1884739274973981]
[104.8597804903984, 8.670806407928467, 0.18789854887290858]
[103.18821173906326, 7.805648922920227, 0.18748315554694273]
[101.55936086177826, 6.955542743206024, 0.18756637410842814]
[99.96259367465973, 6.116555690765381, 0.18874055240303278]
[98.39596331119537, 5.290227681398392, 0.18985032744240016]
[96.86605197191238, 4.48221156001091, 0.1897326366888592]
[95.37970918416977, 3.698081284761429, 0.18872935153194703]
[93.9379186630249, 2.9428643882274628, 0.18819612788320228]
[92.52684164047241, 2.2202740907669067, 0.19011566729750484]
[91.1168664097786, 1.510501503944397, 0.1918448862270452]
[89.7102136015892, 0.8234115540981293, 0.19380645389901474]
[88.32260698080063, 0.1681385040283203, 0.19410532036454242]
[86.95124346017838, -0.45599856972694397, 0.1940325258547091]
[85.59011161327362, -1.0517453253269196, 0.19440638633386698]
[84.24262768030167, -1.615494966506958, 0.19498277790262364]
[82.90892189741135, -2.149267166852951, 0.19488657475812943]
[81.59956341981888, -2.6401996463537216, 0.19515203760238364]
[80.30606836080551, -3.0936387181282043, 0.19462379859760404]
[79.01649922132492, -3.5354818403720856, 0.1915407485794276]
[77.75533628463745, -3.967626243829727, 0.18763460323680192]
[76.52403157949448, -4.397329077124596, 0.18571741093182936]
[75.30028462409973, -4.83476448059082, 0.1873823602218181]
[74.13753670454025, -5.256773769855499, 0.1862851254409179]
[73.03274375200272, -5.662454500794411, 0.18499917842564173]
[71.95382291078568, -6.062698885798454, 0.18632880609948188]
[70.90116173028946, -6.455202549695969, 0.18790369963971898]
[69.88673341274261, -6.832993865013123, 0.18849486397448345]
[68.9220966398716, -7.18547822535038, 0.1881932814430911]
[67.99066209793091, -7.511208012700081, 0.18934446369530633]
[67.06327331066132, -7.816116377711296, 0.1915938943857327]
[66.1405363380909, -8.100607678294182, 0.19262667433940805]
[65.23891001939774, -8.362025290727615, 0.1922060082142707]
[64.36203348636627, -8.601221360266209, 0.19134961641975679]
[63.508783519268036, -8.820511899888515, 0.19087919925368624]
[62.67694866657257, -9.020904034376144, 0.19128197446116246]
[61.868129044771194, -9.200958289206028, 0.19192773746908642]
[61.08084183931351, -9.359084896743298, 0.19283172936411574]
[60.31389665603638, -9.49323970079422, 0.19362473051296547]
[59.565464437007904, -9.602520942687988, 0.19402160194294993]
[58.83495929837227, -9.685771387070417, 0.1941490593198978]
[58.12236213684082, -9.741859024390578, 0.19425551965105115]
[57.42756399512291, -9.7698397571221, 0.19451918127015233]
[56.75147393345833, -9.768757915124297, 0.19504545026575215]
[56.094262927770615, -9.736769549548626, 0.19552645461953944]
[55.449837893247604, -9.678223755210638, 0.1956258448481094]
[54.81981039047241, -9.592538204044104, 0.1960274496668717]
[54.2062962949276, -9.48061079531908, 0.1964190927974414]
[53.6094696521759, -9.342482976615429, 0.19699201738694683]
[53.03038612008095, -9.178979247808456, 0.1973556847369764]
[52.47014531493187, -8.99059759825468, 0.19765763403120218]
[51.932550728321075, -8.778563290834427, 0.1977764308830956]
[48.73268869519234, -6.5257910788059235, 0.19908115512225777]
[47.062659703195095, -3.4822596311569214, 0.19842951133614406]
[46.69640523288399, -0.2316170632839203, 0.20053303852910176]
[47.466795176267624, 3.6961685121059418, 0.19910709775285795]
[49.25109887123108, 7.621487706899643, 0.19787030751467682]
[49.56366901099682, 8.16314759850502, 0.1979306628491031]
[49.89313571155071, 8.709523886442184, 0.19813071269891225]
[50.23991300165653, 9.260886877775192, 0.198359890775464]
[50.605048194527626, 9.817883133888245, 0.19871414484805427]
[50.98948772251606, 10.382100373506546, 0.19896495403372683]
[51.39234699308872, 10.956964939832687, 0.19889066651739995]
[51.813819870352745, 11.545042157173157, 0.19899305698345415]
[52.254781261086464, 12.148754864931107, 0.1993358775798697]
[52.71495068073273, 12.77106723189354, 0.19967390879173763]
[53.19327947497368, 13.415342628955841, 0.19988190388539806]
[53.689587235450745, 14.085134655237198, 0.20031089603435248]
[54.2036215364933, 14.78476369380951, 0.20054370357684093]
[54.73277738690376, 15.516742020845413, 0.2001563266676385]
[55.26746526360512, 16.273931980133057, 0.1984573684167117]
[55.79451176524162, 17.04256448149681, 0.1950348881073296]
[56.30485326051712, 17.812467396259308, 0.19080706546083093]
[56.796660348773, 18.581979602575302, 0.1876691981451586]
[57.27074249088764, 19.3528870344162, 0.18669965470326133]
[57.72697298228741, 20.126355975866318, 0.18720257497625425]
[58.16518822312355, 20.904125154018402, 0.18800484371604398]
[58.58513379096985, 21.68831741809845, 0.18840875866590068]
[58.98969309031963, 22.48619371652603, 0.18797262650332414]
[59.374703764915466, 23.295054584741592, 0.18735520355403423]
[59.72653219103813, 24.08777716755867, 0.18558231962379068]
[60.04653587937355, 24.867467939853668, 0.18461789621505886]
[60.33791987597942, 25.639508217573166, 0.18490984724485315]
[60.601400926709175, 26.405191719532013, 0.18559641775209457]
[60.836601711809635, 27.16357946395874, 0.1859999065345619]
[61.042938224971294, 27.913783192634583, 0.1859692726357025]
[61.21993999183178, 28.65495878458023, 0.18560523103224114]
[61.367073118686676, 29.386315405368805, 0.18516376141633373]
[61.483685690909624, 30.107870042324066, 0.18490139952336904]
[61.57042121142149, 30.822112381458282, 0.185052502558392]
[61.626959616318345, 31.527935028076172, 0.18528245652851183]
[61.65332647319883, 32.22321128845215, 0.1853669461215759]
[61.650173258036375, 32.90639674663544, 0.1852103353885468]
[61.61742711812258, 33.57834216952324, 0.18515701796059147]
[61.556397296488285, 34.24265977740288, 0.18565488039166667]
[61.46813992410898, 34.899079978466034, 0.18641819228651002]
[61.35414572060108, 35.54635354876518, 0.18686097432509996]
[61.21498864144087, 36.18320947885513, 0.1871688234678004]
[61.05223776400089, 36.80824053287506, 0.18734459878396592]
[60.867152132093906, 37.42021891474724, 0.1875531569166924]
[60.66043868660927, 38.01785269379616, 0.18751163645902125]
[60.43301164358854, 38.599967151880264, 0.18750932093462325]
[60.18559929728508, 39.16542774438858, 0.1875658535598177]
[59.91895438730717, 39.71287098526955, 0.18745283678435953]
[57.391883343458176, 43.169902101159096, 0.1893745692941593]
[56.996897265315056, 43.55487364530563, 0.1896560143941315]
[56.583204716444016, 43.926483660936356, 0.1896523940267798]
[52.853925704956055, 46.42348739504814, 0.19310559294535778]
[52.2769658267498, 46.70363900065422, 0.1932951500202762]
[51.678102254867554, 46.96859858930111, 0.19290944084059447]
[46.65257993340492, 48.40946700423956, 0.1892251379613299]
[45.93880984187126, 48.50964920222759, 0.1886202316673007]
[45.220399886369705, 48.586492732167244, 0.18873871699906886]
[44.499828934669495, 48.642391327768564, 0.18905826120317215]
[43.77770099043846, 48.676589865237474, 0.18884947894548532]
[43.05443465709686, 48.68863264704123, 0.188820468081758]
[42.32936969399452, 48.67861630721018, 0.18914942126139067]
[41.60214152932167, 48.64684120006859, 0.18945910489128437]
[40.87332984805107, 48.59209173358977, 0.18930255237501115]
[40.1466851234436, 48.51268983259797, 0.18817674985621125]
[39.42842933535576, 48.41228238120675, 0.1871105218597222]
[38.72246295213699, 48.293850384652615, 0.18854586244560778]
[38.02361053228378, 48.15781166404486, 0.19087905716151]
[37.32479366660118, 48.00230964273214, 0.19144271955883596]
[36.623109847307205, 47.82512879371643, 0.19079417709144764]
[35.917732417583466, 47.624984204769135, 0.190050396398874]
[35.20843988656998, 47.399192936718464, 0.18994185346673476]
[34.49230057001114, 47.14769169688225, 0.1911796680651605]
[33.771052181720734, 46.87218417227268, 0.1920525380410254]
[33.04345238208771, 46.571440294384956, 0.19241820246679708]
[32.31171402335167, 46.244722470641136, 0.1921047397190705]
[31.578824281692505, 45.891687139868736, 0.19138703169301152]
[30.846716701984406, 45.51261854171753, 0.19095304468646646]
[30.117321401834488, 45.10724438726902, 0.19080863334966125]
[29.39145189523697, 44.67772027850151, 0.1911184422497172]
[28.67130360007286, 44.22617495059967, 0.19121566924150102]
[27.9614035487175, 43.754532650113106, 0.19058212990057655]
[27.265127390623093, 43.26528762280941, 0.18990118821966462]
[26.581354558467865, 42.75890976190567, 0.1902387029840611]
[25.906638711690903, 42.23357090353966, 0.19085926460684277]
[25.23841166496277, 41.686803698539734, 0.19098927629966056]
[24.57523539662361, 41.11848962306976, 0.19106103964077192]
[23.91723334789276, 40.527294248342514, 0.19116930594464066]
[23.264039635658264, 39.9122476875782, 0.1914832630136516]
[22.615011423826218, 39.272562861442566, 0.1919086596899433]
[21.970003873109818, 38.60745391249657, 0.1923438582161907]
[21.329339563846588, 37.91621285676956, 0.1926535039092414]
[20.69334825873375, 37.198317259550095, 0.19287763247848488]
[20.062429934740067, 36.45336052775383, 0.19304350028687622]
[19.437195599079132, 35.680954933166504, 0.19314665427373257]
[18.818431109189987, 34.881332099437714, 0.19318758794906898]
[18.207550674676895, 34.05638721585274, 0.19343678322911728]
[17.60676684975624, 33.208979815244675, 0.19402163111953996]
[17.016101270914078, 32.3395890891552, 0.19473175558960065]
[16.433295160531998, 31.4447061419487, 0.19543888929183595]
[15.855051040649414, 30.51937636733055, 0.19593720200646203]
[15.279436707496643, 29.55920946598053, 0.1961292230153049]
[14.705873936414719, 28.561379611492157, 0.1963236440642504]
[14.134392470121384, 27.524111032485962, 0.19669047847855836]
[13.56556585431099, 26.4470933675766, 0.1971947705897037]
[13.00038331747055, 25.33137619495392, 0.19756360424798913]
[12.440070748329163, 24.179219722747803, 0.1978108141265693]
[11.886363089084625, 22.994216740131378, 0.1979424135715817]
[11.340689331293106, 21.78057336807251, 0.19833688487415202]
[10.806159675121307, 20.547322750091553, 0.19783482427010313]
[10.282247871160507, 19.298515379428864, 0.19670000532642007]
[9.764440268278122, 18.02663081884384, 0.19661772327162907]
[9.250668495893478, 16.72906106710434, 0.19698785130458418]
[8.73687332868576, 15.39840179681778, 0.198375528678298]
[8.218175232410431, 14.023182034492493, 0.20024653401924297]
[7.695422410964966, 12.604759693145752, 0.20113984346971847]
[7.169854283332825, 11.146230340003967, 0.2012782713463821]
[6.649007588624954, 9.665526747703552, 0.19948597473558038]
[6.145869508385658, 8.19759476184845, 0.1947048562578857]
[5.6595728546381, 6.744285464286804, 0.19050723034888506]
[5.188286378979683, 5.301010310649872, 0.18879798107082024]
[4.735332265496254, 3.877210557460785, 0.18828773035784252]
[4.310688942670822, 2.5068671107292175, 0.18586649838835]
[3.913792759180069, 1.1828720569610596, 0.18337356101255864]
[3.526835650205612, -0.15478956699371338, 0.18437592867121566]
[3.16763474047184, -1.4451131224632263, 0.1826027863426134]
[2.8387471586465836, -2.6915674209594727, 0.1839190444443375]
[2.5311413258314133, -3.9150699973106384, 0.1866539508337155]
[2.239996626973152, -5.11425906419754, 0.18790291796904057]
[1.9594510644674301, -6.2875657081604, 0.18882006930653006]
[1.6829665750265121, -7.435615003108978, 0.19023323518922552]
[1.4062701016664505, -8.553937673568726, 0.19131927614216693]
[1.126536712050438, -9.637730836868286, 0.1918895411217818]
[0.8424205332994461, -10.689243376255035, 0.19203960364757222]
[0.5514542907476425, -11.7188281416893, 0.19244147579593118]
[0.25518061220645905, -12.731051981449127, 0.19223962468095124]
[-0.03965906798839569, -13.723174035549164, 0.1908050416968763]
[-0.32511550188064575, -14.685003966093063, 0.18861777137499303]
[-0.5953129976987839, -15.609186947345734, 0.18630438519176096]
[-0.8461145460605621, -16.49237209558487, 0.18383302888832986]
[-1.0778535157442093, -17.34379768371582, 0.18321801574347774]
[-1.289807714521885, -18.167725443840027, 0.183852545771515]
[-1.480946958065033, -18.96691644191742, 0.18439704074990004]
[-1.6526483818888664, -19.758087635040283, 0.18537955486681312]
[-1.8056762963533401, -20.548143923282623, 0.1863156556210015]
[-1.9376379773020744, -21.336496978998184, 0.1866426478518406]
[-2.0464439652860165, -22.12123954296112, 0.18665754008907243]
[-2.130407314747572, -22.900614082813263, 0.18663303790140162]
[-2.188288467004895, -23.67311182618141, 0.18660420997912297]
[-2.219080320559442, -24.436616241931915, 0.18629638355923817]
[-2.222525903955102, -25.1900737285614, 0.1860713417036095]
[-2.200857591815293, -25.931436419487, 0.1859452154749306]
[-2.1532954424619675, -26.659590780735016, 0.18550221440091264]
[-2.0800909735262394, -27.373860239982605, 0.18525763668003492]
[-1.980831354856491, -28.07324716448784, 0.18511949460662436]
[-1.856306031346321, -28.757505923509598, 0.18531767776585184]
[-1.707196168601513, -29.426006495952606, 0.18550237330782693]
[-1.5332814902067184, -30.07865262031555, 0.18555474300228525]
[-1.3357559591531754, -30.714996725320816, 0.18584427686437266]
[-1.114443801343441, -31.335339456796646, 0.18606393909431063]
[-0.870661772787571, -31.939346432685852, 0.18639612520928495]
[-0.6038010865449905, -32.52722963690758, 0.18651786916598212]
[-0.31365133821964264, -33.10145691037178, 0.18689060580800287]
[0.0017647743225097656, -33.663715571165085, 0.1867014426679816]
[0.3403773605823517, -34.20969060063362, 0.1856584203778766]
[0.6986866891384125, -34.736214488744736, 0.18479644021135755]
[1.070493221282959, -35.23972004652023, 0.1855491900932975]
[1.449003428220749, -35.7122343480587, 0.18819826270919293]
[4.3367582112550735, -38.46103620529175, 0.191132227624621]
[4.838577300310135, -38.832596227526665, 0.19196313607972115]
[5.3651140332221985, -39.19469042122364, 0.19208847188565414]
[5.914510756731033, -39.54576835036278, 0.19162057792709675]
[6.4839582443237305, -39.88456593453884, 0.19148013890844595]
[11.166741847991943, -41.9112631008029, 0.1932100781123154]
[11.89112776517868, -42.128563188016415, 0.19373675268434454]
[12.643198907375336, -42.332520708441734, 0.19365450539044105]
[13.420665293931961, -42.52155622839928, 0.19339032398420386]
[14.221650391817093, -42.69398880749941, 0.19342633942869725]
[15.04444968700409, -42.84858298301697, 0.19319889752659947]
[15.885000616312027, -42.98278446495533, 0.1923164215113502]
[16.73780006170273, -43.094934575259686, 0.19158689535106532]
[17.593991577625275, -43.18624056503177, 0.19214578584069386]
[18.456331253051758, -43.25850170105696, 0.19320393705856986]
[19.33139070868492, -43.31292624771595, 0.19363662680552807]
[20.225460320711136, -43.3496674913913, 0.1936318916741584]
[21.142592400312424, -43.36829043133184, 0.19363103308569407]
[22.085435301065445, -43.36826736992225, 0.19422471462166868]
[23.056264132261276, -43.349162173457444, 0.19532758399145678]
[24.05721354484558, -43.31081896647811, 0.19645998330088332]
[25.089167535305023, -43.25327359139919, 0.1972652198455762]
[26.15197664499283, -43.17658810317516, 0.19777132738090586]
[27.243779480457306, -43.08085863292217, 0.19793600691264146]
[28.359212696552277, -42.96744690835476, 0.1980261753051309]
[29.49108362197876, -42.839459516108036, 0.19880254557938315]
[30.636628210544586, -42.7002931907773, 0.19961756761767901]
[31.788532316684723, -42.554064594209194, 0.19876090018078685]
[32.95989853143692, -42.402042746543884, 0.19830710341921076]
[34.15656006336212, -42.245228715240955, 0.19882889883592725]
[35.380557894706726, -42.085238978266716, 0.1997197805903852]
[36.63963836431503, -41.92292483896017, 0.20138929109089077]
[37.94617456197739, -41.75837843120098, 0.2035540360957384]
[39.29842746257782, -41.59313189983368, 0.20476552564650774]
[40.69340270757675, -41.42854701727629, 0.20530206264811568]
[42.125083446502686, -41.265549294650555, 0.20537038534530438]
[43.582933485507965, -41.10517544299364, 0.20552567287813872]
[45.061014890670776, -40.94760253280401, 0.20591689352295361]
[46.56351172924042, -40.79143802821636, 0.20603189088433282]
[48.098433673381805, -40.634888000786304, 0.2055489954946097]
[49.67003798484802, -40.47611431777477, 0.20471876458032057]
[51.2793704867363, -40.3133435472846, 0.20399859265307896]
[52.92580705881119, -40.144458405673504, 0.20341596839716658]
[54.60795831680298, -39.96666972339153, 0.20275680036866106]
[56.32373321056366, -39.777263820171356, 0.2019220539368689]
[58.06995904445648, -39.57399410754442, 0.20107145933434367]
[59.84178042411804, -39.35553739219904, 0.20031678321538493]
[61.63246816396713, -39.121801264584064, 0.19984326150733978]
[63.441634476184845, -38.87346714735031, 0.2004679046513047]
[65.26768392324448, -38.611145839095116, 0.20109935280925129]
[67.11176413297653, -38.336741000413895, 0.20129822961462196]
[68.97875511646271, -38.051578655838966, 0.201280004099317]
[70.86980992555618, -37.75709681212902, 0.20098685944685712]
[72.79043537378311, -37.454971224069595, 0.20145183242857456]
[74.74158126115799, -37.14615175127983, 0.2021748501865659]
[76.7232478260994, -36.831628650426865, 0.20263035620155279]
[78.73463439941406, -36.512289479374886, 0.20274256294214865]
[80.77368474006653, -36.18840992450714, 0.20252156961942092]
[82.8366402387619, -35.86025208234787, 0.20212624964187853]
[84.91896092891693, -35.527832597494125, 0.20183684230141807]
[87.01848018169403, -35.191114723682404, 0.2017738950708008]
[89.13675463199615, -34.84968562424183, 0.20182392806964344]
[91.27728307247162, -34.50296573340893, 0.20185483072464194]
[93.44300711154938, -34.15054163336754, 0.20185155015792589]
[95.63554120063782, -33.792253628373146, 0.20194338154033176]
[97.85544884204865, -33.428084179759026, 0.20214016576937865]
[100.10272431373596, -33.05812130868435, 0.20224284817959415]
[102.37623798847198, -32.681781589984894, 0.2021426624560263]
[104.67449259757996, -32.29833236336708, 0.20179090325837024]
[106.9948810338974, -31.905396580696106, 0.2010534364671912]
[109.33376574516296, -31.501938849687576, 0.2003614809073042]
[111.68830955028534, -31.08597022294998, 0.19971763328067027]
[114.05604302883148, -30.656077310442924, 0.19915335517725907]
[116.43342649936676, -30.211834460496902, 0.19838901254115626]
[118.81777215003967, -29.753990158438683, 0.19753892673179507]
[121.20580208301544, -29.284339740872383, 0.1966999803262297]
[123.593376994133, -28.805250480771065, 0.19590572497691028]
[125.97452056407928, -28.319837495684624, 0.19506330037256703]
[128.34688246250153, -27.830773442983627, 0.19455601675144862]
[130.71239137649536, -27.339195132255554, 0.19461996302561602]
[133.07265758514404, -26.84577365219593, 0.19497140467865393]
[135.42878103256226, -26.350588634610176, 0.19528618032927625]
[137.77038657665253, -25.855734899640083, 0.19476970157120377]
[140.07744026184082, -25.365193992853165, 0.192520520882681]
[142.3553922176361, -24.877058789134026, 0.19099513406399637]
[144.60730040073395, -24.390716537833214, 0.1901470332813915]
[146.81870007514954, -23.906375765800476, 0.1892543070425745]
[148.99830448627472, -23.420473620295525, 0.1896928608766757]
[151.14649093151093, -22.93157184123993, 0.19032544115907513]
[153.26277136802673, -22.440336778759956, 0.19071652049024124]
[155.35080122947693, -21.946466132998466, 0.19104195803811308]
[157.411235332489, -21.45010969042778, 0.1912404127215268]
[159.44403958320618, -20.9527635127306, 0.1914818445002311]
[161.44976449012756, -20.455111503601074, 0.1917501559073571]
[163.4278324842453, -19.958588019013405, 0.19200611581618432]
[165.375490128994, -19.464645385742188, 0.1919188951869728]
[167.29356634616852, -18.974397897720337, 0.19193913275375962]
[169.18251848220825, -18.488699853420258, 0.1919314924525679]
[171.04233247041702, -18.008293196558952, 0.1918659968432621]
[172.87351405620575, -17.534090623259544, 0.19184073654105305]
[174.67609560489655, -17.066356495022774, 0.19166155939456075]
[176.45123159885406, -16.605171903967857, 0.19142921222373843]
[178.19697135686874, -16.15049111843109, 0.1910993799683638]
[179.9138929247856, -15.70292167365551, 0.19106372479745914]
[181.6019269824028, -15.262724503874779, 0.19106705684134795]
[183.26109451055527, -14.830157831311226, 0.1910087156411464]
[184.89154744148254, -14.40505963563919, 0.1909132038927055]
[186.4933766722679, -13.9872365295887, 0.19088703939996776]
[188.06600713729858, -13.576684162020683, 0.19077544126776047]
[189.61016762256622, -13.173300832509995, 0.19075165940466832]
[191.12541353702545, -12.77692773938179, 0.19062181504705222]
[192.6116818189621, -12.387892171740532, 0.190527812417713]
[194.06973218917847, -12.006034910678864, 0.19045115675908164]
[195.4991176724434, -11.631733566522598, 0.1904147865861887]
[196.89970153570175, -11.265091091394424, 0.19037192347514065]
[198.27241170406342, -10.9058106392622, 0.19030684035169543]
[199.6163901090622, -10.554091393947601, 0.19025562711249222]
[200.9312623143196, -10.210108637809753, 0.1901409427737235]
[202.21750003099442, -9.873607605695724, 0.19004290153679904]
[203.47543323040009, -9.544302120804787, 0.18998256463964935]
[204.70407611131668, -9.22249685227871, 0.18994268296410155]
[205.90356904268265, -8.908248871564865, 0.1899378527314184]
[207.0747572183609, -8.601399391889572, 0.1900132268492598]
[208.21770805120468, -8.301952481269836, 0.1901222554515698]
[209.33123326301575, -8.010333001613617, 0.19010217211325653]
[210.41571122407913, -7.726367369294167, 0.18999650990735972]
[211.47188705205917, -7.449870005249977, 0.18994026440850575]
[212.50017821788788, -7.180724054574966, 0.189915773604298]
[213.49919456243515, -6.9193190187215805, 0.1897652249026578]
[214.46842965483665, -6.665723443031311, 0.18951772000582423]
[215.4083679318428, -6.419768154621124, 0.18930460679985117]
[216.32058078050613, -6.1811467334628105, 0.18935688747296808]
[217.2048583328724, -5.9497711434960365, 0.1894562143843359]
[218.059011220932, -5.72631861269474, 0.18934032580000348]
[218.88272523880005, -5.510800339281559, 0.18911872200988]
[219.67705887556076, -5.302923209965229, 0.1890051208611112]
[220.4437109529972, -5.102232165634632, 0.1890762609873491]
[221.1833108663559, -4.908701099455357, 0.1892021949388436]
[221.8943528532982, -4.722686968743801, 0.18921667989343405]
[222.57243499159813, -4.545397385954857, 0.18874208061606623]
[223.21957617998123, -4.3759985491633415, 0.18838842159311753]
[223.83703577518463, -4.214298881590366, 0.18837044136671466]
[224.42611047625542, -4.06001365929842, 0.18849069927819073]
[224.98772031068802, -3.9128811955451965, 0.18879193984321319]
[225.5233608186245, -3.7725531086325645, 0.18948526825988665]
[226.0298531651497, -3.6398414820432663, 0.18991639700107044]
[226.4863472133875, -3.520482614636421, 0.18894102104241028]
[226.89540822803974, -3.4137114956974983, 0.18868842985466472]
[227.2618910074234, -3.3176227435469627, 0.1893519433797337]
[227.58390294015408, -3.233061220496893, 0.19037260941695422]
[227.87162455916405, -3.1576788909733295, 0.19173292111372575]
[228.12610782682896, -3.0907658860087395, 0.19209803771809675]
[228.35169482976198, -3.031667271628976, 0.19244640582473949]
[228.5522492006421, -2.9790728334337473, 0.19254851676487306]
[228.73038691282272, -2.932234501466155, 0.19288459295057692]
[228.8896248564124, -2.8907769639045, 0.19299101788783446]
[229.03134996443987, -2.853687584400177, 0.19348949313280173]
[229.1579590663314, -2.820719700306654, 0.19416390181868337]
[229.2721067853272, -2.7908631563186646, 0.19474278218694963]
[229.37462155148387, -2.764023940078914, 0.19512989035865758]
[229.46569592878222, -2.7399681909009814, 0.19570851190655958]
[229.54668550938368, -2.7184616522863507, 0.1965866278624162]
[229.61921786889434, -2.7004193402826786, 0.19684769710875116]
[229.6831029392779, -2.682828215882182, 0.19760553448577411]
[229.74115865677595, -2.668206793256104, 0.19740730174817145]
[229.79161906801164, -2.654709312133491, 0.1985921259620227]
[229.8380042295903, -2.6435506073758006, 0.19774394028354436]
[229.87846676632762, -2.631340947933495, 0.1980782322352752]
[229.8950268975459, -2.627862191235181, 0.19728406891226768]
[229.88576180674136, -2.6307302239583805, 0.19545214209938422]
[229.8915237369947, -2.628854618407786, 0.1981945012230426]
[229.9189257323742, -2.6221834262833, 0.20018443546723574]
[229.94698653183877, -2.615296637872234, 0.19880093645770103]
[229.9330169390887, -2.6184579711407423, 0.1941587015753612]
