[4.998433811881114, -0.008672423660755157, 0.18730270239757374]
[4.995161670260131, -0.02580158691853285, 0.18898290593642741]
[4.991022608010098, -0.04710149113088846, 0.1892703577177599]
[4.984109028242528, -0.07621499430388212, 0.19175863766577095]
[4.977839706698433, -0.11395820043981075, 0.19876185525208712]
[4.971918022958562, -0.1684745755046606, 0.20505973254330456]
[4.961650975979865, -0.242237888276577, 0.2079023546539247]
[4.950814048759639, -0.33174891769886017, 0.20659461081959307]
[4.934138565324247, -0.4369237497448921, 0.20626874832669273]
[4.916844644583762, -0.5593786314129829, 0.2051133475433744]
[4.896476861089468, -0.7029659450054169, 0.20375272005912848]
[4.871677993796766, -0.8681125417351723, 0.2022040899610147]
[4.841727250255644, -1.05512323230505, 0.20129839156288654]
[4.806922176852822, -1.262783020734787, 0.19981774996267632]
[4.7666234858334064, -1.4903516173362732, 0.19945351473870687]
[4.720286386087537, -1.7368848025798798, 0.19928503820119658]
[4.667651142925024, -2.0009560585021973, 0.19923454626677994]
[4.608174066990614, -2.281157225370407, 0.1995852674008347]
[4.541654039174318, -2.5763812363147736, 0.2002410537097603]
[4.468413084745407, -2.8850114792585373, 0.20004109418368898]
[4.387790232896805, -3.205054372549057, 0.20015420658455696]
[4.300057962536812, -3.534797742962837, 0.2000871421478223]
[4.204789016395807, -3.8743218183517456, 0.19991121027851477]
[4.101454235613346, -4.224349349737167, 0.1999281726875779]
[3.9891193844377995, -4.5856471955776215, 0.20002554563325248]
[3.8670864701271057, -4.959124222397804, 0.19987627913360484]
[3.7349195182323456, -5.345464125275612, 0.19976720181875862]
[3.591809704899788, -5.745305836200714, 0.199632805553847]
[3.437439627945423, -6.160267800092697, 0.19957139412326796]
[3.270674839615822, -6.592510282993317, 0.19968127482570708]
[3.0906140208244324, -7.044755041599274, 0.20014966033340897]
[2.8964606299996376, -7.51988922059536, 0.20027078248494945]
[2.687632732093334, -8.020913362503052, 0.20017303246277152]
[2.4636310338974, -8.550351977348328, 0.20027798649971373]
[2.225378528237343, -9.108734130859375, 0.2005630980420392]
[1.9738709777593613, -9.696660608053207, 0.2013211702578701]
[1.7091598957777023, -10.317640662193298, 0.202254761592485]
[1.4306158274412155, -10.976932972669601, 0.20301624812418595]
[1.137450858950615, -11.67981880903244, 0.20354847950511612]
[0.8300413191318512, -12.42950689792633, 0.20380681832648406]
[0.5145900845527649, -13.21987870335579, 0.20264320052228868]
[0.20507876574993134, -14.027581810951233, 0.19836808601394296]
[-0.08555029332637787, -14.829962641000748, 0.1916942938696593]
[-0.35679738223552704, -15.626814305782318, 0.1867933312896639]
[-0.6090625301003456, -16.41907587647438, 0.1851705925364513]
[-0.8420437946915627, -17.207432985305786, 0.1857854988775216]
[-1.0555684491991997, -17.992522925138474, 0.1869239672087133]
[-1.2490404769778252, -18.77580749988556, 0.1875463674950879]
[-1.4229571148753166, -19.563428342342377, 0.18723848811350763]
[-1.5771271884441376, -20.3659608066082, 0.1873244432208594]
[-1.7057689428329468, -21.167926013469696, 0.1863026922219433]
[-1.8068879432976246, -21.965373247861862, 0.18553702346980572]
[-1.8801738396286964, -22.755495935678482, 0.18547812223550864]
[-1.92644676938653, -23.53635063767433, 0.18615696232882328]
[-1.9457917106337845, -24.30726757645607, 0.18635459175129654]
[-1.9374675275757909, -25.065899550914764, 0.18594066849618685]
[-1.903740994632244, -25.809516578912735, 0.18536292621865869]
[-1.8448324017226696, -26.53714409470558, 0.18476335945888422]
[-1.7613298557698727, -27.249149173498154, 0.18489053775556386]
[-1.6542762443423271, -27.9464830160141, 0.18556167380302213]
[-1.5238356068730354, -28.629282265901566, 0.18594679520174395]
[-1.3711453974246979, -29.297628700733185, 0.1861800453698379]
[-1.1963986530900002, -29.951551407575607, 0.18616565071351943]
[-0.9999703541398048, -30.5918909907341, 0.18627082462626277]
[-0.781691387295723, -31.21928507089615, 0.18639631327459938]
[-0.5392287448048592, -31.838503241539, 0.185789425537223]
[-0.2724269777536392, -32.44310873746872, 0.18535589611565229]
[0.018812477588653564, -33.030141085386276, 0.18546058316132985]
[0.3320632576942444, -33.59704518318176, 0.18592393505969085]
[0.6660677939653397, -34.14230263233185, 0.18621682206867263]
[1.0182040482759476, -34.66424426436424, 0.18658430234063417]
[1.3865907490253448, -35.162791416049004, 0.18701782572316006]
[1.7683599889278412, -35.63733170926571, 0.1872683982437593]
[4.6936791986227036, -38.34212376177311, 0.19060407429060433]
[5.152135789394379, -38.666293516755104, 0.19102047957130708]
[5.626374468207359, -38.98039050400257, 0.19147485595021863]
[6.1186792105436325, -39.28620572388172, 0.19230585449258797]
[6.630373269319534, -39.58549116551876, 0.1932464900019113]
[11.162856042385101, -41.5379818752408, 0.19513401947915554]
[11.853715717792511, -41.748950123786926, 0.1948170688265236]
[12.57194772362709, -41.95034425705671, 0.19510729108878877]
[13.31988900899887, -42.14113229513168, 0.19517098228243412]
[14.093594700098038, -42.31782168149948, 0.19429281778866425]
[14.881897270679474, -42.476914420723915, 0.1927647678530775]
[15.678262710571289, -42.617184318602085, 0.19122686312766746]
[16.473398327827454, -42.73929577320814, 0.18989260715898126]
[17.266649305820465, -42.84537003189325, 0.18920820316998288]
[18.057862162590027, -42.93644876033068, 0.1891405258611485]
[18.846430867910385, -43.01327518373728, 0.18953964830143377]
[19.632165491580963, -43.077153250575066, 0.19020986329996958]
[20.411495715379715, -43.12949928641319, 0.19060677343804855]
[21.16369777917862, -43.171222265809774, 0.1894658935489133]
[21.883258908987045, -43.19778674468398, 0.1864905640250072]
[22.57400333881378, -43.210540152620524, 0.18548935801663902]
[23.237275540828705, -43.21018394839484, 0.18583771484554745]
[23.889150023460388, -43.19896834855899, 0.18597541213966906]
[24.515973776578903, -43.17671135533601, 0.184554593230132]
[25.095618158578873, -43.144557893276215, 0.1842582782264799]
[25.645648807287216, -43.10303727723658, 0.1861582176061347]
[26.142141059041023, -43.05944969877601, 0.18720936821773648]
[26.583856374025345, -43.01579915359616, 0.1878692019963637]
[26.981417179107666, -42.97346983104944, 0.18907507313997485]
[27.353825628757477, -42.93255842477083, 0.18933791079325601]
[27.67420156300068, -42.8944353684783, 0.18946965561190154]
[27.953332617878914, -42.85877851769328, 0.19087131111882627]
[28.203133463859558, -42.82613867148757, 0.19211763358907774]
[28.42825974524021, -42.79616850242019, 0.19252679427154362]
[28.631481684744358, -42.76854923740029, 0.1927942125912523]
[28.815109699964523, -42.74267287366092, 0.1925692796430667]
[28.98096789419651, -42.719163278117776, 0.1934444121143315]
[29.131074711680412, -42.697634648531675, 0.19401244778418913]
[29.26626569777727, -42.67770056799054, 0.19441677263239399]
[29.388004809617996, -42.659623361192644, 0.19491172108973842]
[29.496974430978298, -42.64308142196387, 0.19542148659820668]
[29.59419632330537, -42.62816224526614, 0.1959495049668476]
[29.681080404669046, -42.6147672557272, 0.1957718541380018]
[29.758836440742016, -42.602602121885866, 0.19643530537723564]
[29.828957084566355, -42.59120857110247, 0.19712854648241773]
[29.891413681209087, -42.581793571822345, 0.19693628093227744]
[29.948443247005343, -42.57175550702959, 0.1976281941169873]
[29.998109079897404, -42.56439669523388, 0.19774697965476662]
[30.04422484524548, -42.5563277923502, 0.1969983202216099]
[30.080710543319583, -42.54988139960915, 0.19841451774118468]
[30.07806495996192, -42.55048443423584, 0.19546345970593393]
[30.073179093189538, -42.55123467365047, 0.19670701306313276]
[30.087259763851762, -42.54915962286759, 0.19970933650620282]
[30.121356995776296, -42.54393841070123, 0.19933379057329148]
[30.147079285234213, -42.53947576181963, 0.19717244640924037]
[30.14653432337218, -42.53894284753915, 0.19370370532851666]
[30.162422571331263, -42.536848290939815, 0.1941108065075241]
[30.198789473623037, -42.53157298290171, 0.19798935879953206]
[30.254401367157698, -42.524442366091534, 0.20020412508165464]
[30.330608565360308, -42.51443351013586, 0.2013554226141423]
[30.42904408276081, -42.50136890914291, 0.20177228679312975]
[30.54787492379546, -42.484694360755384, 0.20099912874866277]
[30.68309746682644, -42.46453376766294, 0.19976260396651924]
[30.827752612531185, -42.44140167720616, 0.1995358408021275]
[30.98089961707592, -42.416336175985634, 0.19975909776985645]
[31.147015176713467, -42.388733516447246, 0.1992819344814052]
[31.330764062702656, -42.35797097533941, 0.19885246880585328]
[31.534087978303432, -42.32322330772877, 0.19800358687643893]
[31.757126294076443, -42.28434780612588, 0.1980074682915074]
[31.99982201308012, -42.241544742137194, 0.19826350510993507]
[32.26147870719433, -42.19508708268404, 0.19839465967743308]
[32.54145210981369, -42.14531598798931, 0.19871977251023054]
[32.83913978934288, -42.092097364366055, 0.19896851170778973]
[33.15406405925751, -42.035894475877285, 0.198955667874543]
[33.48562391102314, -41.9767647664994, 0.19903904193779454]
[33.832969442009926, -41.915480241179466, 0.1990714720923279]
[34.194355204701424, -41.85223890095949, 0.19879374737138278]
[34.56729952991009, -41.787765730172396, 0.19857599466195097]
[34.94995188713074, -41.722771406173706, 0.19855706106318394]
[35.34320895373821, -41.6575593650341, 0.1986230825182247]
[35.750420331954956, -41.592072140425444, 0.19889399188105017]
[36.175587981939316, -41.52535429596901, 0.19910056155640632]
[36.622878700494766, -41.45767157897353, 0.19935181872278918]
[37.09615516662598, -41.38839463144541, 0.1996911300375359]
[37.59977397322655, -41.31745105981827, 0.20021660160273314]
[38.13802546262741, -41.2446551322937, 0.20071448555972893]
[38.7144159078598, -41.1707554012537, 0.20123858637816738]
[39.33039703965187, -41.09614500775933, 0.2017769731755834]
[39.98432180285454, -41.02246945351362, 0.20257389260223135]
[40.673385322093964, -40.950686149299145, 0.20371172012528405]
[41.39764475822449, -40.88139873370528, 0.20512611919548362]
[42.161614149808884, -40.81368428841233, 0.20626325096236542]
[42.97184365987778, -40.74726498499513, 0.20683527743676677]
[43.83312368392944, -40.68180924281478, 0.20708100179035682]
[44.747274518013, -40.61667112261057, 0.20712545290007256]
[45.71304094791412, -40.55088006705046, 0.20696108157426352]
[46.72718620300293, -40.48329259455204, 0.20643112386460416]
[47.784774363040924, -40.41226099804044, 0.20556782887433656]
[48.88029247522354, -40.33588266372681, 0.20462724583921954]
[50.00989830493927, -40.25249208509922, 0.2038275391969364]
[51.17262029647827, -40.16063067689538, 0.20324290631106123]
[52.37013167142868, -40.05891781300306, 0.20274801932100672]
[53.60979747772217, -39.94564176350832, 0.20301914153969847]
[54.886902153491974, -39.81986839324236, 0.20260763217811473]
[56.20060384273529, -39.680761374533176, 0.202216789330123]
[57.551793336868286, -39.52722392231226, 0.20215477645979263]
[58.93919116258621, -39.359301164746284, 0.20226684503722936]
[60.36258691549301, -39.176977224648, 0.20278220919135492]
[61.81772255897522, -38.980802565813065, 0.20310978723864537]
[63.30250138044357, -38.77176032215357, 0.20333500143169658]
[64.81660050153732, -38.5511017665267, 0.20343747047809302]
[66.36109149456024, -38.31993702054024, 0.20348549481241207]
[67.93724471330643, -38.07933718711138, 0.20346155063361948]
[69.54556983709335, -37.830359399318695, 0.20339993936795508]
[71.18591344356537, -37.57412676513195, 0.20336118985323992]
[72.85728925466537, -37.31151174008846, 0.20326790995022748]
[74.55831944942474, -37.04337152838707, 0.20308264357299777]
[76.28703713417053, -36.77033583819866, 0.20282189920544624]
[78.04122269153595, -36.49296489357948, 0.20253435148333665]
[79.81894242763519, -36.21159349381924, 0.20230753360374365]
[81.62366408109665, -35.9257400482893, 0.20270393483224325]
[83.45356220006943, -35.635097309947014, 0.2028805955997086]
[85.30650228261948, -35.34038035571575, 0.20255863857164513]
[87.183868765831, -35.0416222512722, 0.20225219083658885]
[89.084552526474, -34.73857054114342, 0.2015439320821315]
[91.01301795244217, -34.431640580296516, 0.20156476397096412]
[92.96944910287857, -34.12030279636383, 0.20188956256606616]
[94.9532219171524, -33.80478248000145, 0.20212082860962255]
[96.963308095932, -33.48521775007248, 0.2021769136790681]
[98.99834179878235, -33.16174313426018, 0.20217744154706452]
[101.05693662166595, -32.83415108919144, 0.20213132103071985]
[103.13833355903625, -32.501803278923035, 0.20201178329443792]
[105.2424693107605, -32.16302113234997, 0.20167005209077615]
[107.3697327375412, -31.8153954744339, 0.20110423149890266]
[109.5206333398819, -31.456263706088066, 0.20053822378395125]
[111.69535040855408, -31.08322474360466, 0.20008052354387473]
[113.89361655712128, -30.694508850574493, 0.19979904222418554]
[116.11491751670837, -30.289394944906235, 0.1997316545734975]
[118.35836946964264, -29.86805857717991, 0.19983459670038428]
[120.62296783924103, -29.43163275718689, 0.20005103723087814]
[122.90783524513245, -28.98207253217697, 0.20031169280264294]
[125.21216714382172, -28.52128605544567, 0.2005591127963271]
[127.53554940223694, -28.05081668496132, 0.2007501088301069]
[129.87798583507538, -27.57156327366829, 0.20086430710216518]
[132.2398110628128, -27.084205895662308, 0.20099903825030196]
[134.62141144275665, -26.588783606886864, 0.20107332226325525]
[137.02310585975647, -26.085278809070587, 0.2011476191219117]
[139.4450364112854, -25.57341820001602, 0.20118866030861682]
[141.8870052099228, -25.052525460720062, 0.20109303779463517]
[144.34855496883392, -24.521494150161743, 0.20087938384676818]
[146.82841849327087, -23.978052079677582, 0.20045290226698853]
[149.3259242773056, -23.42022278904915, 0.20014704492496094]
[151.83866584300995, -22.84652841091156, 0.1998911363625666]
[154.3605684041977, -22.25647982954979, 0.1991089801886119]
[156.89134740829468, -21.649905502796173, 0.19859061494935304]
[159.43187594413757, -21.027114689350128, 0.1987177007176797]
[161.9865379333496, -20.388979703187943, 0.1992821689345874]
[164.55849266052246, -19.73699450492859, 0.20022141054505482]
[167.14835274219513, -19.073653250932693, 0.201054037141148]
[169.75652706623077, -18.401073127985, 0.2016082565387478]
[172.38312649726868, -17.72110691666603, 0.2019617030164227]
[175.02788376808167, -17.034941643476486, 0.2021647765795933]
[177.69006490707397, -16.34306365251541, 0.20213835291360738]
[180.36879527568817, -15.645674496889114, 0.2020160010069958]
[183.06394922733307, -14.942570865154266, 0.20193794264559983]
[185.77525055408478, -14.23395150899887, 0.20185214817865926]
[188.50327622890472, -13.519887268543243, 0.20189517894323217]
[191.24863469600677, -12.79970708489418, 0.20183553737297188]
[194.0118284225464, -12.07410740852356, 0.20184099011930812]
[196.7930804491043, -11.3431656062603, 0.2018800719661158]
[199.5925270318985, -10.607142895460129, 0.20190050230985435]
[202.40999615192413, -9.866176843643188, 0.20190216079572565]
[205.24506330490112, -9.120505183935165, 0.2018814827879396]
[208.09716391563416, -8.370518565177917, 0.20186871783062088]
[210.96572041511536, -7.616489440202713, 0.20183435644003112]
[213.84910261631012, -6.858633458614349, 0.2016412155062426]
[216.7426471710205, -6.097391277551651, 0.20093562014517374]
[219.63981175422668, -5.332546502351761, 0.199449316423852]
[222.5342653989792, -4.563941776752472, 0.19749222858808935]
[225.42029774188995, -3.791152536869049, 0.1954610770335421]
[228.29582011699677, -3.01339191198349, 0.1940304747549817]
[231.16164934635162, -2.229831039905548, 0.1937629731027073]
[234.01864159107208, -1.4404468834400177, 0.19428959031938575]
[236.8681277036667, -0.6459507644176483, 0.19505854696035385]
[239.71144449710846, 0.15230447053909302, 0.19574518912122585]
[242.53679728507996, 0.9491017460823059, 0.19543129662633874]
[245.3275157213211, 1.7382999062538147, 0.19342222611885518]
[248.09837460517883, 2.5228201746940613, 0.19231771782506257]
[250.8333317041397, 3.297600418329239, 0.19141166686313227]
[253.52659606933594, 4.0614054799079895, 0.19097875375155127]
[256.1911150217056, 4.817243725061417, 0.1919149510213174]
[258.82648491859436, 5.5651542246341705, 0.19286405699676834]
[261.43140625953674, 6.305052787065506, 0.19354888499947265]
[264.0054438114166, 7.036813646554947, 0.19359468232141808]
[266.54668939113617, 7.759673625230789, 0.19308789618662558]
[269.05733132362366, 8.47353982925415, 0.19274533793213777]
[271.5433677434921, 9.182079136371613, 0.19252828597382177]
[273.99600207805634, 9.884167909622192, 0.19128379120957106]
[276.4074800014496, 10.580211967229843, 0.190027846256271]
[278.7941664457321, 11.276421815156937, 0.19039713381789625]
[281.1537493467331, 11.97336557507515, 0.19073735597339692]
[283.4727318286896, 12.667643308639526, 0.18970644613727927]
[285.75385320186615, 13.359092682600021, 0.18907458687317558]
[288.01374864578247, 14.051915019750595, 0.19017869903473184]
[290.2526454925537, 14.744682013988495, 0.19114897755207494]
[292.45757722854614, 15.43222239613533, 0.191249816751224]
[294.6289973258972, 16.113496869802475, 0.1914930710045155]
[296.76526725292206, 16.78752699494362, 0.1914605485071661]
[298.8653154373169, 17.453556925058365, 0.19134102512543905]
[300.93672025203705, 18.11362624168396, 0.1913645165395792]
[302.9784450531006, 18.769329756498337, 0.1910521571408026]
[304.983050763607, 19.422333508729935, 0.19000049884198233]
[306.9512712955475, 20.076709747314453, 0.1889789855631534]
[308.88333135843277, 20.734168738126755, 0.18840541347162798]
[310.7886556982994, 21.399120271205902, 0.18881935719400644]
[312.6635363101959, 22.068565219640732, 0.18944794190610992]
[314.49758499860764, 22.739337295293808, 0.18864921189378947]
[316.30706745386124, 23.41600587964058, 0.18936818320071325]
[318.09018152952194, 24.096574276685715, 0.19008701053098775]
[319.85558170080185, 24.784158259630203, 0.19097595929633826]
[321.6040277481079, 25.477749347686768, 0.19169003075512592]
[323.31059753894806, 26.16729509830475, 0.19008312525693327]
[324.97348511219025, 26.851203471422195, 0.18845485866768286]
[326.5950973033905, 27.529590725898743, 0.18792323967500124]
[328.1864109635353, 28.206487596035004, 0.18863699032226577]
[329.7575332522392, 28.885304361581802, 0.1894462623167783]
[331.2975926399231, 29.563928246498108, 0.18869456491665915]
[332.80584412813187, 30.245402932167053, 0.1871024135616608]
[334.2769656777382, 30.92813813686371, 0.1859844148857519]
[335.70627331733704, 31.612406104803085, 0.18541007191197423]
[337.1158814430237, 32.30937686562538, 0.18715264415368438]
[338.5002672672272, 33.01748511195183, 0.18792485880840104]
[339.8417174220085, 33.730722427368164, 0.1860971589339897]
[341.1530809998512, 34.457797676324844, 0.18496585900720675]
[342.44925147295, 35.20801857113838, 0.1855087464209646]
[343.72239434719086, 35.97643834352493, 0.18624151553376578]
[344.95779848098755, 36.75102946162224, 0.18636850497250634]
[346.15343821048737, 37.52759322524071, 0.18583998235408217]
[347.3167335987091, 38.30912694334984, 0.1859636021690676]
[348.4539861679077, 39.095823526382446, 0.1870097696664743]
[349.5643492937088, 39.88394168019295, 0.18778188759461045]
[350.6447162628174, 40.66917163133621, 0.18804050588369137]
[351.69613885879517, 41.45023027062416, 0.188263261661632]
[352.71783405542374, 42.224486112594604, 0.18822730992542347]
[353.7101855278015, 42.991179555654526, 0.18782420457864646]
[354.66988891363144, 43.747193932533264, 0.18737000484543387]
[355.59999537467957, 44.493654519319534, 0.1877176832931582]
[356.50392696261406, 45.23019102215767, 0.18862497710506432]
[357.3816867172718, 45.95309069752693, 0.18929936297354288]
[358.23504415154457, 46.660559326410294, 0.189768323849421]
[359.0662544667721, 47.35098823904991, 0.19017570055439137]
[359.87609151005745, 48.02247729897499, 0.19043102939758683]
[360.6639961004257, 48.673172891139984, 0.19039859258191427]
[361.43033453822136, 49.302250146865845, 0.19021757766313385]
[362.1770817041397, 49.91060483455658, 0.190244348732449]
[362.9040769338608, 50.49829363822937, 0.19030211627796234]
[363.6095950305462, 51.06392076611519, 0.1901537793528405]
[364.29435563087463, 51.60808718204498, 0.190078056263701]
[364.9586747288704, 52.13145849108696, 0.19007034223704977]
[365.6028693020344, 52.6346430182457, 0.19010447951131937]
[366.2248281240463, 53.116622030735016, 0.18979332980234176]
[366.82427874207497, 53.57744660973549, 0.18952722388348775]
[367.40158915519714, 54.01779468357563, 0.18951117218057334]
[367.9575850069523, 54.438700169324875, 0.1896662767030648]
[368.4924106001854, 54.8407796472311, 0.1897676855660393]
[369.00280702114105, 55.22230361402035, 0.18939520505955443]
[369.48827581107616, 55.583043947815895, 0.1888977680791868]
[369.9488163590431, 55.92354288697243, 0.18873613291896163]
[370.3859766870737, 56.24513682723045, 0.1893858030962292]
[370.8010859787464, 56.54929906129837, 0.19009921787073836]
[371.1951601356268, 56.83726942539215, 0.19077027004095726]
[371.5613468438387, 57.10433393716812, 0.19099507482314948]
[371.8888101130724, 57.34268015623093, 0.19098390534054488]
[372.1804440021515, 57.554345428943634, 0.1914195665231091]
[372.42805002629757, 57.7335576787591, 0.19063799118157476]
[372.641887947917, 57.888213254511356, 0.19096653076121584]
[372.830984339118, 58.024763099849224, 0.19211703579640016]
[373.0011745840311, 58.14740678295493, 0.1934290416247677]
[373.14560978114605, 58.251762595027685, 0.19306193754891865]
[373.269718632102, 58.34127423912287, 0.1931195577926701]
[373.3788846023381, 58.419773016124964, 0.19359499326674268]
[373.4755014665425, 58.48920106515288, 0.19457386166322976]
[373.56048696115613, 58.55032826028764, 0.19521738903131336]
[373.6350681744516, 58.60391707345843, 0.19562007847707719]
[373.7001754976809, 58.651161728426814, 0.19631088789901696]
[373.7596337851137, 58.69337333552539, 0.19661834414000623]
[373.8120017684996, 58.73129018396139, 0.19727692251035478]
[373.8584708031267, 58.76434532739222, 0.19744893089227844]
[373.89897121861577, 58.79349956475198, 0.19854033589945175]
[373.93490841425955, 58.81847242731601, 0.19770584438811056]
[373.9627392850816, 58.83965902402997, 0.19765606958208082]
[373.9563659350388, 58.834517270326614, 0.1951476832618937]
[373.9421531665139, 58.82622707076371, 0.1937023819773458]
[373.94292719080113, 58.82903106510639, 0.1957909845514223]
[373.9615444615483, 58.844542941078544, 0.1979835734819062]
[373.9968082308769, 58.87579263933003, 0.19954285750281997]
[374.05045592598617, 58.92425439693034, 0.2007454163976945]
[374.12247272208333, 58.989452596753836, 0.20145424986549187]
[374.2117414996028, 59.07342342659831, 0.20052927627693862]
[374.31473126262426, 59.17266411334276, 0.19944090908393264]
[374.4247640930116, 59.28152025490999, 0.1993294207532017]
[374.5384848229587, 59.39588811248541, 0.1989296851097606]
[374.65834683924913, 59.518143363296986, 0.19818058708915487]
[374.7887187898159, 59.6528849825263, 0.19786668142478447]
[374.9314791485667, 59.80491339415312, 0.19653282879153267]
[375.08578485250473, 59.97503649443388, 0.19571525856736116]
[375.25061938911676, 60.16391749680042, 0.1954999726949609]
[375.4250290244818, 60.37205284833908, 0.195796709813294]
[375.60765412449837, 60.59992837905884, 0.19567872464540415]
[375.7967597991228, 60.84767630696297, 0.19550689955212874]
[375.9908488243818, 61.115411922335625, 0.19529417020385154]
[376.1885677278042, 61.403056383132935, 0.19545954297063872]
[376.3879959657788, 61.70985835790634, 0.1950255248520989]
[376.58692955970764, 62.03540323674679, 0.194533131638309]
[376.78300492465496, 62.37755532562733, 0.19419555127387866]
[376.9734670817852, 62.73352064192295, 0.194265710624677]
[378.20328851789236, 65.93687009811401, 0.19475046628213022]
[378.33820444345474, 66.47186076641083, 0.1949849642260233]
[378.4631619416177, 67.04282134771347, 0.19562874638359062]
[378.7189353443682, 71.4019980430603, 0.1883665265777381]
[378.6612589135766, 71.95880162715912, 0.1889889070589561]
[378.5827352628112, 72.50967517495155, 0.1891075852981885]
[377.3825713172555, 76.30443884432316, 0.18832164616469527]
[375.2981788367033, 79.38668556511402, 0.1918803793787447]
[372.0191356241703, 82.12633484601974, 0.19188619265332818]
[367.6173148751259, 84.0930724516511, 0.1920184444024926]
[366.94492945075035, 84.28514992445707, 0.19178169730002992]
[361.42838552594185, 85.12803118675947, 0.1925772317845258]
[360.6424058973789, 85.16597539186478, 0.19246302308602026]
[359.84178948402405, 85.18824851699173, 0.19254354009899544]
[359.0255536735058, 85.19424942345358, 0.1926979813433718]
[358.19347709417343, 85.18401308916509, 0.19313088397029787]
[357.3449029624462, 85.15828285831958, 0.1938351710268762]
[356.47909846901894, 85.11755399778485, 0.19435853215691168]
[355.5960378944874, 85.06181954406202, 0.1945572513504885]
[354.6967566907406, 84.99147245287895, 0.19464014023469645]
[353.78299939632416, 84.90760620310903, 0.19503997461288236]
[352.8554008305073, 84.81198354437947, 0.19597704155603424]
[351.91309893131256, 84.7053479142487, 0.19663806891185232]
[350.9637640118599, 84.58909967541695, 0.19595549069344997]
[349.9965198934078, 84.46407864242792, 0.1963123610476032]
[349.00269412994385, 84.33014538139105, 0.197528371529188]
[347.9793621301651, 84.18799749016762, 0.1985939557198435]
[346.9247769713402, 84.03848648816347, 0.19960793759673834]
[345.82828748226166, 83.88193655759096, 0.20146747748367488]
[344.68615663051605, 83.71913737803698, 0.2028404549928382]
[343.5049387216568, 83.55257169902325, 0.20342610661464278]
[342.29242926836014, 83.38416299968958, 0.20401463081361726]
[341.05256819725037, 83.21456769108772, 0.204667336482089]
[339.7830970287323, 83.04288522899151, 0.20510550551989581]
[338.47819995880127, 82.86727613955736, 0.2050830789230531]
[337.13351088762283, 82.68549425154924, 0.20476558976224624]
[335.7472752928734, 82.49564269930124, 0.20441647765983362]
[334.319355905056, 82.29589593410492, 0.20414881726173917]
[332.85096061229706, 82.08486706018448, 0.20388190366793424]
[331.3448209762573, 81.86174557358027, 0.20351302110066172]
[329.8055256009102, 81.62656240165234, 0.20312940984149463]
[328.23866206407547, 81.3799304664135, 0.20278141053859144]
[326.64819872379303, 81.12300518155098, 0.20273613871904672]
[325.03430557250977, 80.85663630068302, 0.20288044353947043]
[323.3944187760353, 80.58123263716698, 0.20292221111549225]
[321.72600281238556, 80.2972050011158, 0.2028134200591012]
[320.02772480249405, 80.00520119071007, 0.20262490386812715]
[318.29938542842865, 79.7057740688324, 0.20252528716082452]
[316.54160541296005, 79.39962378144264, 0.2025067238637348]
[314.7543988227844, 79.08728595077991, 0.20261587329150643]
[312.9348590373993, 78.76842704415321, 0.2031213770096656]
[311.09098494052887, 78.4446012377739, 0.20278359338408336]
[309.2257974743843, 78.11700530350208, 0.20227963873185217]
[307.3414030075073, 77.78597438335419, 0.20189271349227056]
[305.4378953576088, 77.45212934911251, 0.2015051162816235]
[303.5101909041405, 77.11361914873123, 0.2016297884983942]
[301.5566861629486, 76.76852588355541, 0.20165609522518935]
[299.5763073563576, 76.41448505222797, 0.20128698882763274]
[297.5687106847763, 76.04883697628975, 0.2008396250603255]
[295.53435254096985, 75.66891327500343, 0.2004168047569692]
[293.4742559194565, 75.27263364195824, 0.20006174423906486]
[291.3902950286865, 74.85839381814003, 0.19970480068877805]
[289.28470385074615, 74.42576639354229, 0.1994706627301639]
[287.1597329378128, 73.97547756135464, 0.19955619667598512]
[285.01662147045135, 73.50904290378094, 0.19988524449581746]
[282.855176448822, 73.02821123600006, 0.2003057993861148]
[280.6740617752075, 72.53465954959393, 0.20066518778912723]
[278.4716182947159, 72.02980852127075, 0.2009537061167066]
[276.24647879600525, 71.51478454470634, 0.20121850610303227]
[273.99791264533997, 70.99045783281326, 0.20143970526987687]
[271.7257021665573, 70.45764949917793, 0.201578637053899]
[269.4301666021347, 69.9165815114975, 0.20160976502165795]
[267.1123379468918, 69.36717295646667, 0.2014353987397044]
[264.7737103700638, 68.80885675549507, 0.20114168099826202]
[262.4160956144333, 68.24033385515213, 0.20069048447476234]
[260.04128754138947, 67.65980589389801, 0.20015800511464477]
[257.6525661945343, 67.06525549292564, 0.19935985992196947]
[255.25525629520416, 66.45483028888702, 0.19813544576754794]
[252.85528779029846, 65.8274130821228, 0.19649813912110403]
[250.4563581943512, 65.18232667446136, 0.19503177964361385]
[248.0574153661728, 64.51881310343742, 0.19444366922834888]
[245.65661215782166, 63.8372665643692, 0.1948611237166915]
[243.25214052200317, 63.13875016570091, 0.19584574218606576]
[240.84218966960907, 62.424900114536285, 0.19692015869077295]
[238.4248527288437, 61.69745197892189, 0.1979122161574196]
[235.99942922592163, 60.95800372958183, 0.19839757033332717]
[233.575625538826, 60.20955449342728, 0.1974769317312166]
[231.16240763664246, 59.45387777686119, 0.19527832709718496]
[228.76015496253967, 58.68899616599083, 0.19335563067579642]
[226.36967432498932, 57.91275927424431, 0.19230331436847337]
[223.9918327331543, 57.123825788497925, 0.1919683430896839]
[221.62695491313934, 56.32203617691994, 0.1921089335155557]
[219.27484738826752, 55.50833973288536, 0.19252785778371617]
[216.93385982513428, 54.684329122304916, 0.19318003876833245]
[214.60146927833557, 53.851899832487106, 0.1939960920426529]
[212.27524435520172, 53.01306509971619, 0.19484831136651337]
[209.9528660774231, 52.169519156217575, 0.19562824824242853]
[207.63238108158112, 51.32252165675163, 0.19627930119168013]
[205.31129622459412, 50.47239425778389, 0.19689543047570623]
[202.98480796813965, 49.61796575784683, 0.19776763147092424]
[200.65272629261017, 48.75939020514488, 0.19828445046732668]
[198.31495547294617, 47.89695817232132, 0.19859891466330737]
[195.97176504135132, 47.03088241815567, 0.19869360551820137]
[193.62565076351166, 46.16234079003334, 0.19838719900872093]
[191.27735352516174, 45.292338609695435, 0.1980336925626034]
[188.927596449852, 44.42130333185196, 0.19786219977686414]
[186.57756745815277, 43.54747676849365, 0.1974119396181777]
[184.22629761695862, 42.66776916384697, 0.19729049506531737]
[181.87363862991333, 41.77995300292969, 0.1972670686964193]
[179.51830327510834, 40.882133066654205, 0.1972385153385403]
[177.1593598127365, 39.97236633300781, 0.1972194613845204]
[174.79556453227997, 39.04996344447136, 0.19754391779133584]
[172.42657661437988, 38.11431357264519, 0.19776904009631835]
[170.0499587059021, 37.166724532842636, 0.1985828624747228]
[167.6643179655075, 36.208008855581284, 0.19935929492930882]
[165.26831531524658, 35.239248275756836, 0.1999465603439603]
[162.86105906963348, 34.261417239904404, 0.20034732027852442]
[160.4421136379242, 33.27528065443039, 0.2005755582358688]
[158.0133183002472, 32.2824187874794, 0.2003876848029904]
[155.5838418006897, 31.286853224039078, 0.19923270971048623]
[153.16325402259827, 30.292792439460754, 0.19726026011630893]
[150.75405514240265, 29.30119201540947, 0.19558545970357955]
[148.3559433221817, 28.307366132736206, 0.19412961782654747]
[145.96718108654022, 27.313541561365128, 0.19453794494620524]
[143.58978235721588, 26.318869590759277, 0.19476478783508355]
[141.2425935268402, 25.32712495326996, 0.19330486317630857]
[138.93784701824188, 24.33821991086006, 0.19067688391078264]
[136.66895234584808, 23.347299188375473, 0.18943571473937482]
[134.40798449516296, 22.341174483299255, 0.19047952476830687]
[132.19472062587738, 21.34097731113434, 0.1896825485455338]
[130.0358840227127, 20.34650892019272, 0.1897083647636464]
[127.91559374332428, 19.351313561201096, 0.19027202072902583]
[125.84004950523376, 18.363405227661133, 0.1903501855704235]
[123.8155415058136, 17.38869246840477, 0.19042823491327]
[121.82772564888, 16.424355655908585, 0.1916092918254435]
[119.86022162437439, 15.465096205472946, 0.19253726111492142]
[117.92186921834946, 14.515577286481857, 0.19254798139445484]
[116.02833378314972, 13.582468271255493, 0.19132995646214113]
[114.16857123374939, 12.659231662750244, 0.19086918848915957]
[112.34272170066833, 11.745261043310165, 0.1907924971887951]
[110.5518729686737, 10.840846300125122, 0.19101627402415033]
[108.79666930437088, 9.947769701480865, 0.1912887410580879]
[107.07860565185547, 9.06957557797432, 0.1910872719308827]
[105.39344793558121, 8.20924299955368, 0.19107383268419653]
[103.74477618932724, 7.383303880691528, 0.19155737727123778]
[102.11362916231155, 6.572699815034866, 0.19129761820659041]
[100.50470125675201, 5.777222722768784, 0.1908496604009997]
[98.91242319345474, 4.990230202674866, 0.19133740494726226]
[97.33774358034134, 4.210988104343414, 0.191901288140798]
[95.80271875858307, 3.451813042163849, 0.19069965253584087]
[94.3042414188385, 2.7144248485565186, 0.19016789537272416]
[92.83732414245605, 2.00496906042099, 0.19149076379835606]
[91.38392043113708, 1.3210281133651733, 0.19324474612949416]
[89.92972773313522, 0.6566255688667297, 0.19473391718929633]
[88.49039459228516, 0.02149328589439392, 0.1942495250259526]
[87.07324743270874, -0.5827564895153046, 0.19318188622128218]
[85.67713743448257, -1.1581928133964539, 0.19256924837827682]
[84.30584579706192, -1.7047954201698303, 0.19240710863959976]
[82.95711863040924, -2.2212368845939636, 0.1932733142748475]
[81.62741369009018, -2.705917313694954, 0.193771361358813]
[80.31888604164124, -3.1721975058317184, 0.19161182711832225]
[79.03753066062927, -3.6264809668064117, 0.18854665919207036]
[77.7725059390068, -4.080360129475594, 0.1876165581852547]
[76.54157662391663, -4.528350725769997, 0.18746506424213294]
[75.36289942264557, -4.9631205052137375, 0.18651848172885366]
[74.2197345495224, -5.389214962720871, 0.18724617833504453]
[73.10258781909943, -5.808191820979118, 0.18829271939466707]
[72.02297842502594, -6.213876485824585, 0.18879763779114]
[70.97943985462189, -6.60398268699646, 0.18936715860036202]
[69.97506949305534, -6.970241084694862, 0.18984306606580503]
[68.98813226819038, -7.313936427235603, 0.19144734990550205]
[68.0101207792759, -7.636081635951996, 0.19305388448992744]
[67.04313984513283, -7.936786457896233, 0.19348771553995903]
[66.098393201828, -8.215667799115181, 0.1925066385883838]
[65.18377488851547, -8.472263440489769, 0.19121297117089853]
[64.29745188355446, -8.707879804074764, 0.1908394445781596]
[63.43804308772087, -8.923035271465778, 0.1910867551487172]
[62.6039924621582, -9.117143005132675, 0.19166872359346598]
[61.79374471306801, -9.2894526720047, 0.19226572327897884]
[61.005172818899155, -9.439112097024918, 0.19275602680863813]
[60.230464935302734, -9.565602824091911, 0.1934731215587817]
[59.48157465457916, -9.665568590164185, 0.19299645186401904]
[58.75307351350784, -9.738758500665426, 0.1932581172150094]
[58.04110270738602, -9.78512073867023, 0.1940971229923889]
[57.34722998738289, -9.803937728051096, 0.19489537677145563]
[56.67205309867859, -9.794169799424708, 0.19562671592575498]
[56.014816492795944, -9.75461812876165, 0.19594184642119217]
[55.36982625722885, -9.688883066177368, 0.19589316331985174]
[54.74025982618332, -9.596451587975025, 0.1960738185880473]
[54.12702518701553, -9.478190004825592, 0.19650859851390123]
[53.53059485554695, -9.3342175334692, 0.19722705960157327]
[52.95169973373413, -9.164903700351715, 0.1977235062076943]
[52.391750544309616, -8.970887877047062, 0.1978409980692959]
[51.85504370927811, -8.753698021173477, 0.1977665188605897]
[48.65953674912453, -6.457318797707558, 0.19911081521422602]
[47.01242057606578, -3.3730533868074417, 0.19699039639090188]
[46.67452073097229, -0.12013497948646545, 0.20100881667167414]
[47.39014495909214, 3.559295266866684, 0.19936497850721935]
[49.14433589577675, 7.494535386562347, 0.19760516728274524]
[49.452049911022186, 8.032553166151047, 0.1976634485035902]
[49.77494303882122, 8.573466390371323, 0.1978893618361326]
[50.114564657211304, 9.11831870675087, 0.19806427972434903]
[50.47207519412041, 9.668335199356079, 0.1983422198682092]
[50.8482256680727, 10.224966078996658, 0.19860903339576907]
[51.24295061826706, 10.791520416736603, 0.19876629892678466]
[51.656954765319824, 11.370832294225693, 0.1989386226850911]
[52.090307146310806, 11.965405970811844, 0.19914977620646823]
[52.54285769164562, 12.577628523111343, 0.1992981345829321]
[53.013368755578995, 13.209754705429077, 0.19940774964925367]
[53.500840321183205, 13.864382147789001, 0.1998675413778983]
[54.00483277440071, 14.545314699411392, 0.2003118083521258]
[54.52409425377846, 15.25672847032547, 0.2002725031634327]
[55.05369687080383, 15.99843743443489, 0.19936459232121706]
[55.58321222662926, 16.759497046470642, 0.19716797559522092]
[56.10097724199295, 17.527711182832718, 0.19333023484796286]
[56.60076032578945, 18.295737713575363, 0.18929376685991883]
[57.082656159996986, 19.06473544239998, 0.18702944123651832]
[57.54678010940552, 19.835995227098465, 0.18685739528154954]
[57.992886662483215, 20.611132830381393, 0.18757528183050454]
[58.42087598145008, 21.392070710659027, 0.18816644698381424]
[58.831518203020096, 22.182217836380005, 0.18808367816382088]
[59.2267891317606, 22.989855736494064, 0.18748153501655906]
[59.59262402355671, 23.78893232345581, 0.18628603278193623]
[59.925147354602814, 24.572434782981873, 0.18483758438378572]
[60.22832652926445, 25.347302109003067, 0.18479090854816604]
[60.50364550948143, 26.115875512361526, 0.18538432923378423]
[60.750694409012794, 26.87699520587921, 0.18590545740153175]
[60.969083316624165, 27.629840821027756, 0.18599795892657767]
[61.15827352553606, 28.373923361301422, 0.18573221610859036]
[61.31760346889496, 29.108154207468033, 0.18535069416975603]
[61.44683664664626, 29.832209676504135, 0.18500669462082442]
[61.545837718993425, 30.54810866713524, 0.18490392033709213]
[61.6144229080528, 31.25642740726471, 0.18505485315836268]
[61.65318599157035, 31.955235093832016, 0.18528315131698037]
[61.66182162088808, 32.642574459314346, 0.18518472932919394]
[61.64117697905749, 33.31814977526665, 0.18524664486176334]
[61.59115094318986, 33.98509082198143, 0.18542284271825338]
[61.51353194564581, 34.64417526125908, 0.1861428478732705]
[61.40924717113376, 35.29426848888397, 0.1866554940934293]
[61.27981363236904, 35.934026062488556, 0.18712345117819495]
[61.126080103218555, 36.56238532066345, 0.18728618526802165]
[60.949851743876934, 37.17794781923294, 0.18750729353632778]
[60.75197359919548, 37.77972477674484, 0.18752814726394718]
[60.53319043666124, 38.36636397242546, 0.1875584647314099]
[60.29416012763977, 38.93698811531067, 0.18754880306551058]
[60.0358579903841, 39.49017536640167, 0.18757766391718178]
[59.758438512682915, 40.02496522665024, 0.18744503676862223]
[57.16762116551399, 43.39888121187687, 0.1898579137341585]
[56.75914505124092, 43.779231160879135, 0.18976243252836866]
[56.32988020777702, 44.14727966487408, 0.19015962205594406]
[52.47503110766411, 46.62089014053345, 0.19333129603182897]
[51.878989934921265, 46.89325004816055, 0.19302605418488383]
[51.25810292363167, 47.15063287317753, 0.19246448333433364]
[46.15450167655945, 48.49371814355254, 0.18888421477458905]
[45.435625076293945, 48.57688660174608, 0.1886103609657539]
[44.714508682489395, 48.63895272091031, 0.1890257478080457]
[43.99262300133705, 48.679320799186826, 0.18876204057596624]
[43.271120101213455, 48.69762001046911, 0.1885205231665168]
[42.549564093351364, 48.693886019289494, 0.18872242940415163]
[41.827039539813995, 48.668178929015994, 0.18911653026589192]
[41.10282760858536, 48.62071914412081, 0.18938412895658985]
[40.37652397155762, 48.54874776303768, 0.1890419758419739]
[39.64827147126198, 48.45384706184268, 0.1895309809478931]
[38.91790899634361, 48.337870229035616, 0.1901422375376569]
[38.18518781661987, 48.19963148236275, 0.19018020871044428]
[37.449884444475174, 48.038586273789406, 0.19030869667767547]
[36.71010375022888, 47.85332087427378, 0.19063229314633645]
[35.96887445449829, 47.64414708316326, 0.1906843328042669]
[35.227496951818466, 47.409878470003605, 0.19034813095640857]
[34.48666036128998, 47.150268241763115, 0.1903481535264291]
[33.74716833233833, 46.867067247629166, 0.19053332053226768]
[33.00965914130211, 46.55965277552605, 0.1904137251112843]
[32.274825036525726, 46.22825554013252, 0.19034936325624585]
[31.543103069067, 45.873188242316246, 0.19036702071025502]
[30.81523784995079, 45.49458020925522, 0.19038723319681594]
[30.092218309640884, 45.09206311404705, 0.19020909569371725]
[29.374381691217422, 44.66694018244743, 0.1904396089084912]
[28.66245698928833, 44.219579234719276, 0.19041131708581815]
[27.956580460071564, 43.750478744506836, 0.1904107822883816]
[27.25714212656021, 43.25934852659702, 0.19044542457686475]
[26.56420522928238, 42.74641552567482, 0.19046509673353285]
[25.87790334224701, 42.211568504571915, 0.19056620112132805]
[25.19859978556633, 41.654455959796906, 0.1906411348390975]
[24.526268512010574, 41.07560461759567, 0.19075736040394986]
[23.861041486263275, 40.47483193874359, 0.190883166360436]
[23.203007072210312, 39.85204231739044, 0.19101878427682095]
[22.55234006047249, 39.2070406973362, 0.19113850230860407]
[21.90907084941864, 38.539690881967545, 0.19134812609263463]
[21.273208737373352, 37.8497856259346, 0.19161864402121864]
[20.644857466220856, 37.136947214603424, 0.19188236574700568]
[20.023975431919098, 36.40086513757706, 0.19216915943252388]
[19.410415410995483, 35.64098113775253, 0.19255118811270222]
[18.80375447869301, 34.85659021139145, 0.19293032807763666]
[18.20358243584633, 34.04655638337135, 0.19333069953427184]
[17.609289586544037, 33.20954364538193, 0.19384147398523055]
[17.02023673057556, 32.34401485323906, 0.19442035822430626]
[16.43588611483574, 31.4481999874115, 0.19496077270014212]
[15.855953991413116, 30.520577698946, 0.19544158897770103]
[15.280299574136734, 29.559938967227936, 0.19588082024711184]
[14.708857208490372, 28.565081477165222, 0.19624441613268573]
[14.141710996627808, 27.535305321216583, 0.1965804509818554]
[13.579185128211975, 26.470671594142914, 0.1968999191740295]
[13.021759808063507, 25.371857166290283, 0.19736173703859095]
[12.469722270965576, 24.239318370819092, 0.19768176492652856]
[11.923034757375717, 23.073137164115906, 0.1979663952224655]
[11.385010004043579, 21.880383670330048, 0.19728675117949024]
[10.856670945882797, 20.66686302423477, 0.19614793654181994]
[10.334783673286438, 19.427953481674194, 0.19616348446288612]
[9.818027824163437, 18.16295474767685, 0.19664578617084771]
[9.302729576826096, 16.866282045841217, 0.19799650751519948]
[8.783517450094223, 15.526585936546326, 0.1998576950863935]
[8.261518567800522, 14.145806908607483, 0.2006503688171506]
[7.738210678100586, 12.728177011013031, 0.20097546772740316]
[7.215467303991318, 11.278634905815125, 0.20122851015185006]
[6.6979332864284515, 9.809328973293304, 0.20040524192154408]
[6.1966985166072845, 8.349412083625793, 0.19625524315051734]
[5.7139986753463745, 6.911080896854401, 0.1909398220013827]
[5.25328417122364, 5.505455732345581, 0.1858874310273677]
[4.808184057474136, 4.110453367233276, 0.1858820934430696]
[4.381020575761795, 2.732072412967682, 0.18754919909406453]
[3.963859647512436, 1.3538241982460022, 0.18618167063686997]
[3.5814961045980453, 0.04393821954727173, 0.1826513228006661]
[3.2331610918045044, -1.2099485993385315, 0.18267082067904994]
[2.908202886581421, -2.441604256629944, 0.1849862323142588]
[2.598271682858467, -3.661503493785858, 0.18690070032607764]
[2.3003820925951004, -4.856303095817566, 0.18866674683522433]
[2.0114865899086, -6.018870532512665, 0.18958982307231054]
[1.7269317954778671, -7.149009525775909, 0.19031254542642273]
[1.4427349269390106, -8.24502843618393, 0.1911044261069037]
[1.1564278602600098, -9.303512930870056, 0.19155038009921554]
[0.8660733997821808, -10.328104376792908, 0.1915987938282342]
[0.5657752603292465, -11.336415767669678, 0.19185727754666004]
[0.2617500126361847, -12.314640372991562, 0.19087996310554445]
[-0.041922181844711304, -13.269906789064407, 0.19018021094962023]
[-0.3363458067178726, -14.198452562093735, 0.18873776786495]
[-0.6121301800012589, -15.083749651908875, 0.18602859624661505]
[-0.8678880035877228, -15.928691893815994, 0.18430164107121527]
[-1.1056890338659286, -16.746752738952637, 0.18439083329576533]
[-1.325918547809124, -17.546938806772232, 0.184967529217829]
[-1.5294808894395828, -18.341112166643143, 0.18539277923991904]
[-1.7128731608390808, -19.12380638718605, 0.18550945253809914]
[-1.8723306953907013, -19.89499518275261, 0.18553649036039133]
[-2.010835647583008, -20.662709712982178, 0.18643241847166792]
[-2.1267258934676647, -21.426709413528442, 0.18683360224531498]
[-2.2188313007354736, -22.185634970664978, 0.18687582497204858]
[-2.286159308627248, -22.937593698501587, 0.1867622347708675]
[-2.3282954450696707, -23.681414425373077, 0.1865616627401323]
[-2.344332840293646, -24.415879398584366, 0.18602216264116578]
[-2.3339960454031825, -25.139498949050903, 0.18583477768333978]
[-2.2998783607035875, -25.850753396749496, 0.18596164254086034]
[-2.241388898342848, -26.548866748809814, 0.18581973664549878]
[-2.1583499535918236, -27.233455926179886, 0.18560685972624924]
[-2.051463585346937, -27.903843820095062, 0.1856957963827881]
[-1.9204686358571053, -28.559745341539383, 0.18578276888729306]
[-1.7661979645490646, -29.20069694519043, 0.18604885756212752]
[-1.5885452702641487, -29.826499044895172, 0.1862427124287933]
[-1.3876844570040703, -30.437009781599045, 0.1863474279671209]
[-1.1640435829758644, -31.03186857700348, 0.18655705238052178]
[-0.9180508404970169, -31.61085021495819, 0.18678917201032164]
[-0.6502663940191269, -32.173119217157364, 0.18677317190304166]
[-0.36134055256843567, -32.71776595711708, 0.18682315377463965]
[-0.0507214218378067, -33.247086733579636, 0.18735646866844036]
[0.2827020436525345, -33.76328772306442, 0.18804764992091805]
[0.6376259922981262, -34.264613062143326, 0.18861971751903184]
[1.012207105755806, -34.74946777522564, 0.18892571855394635]
[4.161376982927322, -37.80193804204464, 0.19031383216497488]
[4.584335744380951, -38.13730491697788, 0.19057318646810018]
[5.004085525870323, -38.4619200527668, 0.19107003160752356]
[5.421017736196518, -38.77758751809597, 0.1914600167365279]
[5.83538906276226, -39.085595697164536, 0.1917500183772063]
[6.2354423850774765, -39.37823177874088, 0.191746558615705]
[6.59375473856926, -39.63631332665682, 0.18992024252656847]
[6.92932416498661, -39.8779856339097, 0.18801103567238897]
[7.232575833797455, -40.091630302369595, 0.18727512372424826]
[7.488526210188866, -40.268477611243725, 0.18941452680155635]
[7.7129015401005745, -40.42193389683962, 0.19168210553471]
[7.912847183644772, -40.558204367756844, 0.1924234641774092]
[8.093621164560318, -40.680755868554115, 0.1927646105759777]
[8.257744364440441, -40.791438080370426, 0.19275197390743415]
[8.405985720455647, -40.890649661421776, 0.19323549373075366]
[8.540859803557396, -40.98064707219601, 0.19335424387827516]
[8.662627212703228, -41.061763267964125, 0.19365457050298573]
[8.77274727076292, -41.13481605052948, 0.1941456465867759]
[8.87166939675808, -41.200200486928225, 0.19477898455807008]
[8.960455629974604, -41.25861556455493, 0.19537637344910763]
[9.040156561881304, -41.310844611376524, 0.19589991102111526]
[9.111672356724739, -41.357707876712084, 0.19627017463790253]
[9.175451749935746, -41.40011053904891, 0.19672551118128467]
[9.23290629684925, -41.436457162722945, 0.19700821363949217]
[9.284102188423276, -41.47088391147554, 0.19742438204411883]
[9.329369587823749, -41.499070424586535, 0.1977418455062434]
[9.370678486302495, -41.52704327274114, 0.19811631730408408]
[9.407117076218128, -41.54941088054329, 0.1979327267181361]
[9.421590073383413, -41.559388222172856, 0.19656716857571155]
[9.413806352531537, -41.55436428030953, 0.19420861423714086]
[9.418373288121074, -41.55779046844691, 0.19675732380710542]
[9.442036429420114, -41.573126506991684, 0.19917028467170894]
[9.475311759859324, -41.594199982471764, 0.2000824078277219]
[9.47530258167535, -41.593266141135246, 0.19578211288899183]
[9.474672523560002, -41.593012568424456, 0.19260571396443993]
[9.491100852377713, -41.603403594810516, 0.1927075582643738]
[9.526449520140886, -41.619135949760675, 0.1935918614617549]
[9.579030361026525, -41.64515315275639, 0.19591877609491348]
[9.65614728629589, -41.67245238739997, 0.19737434887792915]
[9.75137261301279, -41.71498750708997, 0.2002265058690682]
[9.868298318237066, -41.75995255820453, 0.19939219169464195]
[9.99881025403738, -41.810509007424116, 0.19885012379381806]
[10.13903633505106, -41.862069357186556, 0.19850350888737012]
[10.289314113557339, -41.91553383693099, 0.19802004771190695]
[10.453863948583603, -41.97212619148195, 0.19755796369281597]
[10.636911697685719, -42.03230078704655, 0.19660019199363887]
[10.839972518384457, -42.09557206556201, 0.19613145262701437]
[11.06353547424078, -42.16103953868151, 0.19546681622159667]
[11.307164825499058, -42.22798803821206, 0.19558933682128554]
[11.57008472084999, -42.29551102593541, 0.19586117767903488]
[14.087131097912788, -42.72916838899255, 0.19615356076974422]
[14.474864467978477, -42.76837977953255, 0.1965287810890004]
[14.875641658902168, -42.804172625765204, 0.19682737831317354]
[18.605027467012405, -42.93153631326277, 0.1986839413002599]
[19.23362296819687, -42.924914345145226, 0.19991511368425563]
[19.89890941977501, -42.91290710354224, 0.20155565661843866]
[20.604476004838943, -42.89483688864857, 0.20232697753817774]
[21.35359075665474, -42.870020744390786, 0.20240375145840517]
[22.148713022470474, -42.83809470385313, 0.20303205423988402]
[22.9914910197258, -42.79892824962735, 0.20427947456482798]
[23.882457375526428, -42.75243207812309, 0.2052867241727654]
[24.819719076156616, -42.69894006662071, 0.20574539199878927]
[25.800101339817047, -42.63864473439753, 0.20579896718663804]
[26.821679413318634, -42.57142762094736, 0.20565685514884535]
[27.88347339630127, -42.49611972644925, 0.20523841130489018]
[28.985191345214844, -42.412760466337204, 0.2047833567194175]
[30.126235842704773, -42.32206258177757, 0.20428792794700712]
[31.305089116096497, -42.22417323663831, 0.20347043077345006]
[32.524983525276184, -42.11895635724068, 0.20342465346038807]
[33.784964859485626, -42.00598133727908, 0.20369310909154592]
[35.07964825630188, -41.88621135056019, 0.20359349153295625]
[36.408012211322784, -41.76051675528288, 0.2036215342086507]
[37.76994299888611, -41.62940238416195, 0.2036974188304157]
[39.16721457242966, -41.4936201646924, 0.20426942926133052]
[40.59935128688812, -41.35328283905983, 0.20481897352146916]
[42.06635344028473, -41.20849399268627, 0.2049835932921269]
[43.56830459833145, -41.05966705828905, 0.20488139773078728]
[45.10494512319565, -40.907307013869286, 0.20464696678391192]
[46.675656735897064, -40.75182497501373, 0.2044173697795486]
[48.279336750507355, -40.59342158585787, 0.20417410891968757]
[49.914692878723145, -40.43158447742462, 0.2037682491936721]
[51.58004629611969, -40.264945074915886, 0.20316402683965862]
[53.273838102817535, -40.09165075421333, 0.20246768021024764]
[54.9946511387825, -39.909240528941154, 0.20177704672096297]
[56.74132567644119, -39.715171344578266, 0.20104791794437915]
[58.512906432151794, -39.507345005869865, 0.200390091718873]
[60.30961900949478, -39.28413037955761, 0.20010123172141903]
[62.135543525218964, -39.044363513588905, 0.20055237857741304]
[63.984430849552155, -38.788407042622566, 0.20050906462347484]
[65.8559610247612, -38.51795709133148, 0.2003662167226139]
[67.749835729599, -38.234588742256165, 0.20038734596164431]
[69.66596508026123, -37.940993785858154, 0.20044847528333776]
[71.60764527320862, -37.63847440481186, 0.20106070916517638]
[73.57436579465866, -37.328981041908264, 0.2017137641669251]
[75.56599199771881, -37.01398731768131, 0.20212436599831562]
[77.5823426246643, -36.69453842937946, 0.2023071802323102]
[79.62342071533203, -36.37099081277847, 0.2023254176692717]
[81.68920981884003, -36.0430192053318, 0.20223816614452517]
[83.77971184253693, -35.710122257471085, 0.20215786737207964]
[85.89495503902435, -35.37171219289303, 0.2020143093977822]
[88.03481781482697, -35.02752776443958, 0.20194894308588118]
[90.19914782047272, -34.67756924033165, 0.20196670342011203]
[92.38769364356995, -34.32207855582237, 0.2020430051634321]
[94.60006928443909, -33.96117630600929, 0.2020517942069091]
[96.83581972122192, -33.59495583176613, 0.2019797198336164]
[99.09444761276245, -33.22365286946297, 0.20189120265786187]
[101.37529110908508, -32.84693421423435, 0.20179150811236468]
[103.67800629138947, -32.46429009735584, 0.2016604974778602]
[106.00217795372009, -32.07277147471905, 0.20107815400115214]
[108.3473333120346, -31.67109778523445, 0.20061778736999258]
[110.71269679069519, -31.256964564323425, 0.2001196837227326]
[113.09773230552673, -30.82830035686493, 0.1996282264299225]
[115.50170421600342, -30.38369672000408, 0.19929639105976094]
[117.9238908290863, -29.92301258444786, 0.19931359494148637]
[120.36382818222046, -29.44704294204712, 0.19959066796582192]
[122.82106578350067, -28.957471907138824, 0.19998211759957485]
[125.29568660259247, -28.456332474946976, 0.20062129339203238]
[127.78773069381714, -27.945278495550156, 0.20108329961658455]
[130.29819858074188, -27.42542627453804, 0.2014733258401975]
[132.82223272323608, -26.898643285036087, 0.20130644259916153]
[135.35856878757477, -26.365745425224304, 0.20085830420430284]
[137.90817046165466, -25.826679289340973, 0.20064355967770098]
[140.47213459014893, -25.28070056438446, 0.20059776544258057]
[143.05593240261078, -24.72549518942833, 0.2007628541800841]
[145.6589653491974, -24.15839859843254, 0.20067719516373472]
[148.28024852275848, -23.578069388866425, 0.20050881039060187]
[150.918523311615, -22.98248928785324, 0.20013789580843877]
[153.57231533527374, -22.370100438594818, 0.19970524060772732]
[156.23614513874054, -21.741626739501953, 0.19916249459492974]
[158.90290713310242, -21.09890240430832, 0.19835144863463938]
[161.57399117946625, -20.442549407482147, 0.1980225715051347]
[164.25176644325256, -19.77373445034027, 0.1983542999951169]
[166.93847513198853, -19.094017326831818, 0.19900747798965313]
[169.63610935211182, -18.404880225658417, 0.19962476161890663]
[172.34615540504456, -17.70774555206299, 0.20015514554688707]
[175.06994247436523, -17.003649711608887, 0.20057500097027514]
[177.80815637111664, -16.293420761823654, 0.20081774538266473]
[180.56108045578003, -15.577267825603485, 0.20095890593074728]
[183.32872891426086, -14.856065303087234, 0.20109759947445127]
[186.11057579517365, -14.130154401063919, 0.20108061774089947]
[188.90566194057465, -13.400036692619324, 0.20102668244362576]
[191.71276223659515, -12.666328817605972, 0.20101621678986703]
[194.53121948242188, -11.929515182971954, 0.20110034129174892]
[197.36136531829834, -11.18976977467537, 0.20117604554798163]
[200.20430445671082, -10.446687817573547, 0.20120528000097693]
[203.06146216392517, -9.699815154075623, 0.20126923547286424]
[205.93409192562103, -8.948685079813004, 0.20132041460692562]
[208.8230459690094, -8.193066745996475, 0.20146129946078872]
[211.72890663146973, -7.432809472084045, 0.20161145530437352]
