[4.994868312205654, -0.01775680691935122, 0.18186276499181986]
[4.995616756612435, -0.016953025362454355, 0.1803919905796647]
[4.995238591418456, -0.01457492308691144, 0.18248169132857583]
[4.995264178749494, -0.013394298672210425, 0.181392382728518]
[4.995335765575874, -0.012993960408493876, 0.1811612294986844]
[4.995395372647181, -0.01381325046531856, 0.18112020136322826]
[4.9953817113200785, -0.014612054626923054, 0.1812802966669551]
[4.995442715238823, -0.015026285351268598, 0.1813795019202189]
[4.995443506188167, -0.015029429050628096, 0.18138045205705566]
[4.99541993189996, -0.01474845118355006, 0.18139250724198064]
[4.995407940259611, -0.014435397606575862, 0.18134461710360483]
[4.995404331009837, -0.014247525408791262, 0.1813311200839962]
[4.995350444043652, -0.014135886449366808, 0.18134080510617423]
[4.995254324265261, -0.01409358883392997, 0.18140045306245156]
[4.995145643937576, -0.013946541992481798, 0.18155955436304794]
[4.995328566968055, -0.01404247411119286, 0.18167440279648872]
[4.995289646720266, -0.014244885274820263, 0.18107180431252345]
[4.998476961220149, -0.020237074699252844, 0.17884176841471344]
[5.003271193592809, -0.027561228373087943, 0.17091860040090978]
[5.009202712215483, -0.0313450993708102, 0.16722977804602124]
[5.015370638109744, -0.028234410245204344, 0.17154555092565715]
[5.014652601600574, -0.02828328649047762, 0.17293254082323983]
[5.014651903446065, -0.028846462184446864, 0.1724701550665486]
[5.006572409300134, -0.0164174884557724, 0.17694117571227252]
[5.017232724931091, -0.05177902616560459, 0.18683251412585378]
[5.062632566317916, -0.16263093426823616, 0.2018009671010077]
[5.102618291974068, -0.25551702082157135, 0.20393325516488403]
[5.099051338271238, -0.2513118125498295, 0.19989047534181736]
[5.099091158306692, -0.2459516986273229, 0.20288534450810403]
[5.098914232876268, -0.2514819393400103, 0.20638637215597555]
[5.099188653708552, -0.25255501666106284, 0.20443134654851747]
[5.099036320811138, -0.24902610259596258, 0.20428307200199924]
[5.102642766782083, -0.25773194432258606, 0.2039814323070459]
[5.134269806556404, -0.32957766577601433, 0.20662594470195472]
[5.193497192114592, -0.44779202342033386, 0.2088378916378133]
[5.281719628721476, -0.6211762055754662, 0.20684896857710555]
[5.407675918191671, -0.834700021892786, 0.20474312132864725]
[5.573811765760183, -1.0845545530319214, 0.20182977290824056]
[5.783167641609907, -1.3563456982374191, 0.1996948232408613]
[6.028464160859585, -1.6237445771694183, 0.19820482516661286]
[6.2880730256438255, -1.8657945841550827, 0.19809101923601702]
[6.563898652791977, -2.089611504226923, 0.19743582396768034]
[6.876180998980999, -2.3050414137542248, 0.1969472832424799]
[7.229218624532223, -2.5062613636255264, 0.19693909431953216]
[7.615164257586002, -2.68089235201478, 0.19624595217464957]
[8.017204523086548, -2.8176333345472813, 0.19580609261174686]
[8.419942907989025, -2.914873693138361, 0.1962751895771362]
[8.825265116989613, -2.9766500955447555, 0.1955283425631933]
[9.237479910254478, -3.0019644829444587, 0.1950747118680738]
[9.65656340867281, -2.9892946491017938, 0.1950419633067213]
[10.07613941282034, -2.9365050978958607, 0.1945565196147072]
[10.483822956681252, -2.845535907894373, 0.19498149132414255]
[10.874186739325523, -2.7209246158599854, 0.19518304082157556]
[11.250443443655968, -2.563628379255533, 0.19578256664681248]
[11.613532721996307, -2.372058365494013, 0.1956696295637812]
[11.96183604747057, -2.1455009803175926, 0.19511831301497295]
[12.287465654313564, -1.8877353966236115, 0.19502558092426625]
[12.582350425422192, -1.6054053604602814, 0.19460181196336634]
[12.837950136512518, -1.31230940669775, 0.19598583929473534]
[13.052863854914904, -1.022800289094448, 0.1979032895687851]
[13.23740053549409, -0.7351417019963264, 0.19793123455838213]
[13.399370308965445, -0.4380360245704651, 0.19782248680712655]
[13.538555797189474, -0.1280166655778885, 0.19783579628710868]
[13.652868391945958, 0.18799210339784622, 0.19787602810538374]
[13.741741180419922, 0.5002012178301811, 0.19866982665553223]
[13.807863658294082, 0.8073948323726654, 0.19918087727273814]
[13.853271877393126, 1.1143092066049576, 0.19860484878881834]
[13.87809523101896, 1.425067886710167, 0.19869428379752208]
[13.881791488965973, 1.7404866814613342, 0.19862172717694193]
[13.86398138711229, 2.053299702703953, 0.19924011200782843]
[13.82656345423311, 2.358995981514454, 0.1993171133362921]
[13.770545905455947, 2.6585057824850082, 0.19922120703267865]
[13.695297243073583, 2.954463943839073, 0.19883994630072266]
[13.599624276161194, 3.2456518560647964, 0.19894351382390596]
[13.485436061397195, 3.5299140214920044, 0.19927559100324288]
[13.353489331901073, 3.8046723157167435, 0.1991153491399018]
[13.205626875162125, 4.069717355072498, 0.19927971267316025]
[13.040124252438545, 4.325130954384804, 0.19925889538717456]
[12.8571058511734, 4.570280645042658, 0.1993479041775572]
[12.658573929220438, 4.802805956453085, 0.1989439464523457]
[12.446749068796635, 5.0215604193508625, 0.19913279655156657]
[12.222287438809872, 5.224625743925571, 0.19914846328902058]
[11.985645465552807, 5.41294339671731, 0.19933421102905413]
[11.7363455966115, 5.585804112255573, 0.19904358375060838]
[11.475856706500053, 5.743196494877338, 0.199279299529735]
[11.205713465809822, 5.882913641631603, 0.19930089669651352]
[10.927580282092094, 6.005028305575252, 0.19913457935035694]
[10.642623730003834, 6.109161360189319, 0.19928489298035856]
[10.34995786100626, 6.19460915774107, 0.19941482729336713]
[10.051850445568562, 6.260468017309904, 0.19907267048256472]
[9.750890552997589, 6.307733581401408, 0.19915487692924216]
[9.447509951889515, 6.335479729343206, 0.199204259992257]
[9.140755772590637, 6.343208075937582, 0.19953245294163935]
[8.832085862755775, 6.330534697510302, 0.19923071535595227]
[8.524716958403587, 6.2979349456727505, 0.19936525537559646]
[8.221211411058903, 6.245548033155501, 0.198880780080799]
[7.9224067479372025, 6.173253228887916, 0.19920395003282465]
[7.62878879904747, 6.081458397209644, 0.1988871438370552]
[7.342275492846966, 5.971523882821202, 0.199312290904345]
[7.063687220215797, 5.842890877276659, 0.19921971602889244]
[6.793265998363495, 5.695978235453367, 0.1994577493169345]
[6.531877413392067, 5.531107060611248, 0.19896146713290364]
[6.281518016010523, 5.348933693021536, 0.1991548117584898]
[6.042290586978197, 5.149614844471216, 0.19909140515665058]
[5.817091461271048, 4.935123581439257, 0.1991344382695388]
[5.6062701269984245, 4.7062451131641865, 0.19917735729177366]
[5.410857364535332, 4.463325642049313, 0.19911598104590666]
[5.231344453990459, 4.2077275812625885, 0.19951467827195302]
[5.070213042199612, 3.941658191382885, 0.19890907884109765]
[4.9272011034190655, 3.666291765868664, 0.1991789841922582]
[4.802043251693249, 3.3814901635050774, 0.19876855838811025]
[4.695908952504396, 3.089020937681198, 0.1992043408099562]
[4.6099250651896, 2.7908439487218857, 0.19900673771917354]
[4.543655935674906, 2.487743154168129, 0.19907286824309267]
[4.497367388568819, 2.1820493936538696, 0.19922871993185254]
[4.471487593837082, 1.8749247938394547, 0.19912751167430542]
[4.466026718233479, 1.5680205821990967, 0.19923843109063455]
[4.480223502963781, 1.2634757608175278, 0.1987005045521073]
[4.5136539619416, 0.9616197496652603, 0.19916063578239118]
[4.566928352229297, 0.6612899079918861, 0.1992471272824332]
[4.639268931001425, 0.363038070499897, 0.1997234151349403]
[4.733676811680198, 0.05857282131910324, 0.19878238474484533]
[4.858994722366333, -0.259216733276844, 0.1978595150212641]
[5.020661473274231, -0.5896874144673347, 0.1973262198298471]
[5.219622112810612, -0.9201386049389839, 0.1966370265581645]
[5.444508273154497, -1.2304007560014725, 0.19703023305919487]
[5.690150856971741, -1.5195719078183174, 0.1968652707291767]
[5.960651770234108, -1.7901527062058449, 0.19640112528577447]
[6.261642687022686, -2.043750062584877, 0.19603447096596938]
[6.592215575277805, -2.2745210267603397, 0.19544269662583247]
[6.944277122616768, -2.476269520819187, 0.19586546924847426]
[7.310165122151375, -2.6447753868997097, 0.19615001371130347]
[7.685447655618191, -2.780218843370676, 0.19577000099434372]
[8.07197230309248, -2.883328041061759, 0.1954924138262868]
[8.469234950840473, -2.952194501645863, 0.1958022694743704]
[8.873201794922352, -2.9856210788711905, 0.19545317926895223]
[9.279415644705296, -2.9824924590066075, 0.19505854029557668]
[9.682681895792484, -2.943897911347449, 0.1958651485874725]
[10.08025997132063, -2.8703113421797752, 0.19617694345652126]
[10.471613518893719, -2.7618437241762877, 0.19566783099071472]
[10.78823421522975, -2.650847228243947, 0.19493044272530824]
[10.832940314896405, -2.641270355321467, 0.18535127770155668]
[10.836524140438996, -2.642474464868428, 0.19345383741892874]
[10.829937175149098, -2.64054795820266, 0.2001476438017562]
[10.82616622268688, -2.640255246864399, 0.19926697030314244]
[10.8273070466239, -2.6393027764424914, 0.20175559661583975]
[10.829638992552646, -2.6401993076724466, 0.20228391760610975]
[10.830434365198016, -2.641137897182489, 0.20174854174183565]
[10.829550990310963, -2.6413812789905933, 0.20076026439528505]
[10.828894137812313, -2.6411179507922498, 0.2007993130791874]
[10.82888855150668, -2.6406677731720265, 0.20078747734078206]
[10.828879861648602, -2.6399823209940223, 0.20160761155420914]
[10.828827805700712, -2.6399892379995435, 0.20228183118160814]
[10.829091029940173, -2.6406840444687987, 0.2018034173597698]
[10.829294489500171, -2.641126238318975, 0.20117722118448]
[10.829465360890026, -2.641146727728483, 0.2009976265817386]
[10.8292995478987, -2.6408547095779795, 0.2010485199652976]
[10.828896749902924, -2.6403758956876118, 0.20134002943814266]
[10.828670365441212, -2.640125271681427, 0.20193290822498966]
[10.828913463636127, -2.640482557071664, 0.2018389609074802]
[10.829248073096096, -2.6409030238210107, 0.2014790264511248]
[10.829497597367663, -2.6410347764899598, 0.20120902092457982]
[10.829358648879861, -2.640910239530058, 0.20115240342556717]
[10.829071698342887, -2.6405953680587118, 0.20128331871092087]
[10.828849365588212, -2.6403173364305985, 0.20167124013823923]
[10.828912169818068, -2.640350725323515, 0.20184055387790067]
[10.829136857668345, -2.640679638912843, 0.20165583504422102]
[10.82931101855138, -2.6409008360969892, 0.2014178651079419]
[10.82930139617838, -2.640858674636547, 0.20123554943711497]
[10.829085935183684, -2.640687750372308, 0.20132386527984636]
[10.828938009730336, -2.640467694509425, 0.2015906989472569]
[10.828916317610492, -2.6404108414135408, 0.20173636720301147]
[10.829027767099433, -2.6405759605258936, 0.20165672009716218]
[10.829183198646206, -2.640794070717675, 0.20154345887931413]
[10.829263063502367, -2.6408196042375494, 0.20132438120344887]
[10.829170881403115, -2.640743499579912, 0.20134347316343337]
[10.829032561761778, -2.6405657010909636, 0.20154315029503778]
[10.828961765336317, -2.640489068417537, 0.20163087315359007]
[10.829053845328417, -2.6405850200608256, 0.20165754689787718]
[10.829181309531123, -2.6407398141200247, 0.20154599409215734]
[10.829248097232266, -2.640803755660272, 0.20139776470387005]
[10.829161889296302, -2.6407452669764098, 0.20141018941740185]
[10.829050999505853, -2.640601980569045, 0.20149793662130833]
[10.829020415037121, -2.6405486600830272, 0.2016031584716984]
[10.829084617605986, -2.6406100890408197, 0.2016368958716157]
[10.829049155601751, -2.640589384471241, 0.20150213604210876]
[10.829049397005292, -2.640631448902468, 0.20160502489488863]
[10.829085075357398, -2.64060897579202, 0.20166115963547782]
[10.829107325909717, -2.640600608625391, 0.20151229627845169]
[10.829032766172531, -2.640604220332534, 0.20161064838248421]
[10.829029492004338, -2.6406139840552214, 0.2016236246781773]
[10.829100455712705, -2.640602445988634, 0.20155918926229788]
[10.829079110624662, -2.640606209743055, 0.20162758795777336]
[10.82904048543287, -2.6406128525968597, 0.2016104591830299]
[10.829065344042647, -2.640605949838573, 0.2015848621110763]
[10.82907413541966, -2.6406116635025683, 0.2016153351187313]
[10.829058824165259, -2.640604404778287, 0.20161563052261045]
[10.82906231144625, -2.6406073696189196, 0.20159636889908938]
[10.82906671191131, -2.6406204467839416, 0.201614037163381]
[10.82905973755652, -2.6406129892611716, 0.20162314275455628]
[10.829062800566817, -2.640606436653343, 0.20160691807978992]
[10.829066652542963, -2.6406078576883374, 0.2016082369570995]
[10.829065206370842, -2.6406058908041814, 0.20161546527035057]
[10.829064701871175, -2.640611758099567, 0.20160634878743622]
[10.82906435842267, -2.6406086325164324, 0.20161460856525082]
[10.829062991366754, -2.6405998050031485, 0.2016121501485486]
[10.829063986066416, -2.6406076955627213, 0.20160675160184383]
[10.829066175318019, -2.640606802669481, 0.20161403584324944]
[10.829062615780074, -2.6406098729667065, 0.20161214500058122]
[10.829062700573559, -2.6406126941803905, 0.20160233479805356]
[10.82906420589832, -2.640611538279245, 0.20161591203714124]
[10.829064276636302, -2.640609159166843, 0.2016165438031976]
[10.829062609628267, -2.6406085927274034, 0.20161007208798765]
[10.829062311285043, -2.6406130479399508, 0.20161610253580875]
[10.829063256636346, -2.6406076170442248, 0.20160525053279343]
[10.829063070871143, -2.6406119221969675, 0.20160609537742857]
[10.829063924212562, -2.640601958029947, 0.2016180106002139]
[10.8290637864298, -2.64060066870843, 0.201609216086581]
[10.829063545101349, -2.640612797344147, 0.20160383141843852]
[10.829061784972282, -2.6406004116129225, 0.20161782158311325]
[10.829062711341749, -2.640607489546028, 0.20160922476679843]
[10.829063446943223, -2.640607556300438, 0.2016096321248142]
[10.829064986941972, -2.6406025661044623, 0.20161521109662317]
[10.829063775828104, -2.640606773379659, 0.20160527035068299]
[10.829063897983474, -2.640598363852405, 0.20161453625314607]
[10.82906406567497, -2.6406066247000126, 0.20160604826196504]
[10.829064849324709, -2.6406145928212936, 0.20161157804386676]
[10.829064404204814, -2.6406102911396374, 0.2016143070752605]
[10.829063619955576, -2.640612761913843, 0.2016140003498208]
[10.829064138383899, -2.6406018956404296, 0.2016069781338956]
[10.829063553498145, -2.6406039913877066, 0.20160929337663447]
[10.82906244099911, -2.6406082483135833, 0.2016139512212476]
[10.82906343099944, -2.640603087425916, 0.20161038215235294]
[10.829063598678772, -2.6406001327623017, 0.20161490632540335]
[10.829062614937982, -2.640611334913956, 0.20161290692863076]
[10.829060940893896, -2.6406070676816853, 0.20161584805634902]
[10.82906360934993, -2.6406143893855187, 0.20161023324726557]
[10.829064349571524, -2.6406035347890793, 0.20161815005519657]
[10.829064751858368, -2.6406107498733036, 0.2016090378216404]
[10.829061414052575, -2.6406128657313275, 0.20161005896761708]
[10.829062482207405, -2.640609536312695, 0.20161618702422857]
[10.829063814920346, -2.6406015520851724, 0.2016113923687044]
[10.829066184835654, -2.640599968953211, 0.20161275392979405]
[10.829065575118648, -2.640610915691582, 0.20160898975592545]
[10.829062219872299, -2.640605298200626, 0.20161419847445927]
[10.829062393507456, -2.6406190849920677, 0.20161156020935778]
[10.829061901055184, -2.640609290067914, 0.20161543189260556]
[10.829064287311667, -2.640612148950069, 0.20161384039352015]
[10.829064320987584, -2.640599505028149, 0.20161275008513257]
[10.82906359596032, -2.6406107993689147, 0.2016145490533745]
[10.829062618199998, -2.6406116959199153, 0.20160675812974205]
[10.829064233556096, -2.6406015613006275, 0.20161914336449627]
[10.82906511082075, -2.6406072559275344, 0.20160558456063882]
[10.8290651753789, -2.6406038561854075, 0.2016072762584713]
[10.82906364635545, -2.6405972328102507, 0.2016157323537655]
[10.82906393777148, -2.640601443394644, 0.20161414815402168]
[10.829066258525117, -2.640610432088124, 0.20161179229944537]
[10.829063023044114, -2.6406095751790417, 0.20161423795502742]
[10.82906515216061, -2.640609534529176, 0.20160880174262275]
[10.829065703550668, -2.640608555696417, 0.20161500549329503]
[10.829063809070362, -2.640599145046963, 0.20161524724198898]
[10.82906518492021, -2.640611893700168, 0.20161117912903137]
[10.829065239975932, -2.6406045982348587, 0.20160974517284558]
[10.829065747396953, -2.6406063183839024, 0.20161338086609248]
[10.829065881668157, -2.640610407335771, 0.2016121290699857]
[10.829065979213965, -2.6406050286623213, 0.20161620659382606]
[10.829065921037227, -2.6406093307450647, 0.20161315538075542]
[10.829063509874253, -2.6406098922525416, 0.2016110089140284]
[10.82906420671398, -2.6406134452508923, 0.20161637216369854]
[10.829064401572623, -2.640614043417372, 0.20161993082001572]
[10.829064275850456, -2.640600484269271, 0.20160990894896713]
[10.829065775806754, -2.6406080596025276, 0.20161083180175865]
[10.829062871855768, -2.640608144439284, 0.201613559688667]
[10.829063068745995, -2.640613071091593, 0.2016099285610835]
[10.82906571664202, -2.6406094383046366, 0.2016142682621762]
[10.829064707422958, -2.6406048110607117, 0.20160819555485432]
[10.829064117313578, -2.640608646502642, 0.201614670161689]
[10.829063424939307, -2.6406141941097303, 0.20161759689631253]
[10.829064045175755, -2.6406065178261997, 0.2016054288660598]
[10.829062284772817, -2.6406057424187566, 0.2016120703345905]
[10.829064378832072, -2.6406041992281644, 0.20161616748100641]
[10.829065465082891, -2.64060562851364, 0.20161684651350242]
[10.829064299193988, -2.6406123924282383, 0.2016037998282627]
[10.829063208571029, -2.640608383498318, 0.20161951514410248]
[10.829064762795042, -2.6406112446475163, 0.20161095344315072]
[10.829063694606589, -2.64060938638022, 0.20161342151095596]
[10.829062968620917, -2.6406122042963034, 0.20161972779806092]
[10.829064528943945, -2.6406195301806292, 0.2016088714104285]
[10.829064681532373, -2.6406077457149877, 0.2016147805525179]
[10.829064655690445, -2.640611370541592, 0.20161112310142926]
[10.829064257330174, -2.6406083370513898, 0.20161597724222702]
[10.829063050037348, -2.6406066282188476, 0.20161070199651476]
[10.829063853248556, -2.640604894465014, 0.20162295997533874]
[10.829064017974474, -2.640619082964804, 0.20161235839236724]
[10.829063202486736, -2.640611845008152, 0.2016072390004524]
[10.829062586597445, -2.640606405628205, 0.201623930391861]
[10.829064068880854, -2.6406083360752746, 0.20160496735888955]
[10.829065301888363, -2.6406079008189636, 0.20161800410608066]
[10.82906327582009, -2.6406100829042316, 0.20160657523456393]
[10.8290632724447, -2.6406163048068265, 0.20161600759001885]
[10.82906470761111, -2.6406046822426106, 0.20161876749193652]
[10.82906538554721, -2.6406176985055936, 0.20160942524307757]
[10.82906374699428, -2.6406036998873788, 0.2016118238876743]
[10.82906323247903, -2.6406121939808145, 0.2016178967810447]
[10.829062981304105, -2.6406155638824202, 0.20161842102515948]
[10.829063747560213, -2.640609720958196, 0.20161055845017017]
[10.82906243244679, -2.6406070027137503, 0.20161300088739154]
[10.829063807594764, -2.6406135860420363, 0.20161320712054476]
[10.829062404929914, -2.640607450080097, 0.2016141623872727]
[10.829063545329404, -2.640610455543083, 0.20161458742768446]
[10.8290632921412, -2.6406110404182073, 0.20162031963161553]
[10.829063019538523, -2.6406073547573214, 0.201605957504853]
[10.829061528057423, -2.640606762201969, 0.2016152815890564]
[10.829063336252148, -2.6406098783466234, 0.20161730932613864]
[10.829062800057216, -2.640616220839547, 0.20160853053857863]
[10.829062182455573, -2.640616267893165, 0.20161506245085548]
[10.829061163644383, -2.64060863989107, 0.20161346757049614]
[10.829064870232344, -2.640607843642016, 0.20161007205433634]
[10.829062737760637, -2.6406026596643812, 0.20161831916448136]
[10.829063727111873, -2.64060573545612, 0.20160403672048233]
[10.82906483979039, -2.640603576824674, 0.20161824624574365]
[10.829062855614211, -2.6406203225378704, 0.20161152304095253]
[10.82906339969827, -2.640615742383602, 0.20161130018755102]
[10.829064449438874, -2.6406082857704405, 0.20161652204363634]
[10.829064179926718, -2.640618150908267, 0.2016139884049153]
[10.829061669671887, -2.6406134715780354, 0.20161207824276062]
[10.829063332711598, -2.6406041704613017, 0.20161562407906786]
[10.829065116005268, -2.6406120860033298, 0.20161599555740395]
[10.829065672586694, -2.6406087418067727, 0.20161219981559952]
[10.829062314517785, -2.6406073984794602, 0.2016136284169079]
[10.82906255204346, -2.64061108032638, 0.20161711488844958]
[10.829061899074645, -2.640616485685314, 0.2016103163293792]
[10.829063568173297, -2.6405967288919783, 0.20161533173018142]
[10.829065546321885, -2.6406098946254133, 0.2016124694298469]
[10.829064624165312, -2.6406071784986125, 0.20161149043542537]
[10.829064294022032, -2.6406032224649607, 0.20161873766255667]
[10.82906293203547, -2.6406083350598237, 0.20161243767870474]
[10.829065476011692, -2.6406042529374645, 0.20161561531585903]
[10.829063815133509, -2.640620387177478, 0.20161491630869932]
[10.829063387942954, -2.640597999686179, 0.2016140724667821]
[10.829064646466634, -2.640611175797119, 0.20161505792098922]
[10.829064648293297, -2.6406087143398054, 0.2016097443979561]
[10.829063134274321, -2.6406047148987, 0.20161475711131516]
[10.82906286707771, -2.64060674587472, 0.20161294821855336]
[10.829064740388958, -2.6406098429648637, 0.20161794020566504]
[10.829064455177104, -2.640617435290551, 0.20161253838125504]
[10.829061958570662, -2.6406020605941194, 0.20161833821657638]
[10.829064172369385, -2.6406034944470775, 0.2016113985047241]
[10.829066477114111, -2.6406083682109056, 0.20161672630342764]
[10.829065328680372, -2.640609542035236, 0.20161827733227256]
[10.829063313973506, -2.640599506813487, 0.20161556925359037]
[10.829062530456113, -2.640612227718975, 0.2016068380789875]
[10.829063502716046, -2.64061579393001, 0.20161926127593688]
[10.829063139283733, -2.6406031744782013, 0.2016133935489961]
[10.829062054661676, -2.640602885540602, 0.20161549433180426]
[10.829063771121781, -2.6406138705469857, 0.201613421291313]
[10.829060876218819, -2.6406090048994884, 0.20161866149385332]
[10.829062888194585, -2.640603682618803, 0.20161697978392112]
[10.829061778417326, -2.6406110449461266, 0.20161381473826623]
[10.82906200820213, -2.640618556184563, 0.2016137204655024]
[10.829062964027344, -2.6406042084990986, 0.2016203550157556]
[10.829063129156168, -2.640616295296695, 0.20161290407577326]
[10.829062344956242, -2.6406175329011603, 0.20161697873618323]
[10.829062205135756, -2.640614092413898, 0.2016094881224717]
[10.829062300789019, -2.640615692117535, 0.20161687323764]
[10.829061481304763, -2.6406146658337093, 0.20161165973922834]
[10.829062775101079, -2.640612734252045, 0.201618312423534]
[10.829063882599314, -2.6406093319228603, 0.2016210685724218]
[10.829062413976203, -2.6406079334660717, 0.2016133323829763]
[10.829063805962619, -2.6406148521148225, 0.20161031047109645]
[10.82906259105016, -2.6406118894350925, 0.20161070371432288]
[10.829063058222744, -2.640609125757692, 0.20162069985053677]
[10.829064317277755, -2.6406116225234655, 0.20161137360881298]
[10.829064599447179, -2.640596423786519, 0.20161368225899423]
[10.829065223876967, -2.6406010064383736, 0.2016158909900696]
[10.829064077372323, -2.6406197147762214, 0.20161361292514357]
[10.829062068417926, -2.640606482359999, 0.201620287912192]
[10.829062864228945, -2.6405996457770016, 0.20161253224614484]
[10.82906322667003, -2.6406135404349698, 0.20160882147683878]
[10.829063507550863, -2.640609967043474, 0.20161848467569143]
[10.829061647975578, -2.640615702507148, 0.2016071179168648]
[10.829062669469408, -2.6405994119159004, 0.20161394504737018]
[10.829064100315748, -2.640615509143572, 0.20161393036187292]
[10.829063266774199, -2.64060478953013, 0.2016231805366715]
[10.82906282190271, -2.6406074385558895, 0.20160491326487318]
[10.829064240327739, -2.6406124627551435, 0.2016137055506988]
[10.829062274628313, -2.6406038990751313, 0.2016184369185794]
[10.829063158476174, -2.6406053987393534, 0.2016069579078703]
[10.829062973749615, -2.640611893266396, 0.20161218092016497]
[10.829064752674924, -2.6406044325044604, 0.20161824517754212]
[10.829064933610198, -2.6406075459622116, 0.20161569826268533]
[10.82906581694624, -2.640608276417879, 0.20161235506327557]
[10.829064788050346, -2.6406142134339916, 0.2016122006804153]
[10.82906313309843, -2.6406031482758294, 0.20162403057497613]
[10.829064463113603, -2.640606693395057, 0.20160411402457612]
[10.829066436473113, -2.6406025444621264, 0.20161380948036367]
[10.829064506815712, -2.6406178257493593, 0.20161457672806193]
[10.82906164789884, -2.640606659732839, 0.2016210804131333]
[10.829064439432727, -2.6406032441827847, 0.20161562178441272]
[10.829065729980812, -2.640611911644555, 0.20160563889066907]
[10.829064288336554, -2.6406109844833736, 0.20161834894588537]
[10.82906257402783, -2.640612684653888, 0.20160443405711703]
[10.829064896092632, -2.6405986658273832, 0.20161941286460205]
[10.829064809606507, -2.6406113144753363, 0.20161575012343746]
[10.82906344491164, -2.6406056396725717, 0.20161149056002614]
[10.829063494491265, -2.640600069008542, 0.20161287736812028]
[10.829065043187342, -2.6405976446712884, 0.20161543672270454]
[10.829066223397376, -2.640615340059867, 0.2016090817469376]
[10.829062992501576, -2.6406006488505227, 0.20162164830901474]
[10.82906417543893, -2.6406054930102982, 0.2016035629471844]
[10.829064870994785, -2.640595746258896, 0.2016180755563255]
[10.829064477811713, -2.640608500317285, 0.2016110289196149]
[10.82906477560607, -2.6406110565540075, 0.20161933071608473]
[10.829064625989986, -2.6406104639874, 0.20161298192300592]
[10.829062865746664, -2.6406060395115674, 0.20161423274657864]
[10.8290632878456, -2.640611507110634, 0.2016129317245685]
[10.829063238089248, -2.6406056400992384, 0.2016161463766366]
[10.829065718962966, -2.6406080586075404, 0.2016163077191777]
[10.8290649508142, -2.640606768013356, 0.20161499471532807]
[10.829062921158197, -2.6406007950940875, 0.20161422456931177]
[10.829063355125527, -2.640600898120425, 0.2016198157701865]
[10.82906525910414, -2.640599132978423, 0.20161408945261883]
[10.829066227414728, -2.640614463109614, 0.2016135846392899]
[10.82906307014008, -2.640611152868587, 0.20162412335844238]
[10.829062765621302, -2.6405993576554465, 0.201612522004325]
[10.829066356693659, -2.640600490739871, 0.20161927580420524]
[10.82906617357844, -2.6406073896469024, 0.2016128207380916]
[10.829062619067258, -2.6406074565826714, 0.2016136283139076]
[10.829061471543014, -2.640610346002177, 0.20162111219815415]
[10.8290629132876, -2.640620611216036, 0.20161560908098863]
[10.829062063962397, -2.640610145608207, 0.20161738324941325]
[10.82906449199993, -2.6406069420618223, 0.20161561512622939]
[10.82906382810961, -2.640611049876725, 0.20161034967350133]
[10.829064155107176, -2.6406055647366884, 0.20161936489648724]
[10.829061789007767, -2.6406014863878227, 0.20161886940422846]
[10.829065052978024, -2.640608368592666, 0.2016125558548083]
[10.829064739391924, -2.640599527222548, 0.20161711733885568]
[10.829062923548321, -2.6406131785047364, 0.20160912614915105]
[10.829063891427325, -2.6406031539818287, 0.2016209679709391]
[10.829063761008456, -2.640606254422437, 0.20161021041622007]
[10.829063709227398, -2.6406099019250178, 0.20162093959243066]
[10.829064918499967, -2.6406115473496357, 0.20161420322455115]
[10.82906296308903, -2.6405989244335615, 0.20162085061883772]
[10.829064141746315, -2.6406078725140105, 0.20160396264355285]
[10.829063986171946, -2.640598096011672, 0.20161816380257847]
[10.829063277127261, -2.64060080909735, 0.20161805418388212]
[10.829063495690775, -2.640600098595314, 0.20161701335200632]
[10.829064410912906, -2.640604463254931, 0.201610877586063]
[10.82906487200836, -2.64060670386732, 0.201619147142992]
[10.829062004783054, -2.640614415406162, 0.20161250793989893]
[10.829061257717058, -2.6406075323620826, 0.20162138953537578]
[10.82906221400026, -2.640609033056762, 0.2016134833115757]
[10.829065939568011, -2.640600481396177, 0.20161804088820645]
[10.829065450719554, -2.640609868456977, 0.20161490947270977]
[10.829064211340324, -2.640599780006596, 0.2016199355647217]
[10.829061467999168, -2.6406081922796147, 0.20161258127336623]
[10.8290631146549, -2.64059724730123, 0.20161498903826214]
[10.829064998075864, -2.640615523771885, 0.20161623359230596]
[10.829063659329222, -2.6406072410248953, 0.20161564067120707]
[10.829062755136704, -2.640609624442277, 0.20161752077365236]
[10.829062507630283, -2.6406054189237693, 0.2016118090245982]
[10.829062749307013, -2.640601925047804, 0.20161742746063283]
[10.829063053129971, -2.6406054839872013, 0.20160942558985084]
[10.829063802033659, -2.6406034981162065, 0.20162568544060377]
[10.829063812103414, -2.6406156802902387, 0.20160970029115788]
[10.829062266390139, -2.6406041356390233, 0.20161502037700352]
[10.829062138083941, -2.6406182827531666, 0.2016152389026047]
[10.829061168078965, -2.6406090144473637, 0.20161813942263507]
[10.829063023644267, -2.6406041371797073, 0.20162051257784697]
[10.82906383791726, -2.6406134409638753, 0.20160522339620002]
[10.829063126496408, -2.640595901310917, 0.2016185419388421]
[10.829060617853827, -2.640616415202203, 0.20160525740766388]
[10.829064483502293, -2.6406054922954354, 0.20161458320308157]
[10.829065255716273, -2.640602948474225, 0.20161776367581297]
[10.82906220265653, -2.640610421564304, 0.2016087821630208]
[10.829063493651518, -2.640599591375576, 0.20162037355794382]
[10.829064733971109, -2.6406168834307664, 0.2016085684635982]
[10.829063298553251, -2.6406090483924345, 0.2016223164623625]
[10.829062180853384, -2.640610783390116, 0.20160598104621386]
[10.829062132759645, -2.640603595012635, 0.20161569931451595]
[10.829062284221209, -2.6406112902031964, 0.20161776565373657]
[10.829062047577509, -2.6406028125655325, 0.2016197071524175]
[10.829063965731223, -2.640610218137681, 0.20161306838781456]
[10.829064139254598, -2.6406067732723386, 0.20161894672992275]
[10.82906268265856, -2.640619485771822, 0.2016135495114213]
[10.829061895982477, -2.640609922564181, 0.20160821454123834]
[10.829062346705541, -2.6406001387211973, 0.20162144732267961]
[10.82906450302437, -2.640606177810696, 0.20161092599818176]
[10.829064202547826, -2.640601607939061, 0.2016159803724804]
[10.829062057112651, -2.6406073194702913, 0.2016137393325721]
[10.829063989473667, -2.640615972764408, 0.20161130430824414]
[10.829063429580742, -2.640602011329065, 0.2016211749937611]
[10.829063202901352, -2.640609502268944, 0.2016104788788482]
[10.82906422510817, -2.640610679303336, 0.20161894079728881]
[10.829063498019423, -2.6406130376699366, 0.2016183511498184]
[10.829064207176089, -2.640616099632666, 0.2016100883481613]
[10.829063722313776, -2.640614217487382, 0.2016147810102069]
[10.82906428770616, -2.640603631002705, 0.20161856024378721]
[10.82906254374008, -2.6406144813799983, 0.20160754893413468]
[10.829061796745691, -2.6406047873797434, 0.20161814234461417]
[10.829062024208952, -2.640602486337059, 0.20161875301170085]
[10.82906595539066, -2.6406126176020734, 0.201612056245267]
[10.829065867703548, -2.6406080122524145, 0.20161641691240462]
[10.829063004056763, -2.6405969928891864, 0.20161114358825216]
[10.82906184856256, -2.640605681051966, 0.20161047891610906]
[10.82906350827102, -2.640605836019404, 0.20161157277107122]
[10.829066151327964, -2.640602812226234, 0.20162139649028177]
[10.829065519356845, -2.6406156933244347, 0.2016136560795303]
[10.829064809438478, -2.640607121670655, 0.20161542701976032]
[10.8290623004047, -2.640612876833984, 0.20161033121894434]
[10.829064303189966, -2.6406070826064933, 0.2016171720492821]
[10.829066742487385, -2.640610206223755, 0.20161352445256853]
[10.829065551385156, -2.6406124377272135, 0.20161701153000422]
[10.82906308014958, -2.6405981742555014, 0.20161225057267984]
[10.829062513309282, -2.6406128501939747, 0.20160778400713752]
[10.829064327485838, -2.6406090418104213, 0.20162232897928334]
[10.829063084322911, -2.640619174002495, 0.20161204535816069]
[10.829062542706396, -2.6406037299404943, 0.20161220611964836]
[10.829061990252512, -2.6406063372896824, 0.20162060122197545]
[10.829062311033567, -2.640602616501724, 0.20161899455592902]
[10.829064884570244, -2.6406100145013625, 0.2016144868248375]
[10.829064578188678, -2.6406035583554512, 0.20162155155867367]
[10.8290620611171, -2.64060390794657, 0.20161331411281935]
[10.829061790246215, -2.640611439627264, 0.2016110267732074]
[10.829063850239095, -2.6406045511611183, 0.20162137891293241]
[10.829063667777234, -2.6406007096938993, 0.2016143489672686]
[10.829064777017607, -2.640609581062222, 0.20161709425406116]
[10.829061841522048, -2.640607742703196, 0.20161496433274806]
[10.829062197600365, -2.6406157614355834, 0.20161371213043822]
[10.829063172291967, -2.6406159941564056, 0.20161523875538023]
[10.82906345567676, -2.6406080989992233, 0.20161887325650696]
[10.8290622395009, -2.6406060130726274, 0.20161243542190732]
[10.829062438733459, -2.640616940385371, 0.20161734205976245]
[10.829061125292696, -2.6406019208448015, 0.2016222278944042]
[10.829063590831424, -2.6406075799678774, 0.2016101008687201]
[10.829061807734718, -2.6406074829956196, 0.2016202420842319]
[10.82906206049347, -2.640607173846547, 0.20161088630652557]
[10.829063024762661, -2.6406059058672327, 0.20161637893158968]
[10.829060596164027, -2.6406086995239093, 0.20161779492565302]
[10.82906168830823, -2.6406064987190803, 0.20162357806748332]
[10.82906377105519, -2.640612778027389, 0.20161477120416293]
[10.829063351407285, -2.640609090347425, 0.20161863560815618]
[10.82906089160582, -2.6406068004737335, 0.20161402447627097]
[10.829061155504178, -2.640598636361119, 0.20162004919802712]
[10.82906230518438, -2.640602319900154, 0.20161840747277893]
[10.829062514136808, -2.640605617126539, 0.20161206921738994]
[10.829063716780468, -2.64060878874443, 0.2016193963763726]
[10.829060530781305, -2.6406119171288083, 0.20161476050407146]
