[5.000971994973952, 6.212032919400372, 0.42132437074178597]
[5.001012627246382, 6.212222352391109, 0.42137226417980855]
[5.000979981763521, 6.214503929251805, 0.4215683735346829]
[4.999619511625497, 6.219435887644067, 0.42131330654228805]
[5.000020289837266, 6.22083059954457, 0.4218886774033308]
[4.999955981045787, 6.219049372011796, 0.4222917709630565]
[5.000000907952199, 6.220614362740889, 0.42207924364629434]
[5.0003749849274755, 6.22060243668966, 0.4228201077785343]
[5.000065316424298, 6.22104052204304, 0.4234476816491224]
[5.000081403886725, 6.225262051448226, 0.42383803150733]
[5.00006539649803, 6.229897603741847, 0.42406501492951065]
[5.000025577502811, 6.2366019723704085, 0.4240759307576809]
[5.000016784393665, 6.23764399351785, 0.42435392866900656]
[5.000217732573219, 6.235776725341566, 0.424374954562154]
[5.000633179552096, 6.226515982300043, 0.42391041782684624]
[5.000764608674217, 6.216798605455551, 0.4249312413739972]
[5.000995502836304, 6.21299361390993, 0.4246314768824959]
[5.000576822407311, 6.209026561351493, 0.42458549278671853]
[5.000529407378053, 6.2060996043728665, 0.42469143096968764]
[5.000479361300677, 6.207663042703643, 0.4247741181879974]
[5.000517672902788, 6.207324378541671, 0.4248598645972379]
[5.000554206497327, 6.207274399959715, 0.4248665883023932]
[5.000577000035264, 6.2074527611821395, 0.42492642947036074]
[5.000666814619763, 6.207427190005546, 0.4248630783185945]
[5.000034171127481, 6.204310970148072, 0.42530344617262017]
[4.998891309776809, 6.171992069110274, 0.42948393581900746]
[4.998927020613337, 6.0294049717485905, 0.4349980305414647]
[4.998642431673943, 5.827756032347679, 0.4341756012290716]
[4.99078454496339, 5.637192364782095, 0.43441935296868905]
[4.9924157980130985, 5.532378819771111, 0.4346489810850471]
[4.982851282460615, 5.583225125446916, 0.43417909204436]
[4.957170411013067, 5.722396794706583, 0.4352686961647123]
[4.9370659166015685, 5.8966065384447575, 0.4359177971200552]
[4.934307843213901, 5.919357115402818, 0.43557123374193907]
[4.956738117150962, 5.6686524003744125, 0.43578620806511026]
[4.986047885380685, 5.33230309933424, 0.4347516006528167]
[5.013716110959649, 5.055404011160135, 0.43408701750740875]
[5.029337837360799, 4.851323623210192, 0.4347179951146245]
[5.037887512007728, 4.681571904569864, 0.4359606894431636]
[5.050883559975773, 4.43900454044342, 0.4357965832168702]
[5.0732892863452435, 4.067455396056175, 0.4353518300631549]
[5.102777985390276, 3.6619760915637016, 0.4349197349656606]
[5.130709095392376, 3.3032966032624245, 0.43478032245184295]
[5.1576437102630734, 3.007129728794098, 0.4348066825441492]
[5.197330266237259, 2.7463774755597115, 0.4352273348486051]
[5.257542937994003, 2.4535250440239906, 0.43534396738687064]
[5.343295037746429, 2.1033975929021835, 0.4351392112330359]
[5.448854140937328, 1.7418880015611649, 0.4348855071293656]
[5.553355431184173, 1.416904129087925, 0.43508073447446804]
[5.650387227535248, 1.14259422570467, 0.4352192727383226]
[5.759791050106287, 0.9061638936400414, 0.4352482199901715]
[5.897931158542633, 0.6694409027695656, 0.43507677339948714]
[6.06850777938962, 0.414282001554966, 0.4353745194894145]
[6.253196585923433, 0.15469907969236374, 0.43520420382265]
[6.440594702959061, -0.0803387276828289, 0.43481910885020625]
[6.621807351708412, -0.2836890146136284, 0.4350823332933942]
[6.78406747430563, -0.4450027346611023, 0.4358050746959634]
[6.8971858359873295, -0.5627979002892971, 0.4367816506419331]
[7.052819278091192, -0.6786548346281052, 0.4365045523736626]
[7.284513011574745, -0.812880128622055, 0.4361771203111857]
[7.534007281064987, -0.9383253157138824, 0.43598152068443596]
[7.736943297088146, -1.030538184568286, 0.43550262600183487]
[7.891810309141874, -1.1002393942326307, 0.4365776017657481]
[8.050603665411472, -1.1524030296131968, 0.4361568993481342]
[8.251887403428555, -1.205085995607078, 0.43616993054456543]
[8.476900149136782, -1.239621501415968, 0.43555034563178197]
[8.684684727340937, -1.263862729538232, 0.4366179679054767]
[8.861005447804928, -1.27963656373322, 0.4358006124384701]
[9.02720308303833, -1.2840731483884156, 0.4357423823676072]
[9.210315268486738, -1.275155755924061, 0.4363102322095074]
[9.414346646517515, -1.2505010217428207, 0.4364602096611634]
[9.610890079289675, -1.2115179123356938, 0.4356990406231489]
[9.78868106380105, -1.1693098433315754, 0.4352379410993308]
[9.952290304005146, -1.1205834113061428, 0.4370071543380618]
[10.116952627897263, -1.0622036829590797, 0.43638427270343527]
[10.288359839469194, -0.9860736727714539, 0.4360660086385906]
[10.458907518535852, -0.8969793692231178, 0.43612956479773857]
[10.616511564701796, -0.801933791488409, 0.4362756040354725]
[10.763024430721998, -0.7017362993210554, 0.43603749037720263]
[10.90327636897564, -0.5924613382667303, 0.43584811309119686]
[11.038606766611338, -0.473756093531847, 0.4360663990755711]
[11.166751652956009, -0.34371113032102585, 0.43618019880523207]
[11.287432238459587, -0.2090032398700714, 0.4359813770461187]
[11.3950264621526, -0.06863706186413765, 0.43539869092637673]
[11.49381130374968, 0.07806316390633583, 0.4361677794950083]
[11.584425462409854, 0.23364414647221565, 0.4361168837349396]
[11.666486104950309, 0.3962088115513325, 0.4359485562017653]
[11.737031480297446, 0.5613014400005341, 0.43600986967794597]
[11.797038059681654, 0.725874338299036, 0.4366540393384639]
[11.8450079979375, 0.8952732719480991, 0.4361475716577843]
[11.885138686280698, 1.0708720870316029, 0.4359117874482763]
[11.911641028244048, 1.250937681645155, 0.4364940816303715]
[11.927083008689806, 1.4301044531166553, 0.43616184435086325]
[11.932075343764154, 1.6089571714401245, 0.4360073124844348]
[11.926155973924324, 1.7887029126286507, 0.4359316233021673]
[11.907960610929877, 1.968478761613369, 0.43601359055173816]
[11.877826444804668, 2.144098997116089, 0.43625991855515167]
[11.836871413514018, 2.3158920742571354, 0.43562973686493933]
[11.786125488579273, 2.4870895855128765, 0.4358960044628475]
[11.723151557147503, 2.6550126299262047, 0.4361210864735767]
[11.64675024151802, 2.818882178515196, 0.4362148092041025]
[11.56130376085639, 2.977069914340973, 0.43613491707947105]
[11.467005237936974, 3.130470659583807, 0.43635471526067704]
[11.363456232473254, 3.2767437621951103, 0.43623049548477866]
[11.249170554801822, 3.416852254420519, 0.43593003979185596]
[11.126032833009958, 3.549309402704239, 0.4359569561929675]
[10.996505677700043, 3.671826783567667, 0.4360457564034732]
[10.856302242726088, 3.7859916109591722, 0.4359526130865561]
[10.709413193166256, 3.89329631626606, 0.4356810126337223]
[10.555879089981318, 3.988835195079446, 0.43612908833893016]
[10.39738667756319, 4.072018416598439, 0.4363197517232038]
[10.23384653031826, 4.144679434597492, 0.43615491526725236]
[10.06563288718462, 4.208047731779516, 0.43620538347022375]
[9.892721582204103, 4.260784823447466, 0.4363531055569183]
[9.717724476009607, 4.301820947788656, 0.43612172969733365]
[9.544884663075209, 4.330629232805222, 0.4358551563345827]
[9.37098865583539, 4.347982726991177, 0.43623911701797624]
[9.194837853312492, 4.356009524548426, 0.4361230963259004]
[9.0191815122962, 4.350495503749698, 0.43599153216928244]
[8.832837503403425, 4.328217384405434, 0.43440339143853635]
[8.574986778199673, 4.2497756984084845, 0.4351288315374404]
[8.307836383581161, 4.159030703827739, 0.4352244011752191]
[8.093328058719635, 4.1043026857078075, 0.43524104374228045]
[7.947058655321598, 4.051776326261461, 0.4352636005496606]
[7.809878036379814, 3.979504557326436, 0.43619528657291085]
[7.63519237190485, 3.8447771072387695, 0.43540160614065826]
[7.4262099005281925, 3.670962117612362, 0.4347221428179182]
[7.2326847687363625, 3.48618920519948, 0.4356706773978658]
[7.075772721320391, 3.324031837284565, 0.4355606365716085]
[6.941565966233611, 3.1809928603470325, 0.43561125519045163]
[6.830728268250823, 3.0156925208866596, 0.43545556569006294]
[6.721435589715838, 2.8074363581836224, 0.43524696526583284]
[6.627136547118425, 2.568483419716358, 0.4350071436492726]
[6.548552801832557, 2.3304805904626846, 0.4353228727413807]
[6.489870372228324, 2.1116969250142574, 0.43537845538230613]
[6.451153421774507, 1.9068079367280006, 0.4363851605448872]
[6.433421529014595, 1.6921130791306496, 0.43542228698788676]
[6.440753250848502, 1.457044042646885, 0.43610449437983334]
[6.471547816880047, 1.211934633553028, 0.434437028830871]
[6.518644576892257, 0.974602434784174, 0.43534656980773434]
[6.56808215379715, 0.7739763855934143, 0.4349526545847766]
[6.591847482137382, 0.6896551419049501, 0.43409696042544965]
[6.578160070814192, 0.7319500707089901, 0.4369802528526634]
[6.522424605675042, 0.8600033074617386, 0.43628458748571575]
[6.474848544225097, 0.9745132103562355, 0.43559831361926626]
[6.473669138737023, 0.9779058489948511, 0.4359949315257836]
[6.513929404318333, 0.8815241549164057, 0.43561173482157756]
[6.554873603396118, 0.7843056209385395, 0.43542264797724783]
[6.562480623688316, 0.7636120435781777, 0.4351273354841396]
[6.5366313345730305, 0.8260543122887611, 0.43522347378893755]
[6.4990279553458095, 0.9152698572725058, 0.4357557522598654]
[6.482955326209776, 0.95380590390414, 0.4358380680641858]
[6.498963790014386, 0.9129626881331205, 0.43552291113883257]
[6.529070839751512, 0.8383192420005798, 0.43555933324387297]
[6.54748323536478, 0.7967212409712374, 0.4355008375423495]
[6.539092720020562, 0.8163803415372968, 0.4354339015753794]
[6.514171584509313, 0.8759717158973217, 0.4346463644178584]
[6.494646713603288, 0.922389967367053, 0.4351168493158184]
[6.498276671627536, 0.9154140120372176, 0.43580662409476645]
[6.517677653115243, 0.8676254274323583, 0.4356480094138533]
[6.535141478525475, 0.8280125525780022, 0.4361492335119692]
[6.537106081726961, 0.8237446488346905, 0.4358897455385886]
[6.5243562939576805, 0.8544572526589036, 0.43559537502005696]
[6.507882090983912, 0.8951485510915518, 0.4359964825998759]
[6.500892669952009, 0.9098580998252146, 0.43600126751698554]
[6.509620210621506, 0.8890820019878447, 0.4358064522712084]
[6.52370616234839, 0.8539147535338998, 0.43560702714603394]
[6.530162810406182, 0.8370225633261725, 0.43601323396069347]
[6.524171213619411, 0.8515360755845904, 0.43555455782916397]
[6.511496241204441, 0.8809296335093677, 0.43553183920448646]
[6.5054707350209355, 0.897376386099495, 0.4358505592936126]
[6.508151879708748, 0.8908134230878204, 0.435839466885227]
[6.516972005134448, 0.8680805116891861, 0.43529502776800655]
[6.525774016045034, 0.848906904226169, 0.4355995936493855]
[6.525109968264587, 0.8509641548153013, 0.4357012403997942]
[6.516508443746716, 0.8700628173537552, 0.4352061867248267]
[6.510633042315021, 0.8863625309895724, 0.4358527330914512]
[6.510762730613351, 0.8862105739535764, 0.43592004365655157]
[6.516313427477144, 0.8710965495556593, 0.4355017275229329]
[6.523400702164508, 0.8555190307088196, 0.435709729368682]
[6.523699272423983, 0.8546437366167083, 0.4357357974658953]
[6.517473412444815, 0.8679853561334312, 0.4353590763203101]
[6.512655087222811, 0.8808741720858961, 0.4358718525538734]
[6.5127658328274265, 0.8803775868145749, 0.4358697812058381]
[6.514854171851766, 0.8747896422864869, 0.43572793562634615]
[6.5146021008404205, 0.8751149368181359, 0.43570535953040235]
[6.513742126349825, 0.8773141412530094, 0.43563090069801547]
[6.5142943439714145, 0.875902289932128, 0.4356212424027035]
[6.514340291163535, 0.8756394031806849, 0.4357135400096013]
[6.514039913206943, 0.8764122325519565, 0.43569566083169775]
[6.514222983392756, 0.8759904124635796, 0.43565813227178296]
[6.514193630006048, 0.8760153992916457, 0.43571927187758774]
[6.514121838892606, 0.8762077462451998, 0.4357310912091634]
[6.514247284721932, 0.8759320750832558, 0.4357002756971724]
[6.5141745387081755, 0.8760994848416885, 0.4357143555616858]
[6.514140405480248, 0.8761915734426111, 0.43573396533588493]
[6.514245295111323, 0.87595383709413, 0.4357167759321783]
[6.514190329598932, 0.8760818249393196, 0.43571726855793713]
[6.514156822867335, 0.8761667575445244, 0.4357280972121771]
[6.514225565385459, 0.8760068563460663, 0.43572030129075756]
[6.5141974170710455, 0.8760708040026657, 0.4357210649037029]
[6.514172275691408, 0.8761311341463625, 0.4357252038847719]
[6.51421023281182, 0.8760429168032715, 0.43572135907280085]
[6.514197773314663, 0.8760701526589401, 0.4357223432487558]
[6.51418319746972, 0.87610407041484, 0.4357243014843277]
[6.514201876135758, 0.8760608459374453, 0.43572204947831494]
[6.514195218899204, 0.8760744330393209, 0.43572298976386037]
[6.51418781587472, 0.8760928036736004, 0.4357238435797086]
[6.514199019958596, 0.876065193964223, 0.43572267952900745]
[6.514193606971503, 0.8760780931215777, 0.4357228084022893]
[6.514190583877678, 0.8760855921048005, 0.4357233619026317]
[6.514196857478169, 0.8760707397196938, 0.4357227761280882]
[6.51419427806718, 0.8760756964095435, 0.43572318548861233]
[6.5141921158291325, 0.8760821410248809, 0.43572280927179463]
[6.514195368664602, 0.876074660251362, 0.4357226505415497]
[6.5141947288532265, 0.8760755296696061, 0.43572346735003364]
[6.5141931781358835, 0.8760802494762174, 0.4357230414291564]
[6.5141950283782535, 0.8760757510489157, 0.4357230771351368]
[6.514194419931812, 0.8760766209153417, 0.4357231559330401]
[6.514194396215544, 0.8760770014121135, 0.43572283513435295]
[6.5141939341365855, 0.8760777848073076, 0.4357226376755534]
[6.514194011322218, 0.8760775797767337, 0.4357232131642945]
[6.514194305489639, 0.8760771727870633, 0.435722865054295]
[6.514194371091946, 0.87607674505864, 0.43572338560247914]
[6.514194339469114, 0.8760775304210142, 0.43572319446291363]
[6.514194499257314, 0.8760778647192637, 0.435723063532123]
[6.5141948505694245, 0.8760763217908902, 0.4357237060803527]
[6.5141948993798735, 0.8760760139501826, 0.4357234054162973]
[6.514194262825384, 0.8760777349507975, 0.43572311452544454]
[6.514194438135156, 0.8760770425570854, 0.4357227629693057]
[6.514194640872546, 0.8760759199244603, 0.43572305223500507]
[6.5141942929458025, 0.8760765367692898, 0.43572282309304455]
[6.514193604602582, 0.8760788254981549, 0.4357225316426252]
[6.514194672819599, 0.8760760977125983, 0.43572282819758357]
[6.514194289669348, 0.876076967788471, 0.4357227948859759]
[6.514194294009513, 0.8760771983893392, 0.4357226784581911]
[6.514193684466704, 0.8760790499634368, 0.4357227794245375]
[6.5141947789029615, 0.8760763490603267, 0.4357231720098014]
[6.514194276009704, 0.8760779359579374, 0.4357231055540183]
[6.5141952724296175, 0.8760746723095281, 0.4357230313850433]
[6.514194120106083, 0.8760779443719002, 0.4357226451348879]
[6.51419376111042, 0.8760787593760142, 0.4357229047687099]
[6.514193958933106, 0.8760777610114019, 0.4357229440306014]
[6.514194558653827, 0.8760761876787058, 0.4357233006893466]
[6.5141950687597046, 0.8760755906196209, 0.4357230816867528]
[6.514193726046045, 0.8760791383302831, 0.4357229026522873]
[6.514194827400104, 0.8760756027859884, 0.4357230092109887]
[6.514194023503645, 0.8760781418110639, 0.43572281232457044]
[6.514194259374065, 0.8760772093271783, 0.43572312804531066]
[6.514194190879493, 0.8760773325296327, 0.43572320034019185]
[6.514194508723904, 0.8760773519134659, 0.43572329202692117]
[6.514194403621872, 0.8760779721184324, 0.4357230448569993]
[6.5141941471378, 0.8760778221756027, 0.4357232186264568]
[6.514194624684734, 0.8760768298510584, 0.4357234251541158]
[6.514194911399784, 0.8760764723521106, 0.4357229597203798]
[6.514194025835053, 0.8760784506340542, 0.43572300483937454]
[6.5141939357774845, 0.8760787787973641, 0.4357230846177629]
[6.514195675623213, 0.8760738654758597, 0.43572320593196423]
[6.514193391262751, 0.8760806888495836, 0.43572271136594054]
[6.5141945371287875, 0.8760772544080737, 0.43572343782167877]
[6.514195294667871, 0.876074890820064, 0.4357232519716945]
[6.514193767024921, 0.8760796899105614, 0.4357231323048154]
[6.5141943685717365, 0.8760774536992813, 0.43572328312639286]
[6.514194881533712, 0.8760766134518292, 0.4357234940445096]
[6.514194236640222, 0.8760782801384153, 0.4357232040570569]
[6.514194541707688, 0.8760778497262436, 0.4357232812655809]
[6.51419483951463, 0.8760766144242496, 0.4357231223219884]
[6.514194690528768, 0.8760765797987915, 0.43572330675408466]
[6.514194046745047, 0.8760783796575993, 0.43572356929087164]
[6.514194590284916, 0.8760766874001433, 0.4357226898538329]
[6.514194110157916, 0.8760784733449611, 0.4357231157955255]
[6.514193980733616, 0.8760791617611403, 0.43572283721343297]
[6.514195198341, 0.8760745868201525, 0.4357230939759624]
[6.5141937598723985, 0.8760792799469073, 0.4357229936498328]
[6.51419381980682, 0.876078808456441, 0.4357232009731291]
[6.514194729968949, 0.8760754208153685, 0.43572357219674274]
[6.514193982007157, 0.8760781001840314, 0.4357230946707631]
[6.514194134590809, 0.8760775476574736, 0.4357231538216695]
[6.514193962298691, 0.8760785954336257, 0.43572296995398574]
[6.514194984419646, 0.8760756093647615, 0.4357233564587659]
[6.514193595566283, 0.8760800849484909, 0.43572297655541803]
[6.514194004551882, 0.8760784766088818, 0.4357228350832827]
[6.514194675223592, 0.8760763080278053, 0.43572327241302133]
[6.514195134486499, 0.8760762737965706, 0.4357233229718531]
[6.5141935328387035, 0.8760798503190017, 0.4357229610435951]
[6.51419494861624, 0.8760754175060015, 0.4357234419356075]
[6.5141948461564425, 0.8760766873544981, 0.43572312475140507]
[6.514193498930524, 0.8760795118132592, 0.43572319498576917]
[6.5141945037951885, 0.8760768395783884, 0.43572330401470083]
[6.514194847292771, 0.8760763697687821, 0.4357229994102845]
[6.514194384730331, 0.8760774804866287, 0.4357234400135894]
[6.5141943843474905, 0.876077291053825, 0.4357228906675559]
[6.514194384968675, 0.8760775556909266, 0.43572287895054274]
[6.514194274037607, 0.8760773972074958, 0.4357235158578874]
[6.514194410161025, 0.8760766083955787, 0.435723376136103]
[6.514194909617061, 0.8760762140932457, 0.43572327584797677]
[6.514193269813006, 0.8760802435776895, 0.43572335204490287]
[6.5141950766892975, 0.8760759837559533, 0.4357235240552768]
[6.514194823842331, 0.8760763318383624, 0.4357233197620616]
[6.514194086450743, 0.87607839795578, 0.43572294139590895]
[6.5141943699869245, 0.8760781465779814, 0.4357227409155797]
[6.514194183442271, 0.8760777159875488, 0.4357234006035213]
[6.514194810665799, 0.8760759992055682, 0.4357230415493092]
[6.514194106401391, 0.8760784665262236, 0.4357228215858129]
[6.514193817490252, 0.8760789388966828, 0.4357231860332007]
[6.5141941203513625, 0.8760778626433421, 0.43572334350853126]
[6.514194619265368, 0.8760769964499104, 0.4357232030892533]
[6.514193696631963, 0.8760792265879047, 0.43572333350734027]
[6.514194628534398, 0.8760766792750587, 0.43572299347721355]
[6.514193963111946, 0.8760791697149344, 0.43572274853693216]
[6.51419456878827, 0.8760772190343005, 0.43572319566530027]
[6.514194327884951, 0.8760775677810102, 0.43572304185337885]
[6.514194689352109, 0.8760764675893142, 0.435722832827409]
[6.514193655496058, 0.8760796328896276, 0.43572265941385524]
[6.514194495261222, 0.876076297554846, 0.4357231872804448]
[6.514194770869722, 0.8760765585932404, 0.43572334460685624]
[6.5141943327262055, 0.8760778013408839, 0.43572284006663153]
[6.514193635470463, 0.8760789532191211, 0.43572296728103765]
[6.51419534806206, 0.8760749252450069, 0.43572355315006916]
[6.514193818105099, 0.876079337306578, 0.43572309767608886]
[6.514194934161992, 0.8760764564110843, 0.435723061685394]
[6.514195072040067, 0.8760758528744077, 0.435722986571605]
[6.514194676134537, 0.8760774387826586, 0.4357234815679476]
[6.514194733226844, 0.876076872359377, 0.4357230430947183]
[6.514194814184961, 0.8760764006775617, 0.4357233689622291]
[6.514195036690694, 0.8760758309765606, 0.43572329837974166]
[6.514194248744616, 0.87607846589259, 0.43572276576951197]
[6.514194547752197, 0.876076953631582, 0.4357232562604878]
[6.514194773636461, 0.8760765702157869, 0.4357231421270171]
[6.514194892782996, 0.8760759306759383, 0.4357233354604091]
[6.514193754175608, 0.8760784412264684, 0.4357231595802915]
[6.514194386619074, 0.8760770510215679, 0.4357229119790986]
[6.514194405492759, 0.8760771717547868, 0.43572267045073687]
[6.51419331111731, 0.8760798777827858, 0.43572317295891594]
[6.514194236732749, 0.876076340201621, 0.43572333075314873]
[6.514194702879081, 0.876077250434264, 0.43572327931795485]
[6.514194242560222, 0.8760779054559862, 0.4357234361845155]
[6.5141940967747445, 0.8760787216334052, 0.43572334351763686]
[6.514195546549303, 0.8760751799261186, 0.4357232939325293]
[6.5141948085401395, 0.8760771366856943, 0.43572330460619924]
[6.51419414407161, 0.8760786982197715, 0.43572275315480624]
[6.514195031014381, 0.8760758135217657, 0.435723612912966]
[6.514194949005287, 0.8760762409970084, 0.43572296546254563]
[6.514194218309768, 0.8760780111690281, 0.4357232481779931]
[6.514194386040529, 0.8760777682552998, 0.43572277588873476]
[6.514195097805086, 0.8760753548668845, 0.43572325881822493]
[6.5141951666061, 0.8760756968570149, 0.43572292055667106]
[6.514193636367878, 0.8760796813339766, 0.43572306593443955]
[6.514194553136633, 0.876077137142147, 0.4357230852340592]
[6.514195677011344, 0.8760745198432573, 0.4357229659602382]
[6.514194655477411, 0.8760773846543088, 0.435722822939681]
[6.5141941510840695, 0.8760783385326931, 0.4357232001118376]
[6.514195271466747, 0.8760756012459865, 0.4357235399224919]
[6.5141947305162375, 0.8760770810491749, 0.43572335715370514]
[6.5141944105162395, 0.8760774593610847, 0.4357228806569431]
[6.514194132839009, 0.8760783274962591, 0.43572299240865675]
[6.514195643996118, 0.876074025778621, 0.4357230723341132]
[6.51419341778621, 0.8760802029374304, 0.43572291574554356]
[6.514194688076827, 0.8760760161310372, 0.43572304427104314]
[6.514194586746136, 0.876076867706729, 0.4357230256046165]
[6.514194631243214, 0.8760775164390395, 0.4357232906954529]
[6.514194120218804, 0.8760779703843582, 0.4357232161621134]
[6.5141950668509025, 0.8760760297544721, 0.4357232380521623]
[6.514194642291557, 0.8760770693696713, 0.43572285558664703]
[6.514194075410437, 0.8760774565741656, 0.43572334782106736]
[6.514194446494685, 0.8760767820110686, 0.4357230520773214]
[6.514194416916524, 0.8760772137216009, 0.4357227690472385]
[6.514194174792209, 0.8760773554092793, 0.43572287028817414]
[6.514194359279742, 0.8760766268252382, 0.43572300320184354]
[6.514193875924633, 0.876078842495815, 0.4357230572586275]
[6.514194622660455, 0.8760763440754431, 0.4357229424502975]
[6.514194514904148, 0.8760770688234061, 0.43572269339685477]
[6.514193666481447, 0.8760798305836488, 0.43572290825407833]
[6.514194581839348, 0.8760768219867145, 0.4357230853081706]
[6.514194189308583, 0.8760783743505414, 0.4357229192590033]
[6.514194771355747, 0.8760762054289728, 0.43572304044730004]
[6.514194887983166, 0.8760758326618543, 0.4357231785401723]
[6.51419369613339, 0.8760796832208939, 0.43572228300030247]
[6.514194551557523, 0.8760762374295155, 0.43572295068133826]
[6.514194939073434, 0.8760760899103843, 0.4357228470959136]
[6.514194204183212, 0.876077489070525, 0.4357229729560572]
[6.514193942935151, 0.8760784766354845, 0.435722753666858]
[6.514194524358118, 0.8760768804949066, 0.43572307642966734]
[6.5141944817415265, 0.8760769172046139, 0.43572308563378215]
[6.514193827943757, 0.8760787074246323, 0.43572259306830574]
[6.51419444043356, 0.8760773266300816, 0.43572311212201953]
[6.514195389339733, 0.8760750866074432, 0.43572311098276373]
[6.514193629957084, 0.8760798797192706, 0.43572282355701475]
[6.514195086422205, 0.8760757141202618, 0.4357233434023726]
[6.5141946556096855, 0.8760780506535468, 0.4357227595341726]
[6.514194490943886, 0.8760777684929053, 0.43572274648033726]
[6.514194499368714, 0.8760777754100673, 0.43572302002374386]
[6.514195159718611, 0.8760759442489814, 0.43572270367019783]
[6.514195060131556, 0.8760763206123556, 0.4357227607594041]
[6.5141937561965335, 0.8760798217929278, 0.435722932448698]
[6.514194945715113, 0.876076925111704, 0.4357231903853318]
[6.514195208633851, 0.8760749724456787, 0.43572307776153707]
[6.514194699397308, 0.8760769582415833, 0.43572280809945596]
[6.5141936957377595, 0.8760799364714558, 0.43572257253842395]
[6.514194548335809, 0.8760764842913886, 0.43572308191426856]
[6.514195758395886, 0.8760743962086508, 0.4357231411461555]
[6.514194074471483, 0.8760784071968715, 0.4357226014127882]
[6.5141941754561685, 0.8760781096320329, 0.43572315175111953]
[6.514195189290774, 0.8760754670298638, 0.435723469695688]
[6.5141946579762475, 0.8760761928932652, 0.4357231615743018]
[6.514194286609836, 0.8760782750949829, 0.43572295091382784]
[6.514194496194591, 0.8760777411928302, 0.4357229935197324]
[6.514194567902848, 0.8760772815318205, 0.43572326821488616]
[6.5141958969708185, 0.8760741895137016, 0.4357231508608379]
[6.514193516966259, 0.8760799132301145, 0.4357230201003359]
[6.514195020605655, 0.8760763856298013, 0.4357231171688767]
[6.514194761825934, 0.8760769854972636, 0.4357232257912642]
[6.5141948187145005, 0.8760766758887257, 0.435722837853592]
[6.514194640206313, 0.876077089692842, 0.43572334992711603]
[6.514194858700819, 0.8760767168727739, 0.43572316678693923]
[6.514194680472457, 0.876077325118132, 0.4357229050193894]
[6.514194827556707, 0.8760766826322879, 0.4357230705229256]
[6.514194409240311, 0.8760783597507498, 0.43572310012282855]
[6.514195139752616, 0.8760757583353893, 0.43572295725959975]
[6.514194386660584, 0.8760774276924508, 0.435722831283627]
[6.514194550487758, 0.8760773182088073, 0.43572274569544334]
[6.514194141226881, 0.8760786604815394, 0.4357229565701388]
[6.514194573972475, 0.8760771913463259, 0.43572323040460503]
[6.514195800164373, 0.8760745504614533, 0.435723067727281]
[6.5141939923909735, 0.8760792034501534, 0.4357228725484621]
[6.514194131006889, 0.8760789403788749, 0.4357228927080996]
[6.514195440314097, 0.8760755988874962, 0.4357235159690731]
[6.514195447627799, 0.8760751369679838, 0.43572351589608616]
[6.514194210702897, 0.8760783823631755, 0.4357230608266889]
[6.514194167643751, 0.8760782404110614, 0.4357235247659048]
[6.514195298934226, 0.8760752290953633, 0.43572320750564586]
[6.514194019734191, 0.8760789820667583, 0.4357226031805794]
[6.514194367148207, 0.8760768881777494, 0.435722910816736]
[6.514194659895395, 0.8760771371362353, 0.43572327168647007]
[6.514194856061181, 0.8760765846779179, 0.43572304583071286]
[6.514193410656858, 0.8760802818875391, 0.4357233231765747]
[6.514195137998598, 0.8760759095316075, 0.4357231034216795]
[6.514194642154422, 0.8760766339026418, 0.4357230344933214]
[6.5141939498566614, 0.8760792628299328, 0.4357227752462336]
[6.514194477404544, 0.8760771755116821, 0.43572308708595386]
[6.5141945986320025, 0.8760773011752008, 0.43572293924282235]
[6.514194122836315, 0.8760788221310349, 0.4357226588885226]
[6.514194819004274, 0.8760759327348921, 0.4357233142841892]
[6.514193549496845, 0.8760802254315081, 0.43572286119679404]
[6.514194812721115, 0.8760769668490127, 0.4357231349933528]
[6.514194736660173, 0.8760771330343147, 0.43572333584864964]
[6.514193948970785, 0.876079781672459, 0.4357229968200329]
[6.514194488653288, 0.8760783298098431, 0.4357230305787425]
[6.514194986667832, 0.8760763755104222, 0.4357235835295228]
[6.514194693388362, 0.8760765681368525, 0.4357234144452491]
[6.5141945727397115, 0.876077451751371, 0.43572277762848444]
[6.514194217977206, 0.8760780798388623, 0.4357225839481771]
[6.5141941902688245, 0.8760782255528738, 0.43572294895740526]
[6.51419492241962, 0.8760766422951747, 0.4357233366946076]
[6.514195397650752, 0.8760757988242176, 0.4357230081422365]
[6.514194664965856, 0.8760772684589426, 0.4357230976943356]
[6.514194149525565, 0.8760795181919718, 0.4357229304092698]
[6.514195067691247, 0.8760767118546937, 0.4357232044124828]
[6.514195157730683, 0.8760762507343998, 0.43572300492959926]
[6.514194504175066, 0.8760782758598111, 0.4357227676363067]
[6.514194390038924, 0.8760780089548916, 0.43572305613520257]
[6.5141950341585755, 0.8760760027550418, 0.4357232914959184]
[6.514193924586266, 0.8760792792237453, 0.4357227878896026]
[6.514195035193367, 0.8760759062656689, 0.43572298297254974]
[6.514194201697364, 0.8760783718593075, 0.4357231406627733]
[6.514194980256605, 0.8760763131880367, 0.4357229124079609]
[6.514194555232621, 0.8760771765080051, 0.435722788095644]
[6.514194810485634, 0.8760765103465928, 0.43572326252488836]
[6.514194033571584, 0.8760791896198157, 0.43572291736145985]
[6.514194557261078, 0.8760767479636797, 0.43572286162947194]
[6.514195005246336, 0.8760759340414097, 0.4357228046727073]
[6.514194472989821, 0.876077011541895, 0.4357230162386685]
[6.514194245652561, 0.8760783252851709, 0.43572284746289824]
[6.514195078257103, 0.8760760744969502, 0.435722895679703]
[6.514194727474234, 0.876076345387446, 0.4357233077894307]
[6.514194636264733, 0.8760780004828348, 0.4357227893693505]
[6.514194482567859, 0.8760773080311992, 0.4357231961064656]
[6.514195512031733, 0.8760742605900305, 0.43572301586107187]
[6.514194381325069, 0.8760776587648706, 0.43572264218114753]
[6.514194419356123, 0.8760768053546286, 0.4357228702727127]
[6.514194325885143, 0.8760770235060136, 0.43572288338464205]
[6.514194520380521, 0.8760764830208245, 0.4357225220279588]
[6.514193866055393, 0.8760784358164528, 0.43572244616836997]
[6.514194616089355, 0.8760763037300876, 0.4357229352573313]
[6.514194740102695, 0.8760763850311264, 0.4357232057906373]
[6.514194454737577, 0.8760771250008474, 0.43572270294524174]
[6.514194933815972, 0.8760764566872012, 0.43572307006883193]
[6.514193766390861, 0.876079396068917, 0.4357233307130457]
[6.514194976713252, 0.8760760515979484, 0.43572319946157734]
[6.514194920365021, 0.8760759858932943, 0.4357229316126947]
[6.514193453601877, 0.8760801745767708, 0.43572275965297536]
[6.51419522196386, 0.8760754267932214, 0.43572339865195886]
[6.514194074715505, 0.8760779628043025, 0.4357231982057641]
[6.514194299690587, 0.8760777712346339, 0.43572270030895766]
[6.5141949811217295, 0.8760758058608502, 0.4357230140306996]
[6.514194150281838, 0.8760788157954948, 0.4357231878182404]
[6.5141947886307605, 0.8760765178710699, 0.435722869754251]
[6.514194879041753, 0.8760766365484187, 0.4357227098263081]
[6.514194290245911, 0.8760770730071528, 0.4357232422816253]
[6.514194738654339, 0.876076161155197, 0.4357225918207348]
[6.514193822709899, 0.8760783593809265, 0.43572282265984086]
[6.514193517936633, 0.8760792798188959, 0.43572250380793776]
[6.514195210081937, 0.8760752582908822, 0.4357229863098393]
[6.514194508160873, 0.876077210922972, 0.4357223525262839]
[6.514193971655168, 0.8760785912989846, 0.4357229384382322]
[6.514194104561511, 0.8760782994984311, 0.43572303764960374]
[6.514194542235483, 0.8760778419856479, 0.4357232497625887]
[6.514194495117806, 0.8760772471991913, 0.43572327425400204]
[6.514194660446435, 0.8760773990834423, 0.4357228372211637]
[6.514195192311604, 0.8760758804934596, 0.43572319359458334]
[6.514194107398055, 0.8760789784498684, 0.4357230599462305]
[6.514194377394865, 0.8760782307676891, 0.43572298519070074]
[6.514194990729493, 0.8760751544903087, 0.4357234125598666]
[6.514194241330131, 0.8760779173292121, 0.43572278554282207]
[6.514193628104238, 0.8760782907877456, 0.4357230855322456]
[6.514194155408177, 0.8760773896900673, 0.4357230977239368]
[6.514194317955884, 0.8760767754177152, 0.43572300038657374]
[6.514194023079654, 0.8760778716468849, 0.4357224853197863]
[6.514193923398963, 0.8760781687350772, 0.43572256444213053]
[6.514193781015592, 0.8760785024222173, 0.43572263037481207]
[6.5141938458201025, 0.8760784085263253, 0.43572282317734334]
[6.514194622729747, 0.8760767297893466, 0.43572306098097613]
[6.51419406552364, 0.876078123353949, 0.4357234289219605]
[6.514194518039744, 0.8760770731605589, 0.43572284933543415]
[6.514194709080215, 0.8760777215753421, 0.43572306867340416]
[6.514194298552354, 0.8760783158727463, 0.43572317403732086]
[6.514194846110314, 0.8760770516694265, 0.4357228337445349]
[6.51419547724538, 0.8760750971234756, 0.4357235042459138]
[6.514194379448327, 0.8760780964654273, 0.4357231475028698]
[6.5141948535371625, 0.8760765983229817, 0.43572315371727655]
[6.514195076905565, 0.8760755373294842, 0.43572268193034347]
[6.514194306733231, 0.8760772841755795, 0.4357228649869782]
[6.514194451042442, 0.8760771771869145, 0.4357227687271603]
[6.51419522249364, 0.8760752836127494, 0.43572330141353177]
[6.514193407783168, 0.8760795796462162, 0.4357229629117505]
[6.514194730989274, 0.8760752174132449, 0.4357230361597857]
[6.514193889214113, 0.8760781178100672, 0.4357225854149931]
[6.514194092070795, 0.8760774907575808, 0.4357229334861188]
[6.5141947114109655, 0.8760758988640873, 0.4357228296559299]
[6.514193894860853, 0.8760788777748303, 0.43572248128245405]
[6.514194068644656, 0.8760776743790757, 0.4357227245232309]
[6.514195011623393, 0.8760758013366967, 0.43572327450785053]
[6.514194580664373, 0.8760767997431458, 0.4357229164508354]
[6.514193858553256, 0.8760785951358372, 0.4357224356031679]
[6.514194441991549, 0.8760773760124039, 0.43572317489577017]
[6.514194128739518, 0.8760777841325194, 0.4357233934936531]
[6.514194418377109, 0.8760781772128894, 0.43572331290963007]
[6.51419488934701, 0.8760757818800471, 0.4357232412553458]
