[5.001437885861378, 6.212499184533954, 0.42237263890274335]
[5.001190525246784, 6.209494404727593, 0.4225101389019983]
[5.000949314198806, 6.204690579557791, 0.4230553287488874]
[5.001217789656948, 6.201805300195701, 0.4235206131124869]
[5.001092544698622, 6.194783695042133, 0.4246685549733229]
[5.001129874421167, 6.174142041243613, 0.42845072923228145]
[5.0013413001579465, 6.119769856333733, 0.435046604834497]
[5.0017169045167975, 6.011483438313007, 0.43578183301724494]
[5.006508619757369, 5.851582385599613, 0.43565736268647015]
[5.010414771037176, 5.654652416706085, 0.43497710715746507]
[5.015830898657441, 5.436601862311363, 0.4348879304889124]
[5.02145231096074, 5.207384504377842, 0.4344109137891792]
[5.027328850468621, 4.972184218466282, 0.43448256283591036]
[5.032595085678622, 4.73345060646534, 0.43455175719282124]
[5.037161602173001, 4.492131233215332, 0.4346509714741842]
[5.0409848663257435, 4.247849762439728, 0.4345982821396319]
[5.0437942433636636, 3.9988978505134583, 0.4345780256408034]
[5.045107507146895, 3.742118164896965, 0.4345714512564882]
[5.044650341122178, 3.472656860947609, 0.4346986915843445]
[5.04236566205509, 3.183371067047119, 0.43460113653418375]
[5.036774988286197, 2.866596981883049, 0.43426567522692494]
[5.027463221922517, 2.5176687240600586, 0.43359820332261734]
[5.012943455949426, 2.137980654835701, 0.43295130200567655]
[4.9929237104952335, 1.7340053170919418, 0.43238753723562695]
[4.966258308850229, 1.3135420382022858, 0.4319399458472617]
[4.9329520128667355, 0.8828906863927841, 0.4317130885901861]
[4.891993010416627, 0.4461173415184021, 0.4316154902553535]
[4.843015845865011, 0.005376890301704407, 0.4314759684220917]
[4.7856495548039675, -0.4384443163871765, 0.4314335171802668]
[4.719285096973181, -0.8854466527700424, 0.4314928236435662]
[4.643428821116686, -1.337498277425766, 0.4314510566437093]
[4.556985925883055, -1.799271211028099, 0.43138168217410566]
[4.456581737846136, -2.280330017209053, 0.43137247034246684]
[4.337189011275768, -2.796529769897461, 0.4316533484379761]
[4.19212269037962, -3.365480363368988, 0.43190438776582596]
[4.016475260257721, -3.995960086584091, 0.43166135676801787]
[3.809392526745796, -4.682809352874756, 0.4318081898854871]
[3.574049189686775, -5.412791877985001, 0.4317368495030678]
[3.31354521214962, -6.173379421234131, 0.4317531140295614]
[3.030482679605484, -6.9578966200351715, 0.43175924033312185]
[2.7262841016054153, -7.764349967241287, 0.4317679422129004]
[2.4037154614925385, -8.590840727090836, 0.4318769339224673]
[2.068358913064003, -9.431445330381393, 0.4318677420324093]
[1.7268367111682892, -10.279285192489624, 0.4316345258266665]
[1.3852402120828629, -11.12949001789093, 0.43123298323189374]
[1.0495777279138565, -11.977446287870407, 0.43098881187688676]
[0.7256109416484833, -12.816439390182495, 0.4309811885468662]
[0.41819679737091064, -13.63689449429512, 0.4306268691434525]
[0.14808055758476257, -14.382155239582062, 0.42605266510508955]
[-0.09236440062522888, -15.067381739616394, 0.4341156156733632]
[-0.32474230974912643, -15.741444826126099, 0.4368194429553114]
[-0.5407658964395523, -16.413783609867096, 0.4252603598870337]
[-0.7248245254158974, -17.090998619794846, 0.434386492241174]
[-0.89446971565485, -17.77147939801216, 0.4300925452262163]
[-1.0552221164107323, -18.462675392627716, 0.4322860366664827]
[-1.2100602462887764, -19.171499520540237, 0.43092216484365053]
[-1.35459204018116, -19.901555716991425, 0.43168825645261677]
[-1.4801443368196487, -20.648464143276215, 0.43136100439733127]
[-1.5820564329624176, -21.40503290295601, 0.43155923316953704]
[-1.6621450297534466, -22.16553881764412, 0.43077169050229713]
[-1.7224878128618002, -22.925650864839554, 0.4306444105677656]
[-1.7634442746639252, -23.680121034383774, 0.43069276126334444]
[-1.7801435668952763, -24.421533316373825, 0.4306069178637699]
[-1.76829201169312, -25.140205919742584, 0.4306676927917579]
[-1.7322957385331392, -25.820050925016403, 0.43035513631184585]
[-1.6788487546145916, -26.448271691799164, 0.4303707002691226]
[-1.6124520227313042, -27.049725234508514, 0.4304888610349735]
[-1.5330883376300335, -27.631288170814514, 0.43059064596309327]
[-1.438080783933401, -28.197132259607315, 0.4304041551404225]
[-1.3217763528227806, -28.7485111951828, 0.430643180255629]
[-1.1837000846862793, -29.28726351261139, 0.4310255378950387]
[-1.0272321552038193, -29.816999405622482, 0.430733110406436]
[-0.8548314943909645, -30.34255200624466, 0.4311871377576608]
[1.0936126112937927, -34.10379455983639, 0.43097103428772243]
[1.4363024234771729, -34.54550330340862, 0.4311937155434862]
[1.7888984233140945, -34.972133576869965, 0.4310376606299542]
[2.1463468819856644, -35.3898266851902, 0.43092048783728387]
[2.5090268701314926, -35.80258831381798, 0.43081351397995604]
[6.287531316280365, -38.84772510826588, 0.4316147597419331]
[6.971930950880051, -39.242310509085655, 0.43113810614158865]
[7.668636590242386, -39.62323376536369, 0.43090380066860234]
[8.3748217523098, -39.99185514450073, 0.4309600766428048]
[9.090985000133514, -40.34526750445366, 0.4310169532254804]
[9.819408863782883, -40.677736327052116, 0.431250232461025]
[10.563182830810547, -40.98744133114815, 0.43137304407719057]
[11.32997015118599, -41.2783672362566, 0.43162935542932246]
[12.136948883533478, -41.557332038879395, 0.43158917693835974]
[13.00314137339592, -41.82400996983051, 0.4318766852666158]
[13.9330475628376, -42.070101492106915, 0.4318950919114286]
[14.915473371744156, -42.289114877581596, 0.4317396499100141]
[15.934857904911041, -42.48048102110624, 0.43149374835775234]
[16.97874104976654, -42.6451962441206, 0.4314557604302536]
[18.03902816772461, -42.78142512589693, 0.4314921197174044]
[19.111117362976074, -42.88543110713363, 0.43152884193477803]
[20.19353210926056, -42.95635995641351, 0.4316580055274244]
[21.28912127017975, -42.99699649773538, 0.4317914047278464]
[22.406459629535675, -43.01092571183108, 0.4319237523886841]
[23.55935901403427, -42.99944552499801, 0.43211379121930804]
[24.76088237762451, -42.96171304024756, 0.4323065979478997]
[26.01478910446167, -42.896930158138275, 0.4323569595144363]
[27.313703298568726, -42.806682240217924, 0.43216895722434856]
[28.64491856098175, -42.694280598312616, 0.43209090695381747]
[29.997079610824585, -42.56371020525694, 0.43211728190908616]
[31.363242208957672, -42.41917209327221, 0.43218027248440194]
[32.739999890327454, -42.26489330083132, 0.4322404218110023]
[34.12602347135544, -42.104686230421066, 0.43229304880151176]
[35.5216628909111, -41.941829577088356, 0.43232390444973134]
[36.92889928817749, -41.77849322557449, 0.4323688209806278]
[38.35207676887512, -41.615687765181065, 0.43249064987321617]
[39.80081993341446, -41.45325376838446, 0.43261443590017734]
[41.29076135158539, -41.28984986245632, 0.43277730309637263]
[42.83680599927902, -41.12391307204962, 0.4329266986460425]
[44.442941308021545, -40.955122888088226, 0.4328525505034122]
[46.09975093603134, -40.78467179834843, 0.43274398498033406]
[47.79210203886032, -40.613783180713654, 0.4325906496014795]
[49.50733011960983, -40.442837439477444, 0.43245821274467744]
[51.23786514997482, -40.27093696594238, 0.4324655602222265]
[52.98043221235275, -40.09601990878582, 0.43248610555201594]
[54.734908401966095, -39.914829798042774, 0.4325599304611387]
[56.50385540723801, -39.72335997223854, 0.4326165194543137]
[58.29335355758667, -39.51718536019325, 0.4327115011637943]
[60.11310613155365, -39.292660281062126, 0.43285750131326495]
[61.97172921895981, -39.04777729511261, 0.4330171851615887]
[63.871212005615234, -38.7823873013258, 0.4329604482045397]
[65.8059555888176, -38.49886377155781, 0.4328509505448892]
[67.76691657304764, -38.20086407661438, 0.43273216670786496]
[69.7465842962265, -37.89230674505234, 0.43269100757242995]
[71.74045544862747, -37.57661247253418, 0.43272874415197293]
[73.74701356887817, -37.256536424160004, 0.43282073116643005]
[75.76722776889801, -36.933645233511925, 0.4329452516976744]
[77.80472505092621, -36.60859298706055, 0.43300676948274486]
[79.86570656299591, -36.28093563020229, 0.43311481540149543]
[81.95764803886414, -35.94920143485069, 0.4332126064928161]
[84.08610260486603, -35.61133775115013, 0.4333086719161656]
[86.25180089473724, -35.26578329503536, 0.4332886113352288]
[88.45057463645935, -34.912240609526634, 0.43317353958263993]
[90.67584776878357, -34.55165037512779, 0.4331151205333299]
[92.92145597934723, -34.18555437028408, 0.43309060144383693]
[95.18324649333954, -33.8154983073473, 0.43309416797001177]
[97.4591212272644, -33.442243203520775, 0.43310705355906975]
[99.74884307384491, -33.065805837512016, 0.4331728201304941]
[102.05422508716583, -32.68610955774784, 0.43324298695733887]
[104.37917113304138, -32.302493155002594, 0.4333274673335836]
[106.72842729091644, -31.91259552538395, 0.43340902653653757]
[109.10536420345306, -31.511751860380173, 0.4334474442644023]
[111.51056385040283, -31.09479884803295, 0.43343376615484885]
[113.9415864944458, -30.658237025141716, 0.4333673786786676]
[116.3941330909729, -30.200919285416603, 0.4333793989062542]
[118.86346805095673, -29.723765283823013, 0.43337070051347837]
[121.34593498706818, -29.229467496275902, 0.4333333026552282]
[123.8395482301712, -28.722086757421494, 0.4333759505261696]
[126.34405529499054, -28.205606430768967, 0.4334097164974082]
[128.86056685447693, -27.68307015299797, 0.43348685840282997]
[131.39076912403107, -27.15581503510475, 0.43357255081718904]
[133.93602335453033, -26.62360906600952, 0.4335694825003884]
[136.49691832065582, -26.08531352877617, 0.4336759554716991]
[139.07372200489044, -25.53985747694969, 0.433621979345844]
[141.6671154499054, -24.986834436655045, 0.4336468857309228]
[144.27844524383545, -24.425960153341293, 0.4336591197152302]
[146.90886318683624, -23.85537824034691, 0.43363336346919823]
[149.5582081079483, -23.2711663544178, 0.43365604605696717]
[152.22476184368134, -22.668713450431824, 0.4335926085623214]
[154.9052356481552, -22.044998228549957, 0.43355583988159196]
[157.5965999364853, -21.39987701177597, 0.43358516792432056]
[160.29623985290527, -20.735685646533966, 0.4334541406205972]
[163.0028122663498, -20.056034445762634, 0.4335464763134951]
[165.71626448631287, -19.364982575178146, 0.43360925875094836]
[168.43758058547974, -18.6661379635334, 0.43358658154465957]
[171.16854739189148, -17.962054818868637, 0.43371432837011525]
[173.91158258914948, -17.25369691848755, 0.4337129594387079]
[176.6695020198822, -16.54039254784584, 0.43377809366575093]
[179.44500982761383, -15.820383220911026, 0.4338660371613514]
[182.24042534828186, -15.092227786779404, 0.4338664587603489]
[185.05685925483704, -14.35588014125824, 0.4339180850693083]
[187.89415848255157, -13.612726420164108, 0.433888519221]
[190.75082004070282, -12.864695191383362, 0.4338738338883559]
[193.62433218955994, -12.11305981874466, 0.4338301921088714]
[196.51220762729645, -11.358325719833374, 0.43385431635397254]
[199.41243815422058, -10.6004179418087, 0.43383001084657735]
[202.32388353347778, -9.839066237211227, 0.43382552821276477]
[205.24650263786316, -9.074120908975601, 0.433888034625852]
[208.1812402009964, -8.305589616298676, 0.4339047212379228]
[211.12982666492462, -7.533467561006546, 0.4339536583534027]
[214.09449553489685, -6.757695883512497, 0.43401822051146155]
[217.07753002643585, -5.977658212184906, 0.43406140827573836]
[220.07996737957, -5.191040098667145, 0.43405703524877026]
[223.10063338279724, -4.394050240516663, 0.4340360442056408]
[226.13565576076508, -3.5835399329662323, 0.4340223237304599]
[229.1790759563446, -2.7587143182754517, 0.43390439052018337]
[232.22495245933533, -1.9217602610588074, 0.4337669720116537]
[235.26880776882172, -1.0765612423419952, 0.43370609268458793]
[238.30695259571075, -0.2264174222946167, 0.43363767507253215]
[241.3350694179535, 0.6268056929111481, 0.43376295096823014]
[244.34842824935913, 1.479860633611679, 0.433448969561141]
[247.3401756286621, 2.3285841941833496, 0.43357127282433794]
[250.24333250522614, 3.15383517742157, 0.4279980789870024]
[253.02115428447723, 3.946208357810974, 0.43682345002889633]
[255.77126741409302, 4.734051078557968, 0.4535868573002517]
[258.5005248785019, 5.518464893102646, 0.43236258067190647]
[261.21499466896057, 6.294581413269043, 0.4331697439774871]
[263.9097810983658, 7.05802395939827, 0.4319180785678327]
[266.5752489566803, 7.808654397726059, 0.43406339921057224]
[269.2196054458618, 8.55440267920494, 0.43339814292266965]
[271.8393428325653, 9.301346838474274, 0.4329840582795441]
[274.4145631790161, 10.050127685070038, 0.43011338473297656]
[276.91280007362366, 10.792521357536316, 0.433855194831267]
[279.38026106357574, 11.534590989351273, 0.43146598571911454]
[281.81858122348785, 12.279201328754425, 0.43303324573207647]
[284.22473549842834, 13.029310047626495, 0.43227203853894025]
[286.5887563228607, 13.781726956367493, 0.43214893408003263]
[288.90395414829254, 14.52870523929596, 0.43269305403373437]
[291.1892240047455, 15.270260959863663, 0.43274360708892345]
[293.4445481300354, 16.00551125407219, 0.4323716532380786]
[295.6619242429733, 16.73089548945427, 0.43205199419753626]
[297.83530712127686, 17.440879344940186, 0.4325677741726395]
[299.97725796699524, 18.136583477258682, 0.43233935718308203]
[302.08357214927673, 18.818129241466522, 0.4324763848853763]
[304.1538989543915, 19.487603098154068, 0.4323113254395139]
[306.18787002563477, 20.14697453379631, 0.4320673545826139]
[308.1830640435219, 20.79646074771881, 0.4320741358533269]
[310.1399835944176, 21.435923725366592, 0.4318744748161407]
[312.05358296632767, 22.0626018345356, 0.43176513664002414]
[313.9220513701439, 22.674546092748642, 0.43170124296011636]
[315.7531855106354, 23.273674815893173, 0.4323248793371022]
[317.55344915390015, 23.862256854772568, 0.43151784723158926]
[319.3202084302902, 24.440093338489532, 0.43236933476873673]
[321.05523324012756, 25.00638258457184, 0.4312749548116699]
[322.755755841732, 25.560276329517365, 0.4320916672149906]
[324.40592509508133, 26.095110177993774, 0.4305520228808746]
[325.9858193397522, 26.604790896177292, 0.43181439477484673]
[327.52056819200516, 27.097932443022728, 0.43127344554523006]
[329.0102807879448, 27.576017513871193, 0.4309541908587562]
[330.4568740725517, 28.040947571396828, 0.4320218924549408]
[331.87513971328735, 28.4997910708189, 0.431646304030437]
[333.2504099011421, 28.949038222432137, 0.4288884012494236]
[334.550484418869, 29.378380596637726, 0.43151501257671043]
[335.8071798682213, 29.795920237898827, 0.4302049916004762]
[337.00745129585266, 30.20278014242649, 0.43083564296830446]
[338.180606007576, 30.608636394143105, 0.4321305743069388]
[339.3333474993706, 31.022267282009125, 0.43054027610924095]
[340.4662996530533, 31.45134626328945, 0.43206509583978914]
[341.5811777114868, 31.894716829061508, 0.43170581600861624]
[342.680754840374, 32.34872004389763, 0.4317112280114088]
[343.7685983181, 32.811056926846504, 0.4311660105304327]
[344.8467209339142, 33.28274607658386, 0.4313055486218218]
[345.9146052002907, 33.76707445085049, 0.43134047689454746]
[346.97018069028854, 34.26763412356377, 0.43155651362030767]
[348.0124887228012, 34.78532063961029, 0.431802538332704]
[349.04372626543045, 35.31758260726929, 0.4317764160805382]
[350.0685198903084, 35.861173182725906, 0.4316343332793622]
[351.090957403183, 36.41549679636955, 0.4317086296287016]
[352.112266600132, 36.98334044218063, 0.43184264840965625]
[353.13171684741974, 37.56785836815834, 0.4320155720997718]
[354.14811062812805, 38.17039895057678, 0.43212025693810574]
[355.1605803370476, 38.79057660698891, 0.4318242526205722]
[356.1679102778435, 39.42787376046181, 0.4316048524269718]
[357.1673192381859, 40.08265495300293, 0.4315169544224773]
[358.15433686971664, 40.755705803632736, 0.43149738396277826]
[359.1236316561699, 41.44744321703911, 0.43145489576272666]
[360.070533066988, 42.156554132699966, 0.4314378370909253]
[360.9918476343155, 42.879698902368546, 0.4313432835660933]
[361.88609677553177, 43.61240515112877, 0.4311595197323186]
[362.75303342938423, 44.350978165864944, 0.43114475927905005]
[363.59284725785255, 45.09339702129364, 0.4310999031349638]
[364.4056415259838, 45.83897367119789, 0.4311511416490248]
[365.19077333807945, 46.586518704891205, 0.4312025435247051]
[365.9474807679653, 47.33339563012123, 0.43117538325168425]
[366.67609736323357, 48.07682067155838, 0.4310198853709153]
[367.3775083422661, 48.81494203209877, 0.43097447721993376]
[367.7182113826275, 49.1817724108696, 0.43094911736443464]
[368.3792507648468, 49.91138193011284, 0.4308876921713818]
[369.01201033592224, 50.63666135072708, 0.430864943038614]
[369.6157262325287, 51.358397245407104, 0.4309758028430224]
[370.19115564227104, 52.07660615444183, 0.43097923655477643]
[370.73997271060944, 52.79111310839653, 0.4308648072255892]
[371.2640288770199, 53.50194936990738, 0.4308744139298142]
[371.76444962620735, 54.20951443910599, 0.4308770882598765]
[372.2417658418417, 54.91432523727417, 0.4308517194385786]
[372.69664964079857, 55.616962403059006, 0.4309383718355093]
[373.12968780100346, 56.31846123933792, 0.4310143377715576]
[373.54168842732906, 57.01988607645035, 0.4308434318227228]
[373.9330465644598, 57.722350031137466, 0.43100143180345185]
[374.30361734330654, 58.42695876955986, 0.4309620983185596]
[374.6537891328335, 59.13423293828964, 0.4309639122284352]
[374.98337987065315, 59.844148427248, 0.4310822655170341]
[375.29259191453457, 60.55581918358803, 0.4309398264740594]
[375.5812194943428, 61.26768562197685, 0.4308578477866831]
[375.84828920662403, 61.977640837430954, 0.4308980128444091]
[376.09323720633984, 62.68258544802666, 0.4307773544169322]
[376.31512232124805, 63.379031985998154, 0.43076751810804126]
[376.5139168128371, 64.06319078803062, 0.43070777591856313]
[376.69015800207853, 64.73145505785942, 0.43057905138630304]
[376.8443826660514, 65.38073459267616, 0.43068217564723454]
[376.9770439565182, 66.00856930017471, 0.43050005711847916]
[377.0879091359675, 66.61344364285469, 0.4305376466945745]
[377.1775792501867, 67.19458994269371, 0.43057671862334246]
[377.2466228157282, 67.75293034315109, 0.4303473318923352]
[377.2956623658538, 68.29118713736534, 0.4304568013176322]
[377.32565745152533, 68.8132951259613, 0.4305264520517085]
[377.3355585280806, 69.32344180345535, 0.43054409850446973]
[377.32484084554017, 69.82526570558548, 0.43087928512250073]
[376.5888834223151, 73.65487232804298, 0.4309943815351289]
[375.0075536966324, 76.84758576750755, 0.4310591694666073]
[374.741238117218, 77.21215088665485, 0.43142151896608993]
[371.67467188835144, 80.36433552205563, 0.430606884030567]
[371.16720601916313, 80.76399554312229, 0.4305171516898554]
[370.65854558348656, 81.14133432507515, 0.4306287683430128]
[370.14484786987305, 81.49028457701206, 0.4306955568972626]
[369.625318557024, 81.81295467913151, 0.431330383522436]
[369.1013545393944, 82.11805275082588, 0.4310985451738816]
[368.570996761322, 82.41376183927059, 0.4309719416414737]
[368.02569913864136, 82.70494131743908, 0.43119988884427585]
[367.4521886706352, 82.99379286170006, 0.43139076203806326]
[366.8344101011753, 83.27749551832676, 0.4317140110360924]
[366.16413927078247, 83.5559069365263, 0.43187841910003044]
[365.4469658732414, 83.82736149430275, 0.43131974386051297]
[364.6962038874626, 84.08593940734863, 0.43119992798165185]
[363.92476603388786, 84.32680728286505, 0.43115166853385745]
[363.1410580277443, 84.54587070643902, 0.43118469353430555]
[362.3504182100296, 84.74225052446127, 0.4310969726757321]
[361.5560977756977, 84.91770131886005, 0.43110967797474586]
[360.7591545879841, 85.07523115724325, 0.4309996677657182]
[359.9584088921547, 85.21768037229776, 0.4310883615689818]
[359.14985847473145, 85.34681355208158, 0.4313872811908368]
[358.32311767339706, 85.46477879956365, 0.43178352709219325]
[357.455199688673, 85.57476932555437, 0.43206684285541996]
[356.51613730192184, 85.67972822114825, 0.43232929371379214]
[355.49242717027664, 85.7793619632721, 0.43222336952749174]
[354.3979403972626, 85.87148287519813, 0.43210843797714915]
[353.2580226659775, 85.95449943840504, 0.4319030148294587]
[352.0921051502228, 86.02708395570517, 0.4317423339889501]
[350.90991711616516, 86.08757766522467, 0.43179157475969987]
[349.71423077583313, 86.13506998308003, 0.43184308347917977]
[348.50212585926056, 86.16953201498836, 0.4320256401406368]
[347.26375675201416, 86.19122031051666, 0.4321654109371593]
[345.9975725412369, 86.1996486231219, 0.43267703929450363]
[344.7263618707657, 86.1989271773491, 0.43489863531431183]
[343.40021592378616, 86.18645234964788, 0.43289999244734645]
[341.9782105088234, 86.1528061684221, 0.4304091890808195]
[340.49273508787155, 86.08659529685974, 0.4335191361606121]
[338.9606192111969, 85.98439715057611, 0.43127085478045046]
[337.4105456471443, 85.86249135434628, 0.43125255190534517]
[335.855341732502, 85.72353189438581, 0.4316210703109391]
[334.3030502796173, 85.55988743156195, 0.43089531356235966]
[332.75808745622635, 85.36454619467258, 0.43204402264382225]
[331.2198566198349, 85.1413700953126, 0.43241404541186057]
[329.6835933327675, 84.89535965025425, 0.43215679365675896]
[328.1389910578728, 84.62726026773453, 0.4323546630330384]
[326.56358128786087, 84.33274069428444, 0.4321726746711647]
[324.9272280931473, 84.00412274897099, 0.43294844977208413]
[323.2161782383919, 83.63796950876713, 0.4327989139710553]
[321.4442325234413, 83.23911307752132, 0.4325228884117678]
[319.6382768750191, 82.81487753987312, 0.432339718361618]
[317.8196675181389, 82.37048348784447, 0.4324010093550896]
[315.99915558099747, 81.90984959900379, 0.43225231236283435]
[314.18036782741547, 81.4367028772831, 0.4323329842300154]
[312.36327946186066, 80.95447617769241, 0.43228433886542916]
[310.5456612110138, 80.46538409590721, 0.43243210192304105]
[308.72293424606323, 79.97018344700336, 0.43263611089787446]
[306.8859416246414, 79.46799945831299, 0.43289209221256897]
[305.01812571287155, 78.95579516887665, 0.43312217979109846]
[303.10205042362213, 78.42993122339249, 0.43335288333150856]
[301.1353954076767, 77.89057549834251, 0.4331972302607028]
[299.13417065143585, 77.34310820698738, 0.4329648509446997]
[297.11775636672974, 76.79425704479218, 0.4326527376906597]
[295.0980203151703, 76.24907478690147, 0.4325393598264782]
[293.08295488357544, 75.7113787829876, 0.4325959503185004]
[291.08206182718277, 75.18506416678429, 0.4324524966214085]
[289.1199052929878, 74.67554834485054, 0.42973693856038153]
[287.2537860274315, 74.19593977928162, 0.43072120466968045]
[285.41833740472794, 73.72662581503391, 0.43186455173417926]
[283.6047654747963, 73.27345091104507, 0.43206559636746533]
[281.8100475668907, 72.83895997703075, 0.43241232198488433]
[280.03351402282715, 72.42142148315907, 0.4323689521988854]
[278.27708476781845, 72.01476772129536, 0.4323055594286416]
[276.544061422348, 71.61217193305492, 0.4317858513313695]
[274.83835780620575, 71.20901036262512, 0.4317551737767644]
[273.16566014289856, 70.80587087571621, 0.43124430876923725]
[271.5364915728569, 70.40869845449924, 0.43182650819653645]
[269.9394357204437, 70.02010914683342, 0.43197195699758595]
[268.37051194906235, 69.64098416268826, 0.4318189960467862]
[266.82946342229843, 69.27072930335999, 0.43184671732160496]
[265.3164612650871, 68.90796834230423, 0.43174881151207956]
[263.8317995071411, 68.55141438543797, 0.4316552485133798]
[262.37573355436325, 68.19967962801456, 0.431633917374711]
[260.9489442706108, 67.85195250809193, 0.4315679060873663]
[259.5569275021553, 67.50967651605606, 0.43124376223568106]
[258.1959787607193, 67.1723221540451, 0.4317407554408419]
[256.86290669441223, 66.8387498408556, 0.43139865347984596]
[255.5586018562317, 66.50723265111446, 0.4315735480777221]
[254.2830160856247, 66.17710833251476, 0.43137085562193533]
[253.0352467894554, 65.84812664985657, 0.431444384776114]
[251.81451588869095, 65.52071724832058, 0.431323352153413]
[250.62058609724045, 65.1953626126051, 0.4313413087838853]
[249.4534397125244, 64.8729055672884, 0.4312793181525194]
[248.31333875656128, 64.55406294763088, 0.43129086876797373]
[247.20084983110428, 64.23948712646961, 0.43124338666348194]
[246.11870646476746, 63.93037050962448, 0.43086885267985053]
[245.0718670487404, 63.628651306033134, 0.43135029819677584]
[244.05327826738358, 63.33331462740898, 0.43085946384235285]
[243.06344231963158, 63.043847784399986, 0.4311352982185781]
[242.10260766744614, 62.76048029959202, 0.4308583525416907]
[241.1718229651451, 62.48414593935013, 0.43097781894903164]
[240.26993849873543, 62.21505656838417, 0.4308729058229801]
[239.39541882276535, 61.95281067490578, 0.43081846479253727]
[238.549113124609, 61.6975042372942, 0.4307524554351403]
[237.7325215935707, 61.44996943324804, 0.4306526158761699]
[236.94660198688507, 61.21153116226196, 0.43063230609095626]
[236.18893745541573, 60.98173463344574, 0.4307335031326147]
[235.4586822092533, 60.76009637117386, 0.43060752352903364]
[234.75811371207237, 60.546984396874905, 0.43042076083656866]
[234.0892851948738, 60.34325632452965, 0.43062933898181655]
[233.44752624630928, 60.147870659828186, 0.4304065887554316]
[232.83261826634407, 59.95999327301979, 0.43041930961726393]
[232.24508184194565, 59.77968821674585, 0.43034372429247014]
[231.68834528326988, 59.608521826565266, 0.43021535604202654]
[231.16599878668785, 59.44831754267216, 0.43015348201424786]
[230.6734820753336, 59.297362595796585, 0.43034133498440497]
[230.2076320797205, 59.154689744114876, 0.4304779871017672]
[229.7683710306883, 59.01970987021923, 0.43086255187517963]
[229.3564359396696, 58.89296920225024, 0.4312952262844192]
[229.00133503973484, 58.78444495797157, 0.4312258861027658]
[228.70456817746162, 58.69266137108207, 0.43388506038172636]
[228.43513920903206, 58.61217962950468, 0.4331977133406326]
[228.20802704244852, 58.54293866083026, 0.4344026174512692]
[228.01186184585094, 58.48314419016242, 0.4342176811005629]
[227.8421006500721, 58.43202191777527, 0.43455671530682594]
[227.69806818664074, 58.38811460323632, 0.43417706591571914]
[227.57810170948505, 58.35201311856508, 0.4342443598434329]
[227.48027604073286, 58.32216987852007, 0.4342370657832362]
[227.4018159136176, 58.29831754043698, 0.4344927156053018]
[227.34116028249264, 58.2793686427176, 0.43478414590936154]
[227.29493589885533, 58.26465567201376, 0.4352345095248893]
[227.25852312892675, 58.25361630925909, 0.4346392374136485]
[227.23029192443937, 58.24467321531847, 0.4359396501095034]
[227.20644526928663, 58.236811405047774, 0.4336433243006468]
[227.1864894144237, 58.231231258949265, 0.43634344349993626]
[227.1673063347116, 58.22477140300907, 0.43448236264521256]
[227.14746576640755, 58.21898938622326, 0.43619162612594664]
[227.12834133114666, 58.21306505962275, 0.435510455572512]
[227.109765782021, 58.20664937491529, 0.4343140870332718]
[227.09532879758626, 58.202599411364645, 0.4356185558717698]
[227.0860670604743, 58.199448809726164, 0.43542864968185313]
[227.07868441194296, 58.197565157315694, 0.4356939842837164]
[227.07074545230716, 58.19452820322476, 0.4351964723318815]
[227.05726654455066, 58.19097334961407, 0.434746165323304]
[227.03377343714237, 58.18338218796998, 0.43633775296621025]
[226.98265795782208, 58.16711856331676, 0.43417614605277777]
[226.88045850023627, 58.13591715879738, 0.4371409279992804]
[226.71393673866987, 58.08381228335202, 0.43514800060074776]
[226.49306812137365, 58.01568082347512, 0.43483757140347734]
[226.240259334445, 57.937427308410406, 0.43400016019586474]
[225.9725185483694, 57.854456067085266, 0.43387675419216976]
[225.69871945679188, 57.769701078534126, 0.4341437352122739]
[225.42323318123817, 57.68445509299636, 0.43415553847444244]
[225.1486411243677, 57.5993691124022, 0.4341607022797689]
[224.8760654181242, 57.51478290185332, 0.43389764743915293]
[224.60543382167816, 57.43055720254779, 0.43385011673672125]
[224.33554841578007, 57.3463251888752, 0.43396752497937996]
[224.06394618749619, 57.26123070344329, 0.4341923481733829]
[223.7866983115673, 57.174065098166466, 0.4345160165685229]
[223.49669744074345, 57.082464937120676, 0.4344675660249777]
[223.1822670698166, 56.98239615559578, 0.434104444750119]
[222.83011995255947, 56.86933993175626, 0.433305224229116]
[222.43375352025032, 56.74111723899841, 0.4322173763648607]
[221.9981850683689, 56.599246598780155, 0.4314171414298471]
[221.53480018675327, 56.44693325459957, 0.4312579732722952]
[221.05390112102032, 56.287441812455654, 0.4310663784162898]
[220.5618854612112, 56.12281019985676, 0.4309882676404868]
[220.06150770187378, 55.95382085442543, 0.43102769290999277]
[219.5523612499237, 55.78016036748886, 0.4312584177896497]
[219.0298575758934, 55.600258842110634, 0.43139959019754315]
[218.48233342170715, 55.41007312387228, 0.4315370363474358]
[217.8893032670021, 55.20216089487076, 0.43165540563495597]
[217.2296137213707, 54.96828292310238, 0.4317817970440956]
[216.4960983991623, 54.705858424305916, 0.43200856563044]
[215.69942665100098, 54.41860085725784, 0.43180005676549627]
[214.8574436903, 54.11306330561638, 0.4318046666921873]
[213.98435580730438, 53.79419648647308, 0.4317450458620442]
[213.08708822727203, 53.46446967124939, 0.43183367883830215]
[212.1657989025116, 53.12407076358795, 0.43193516362225637]
[211.21466106176376, 52.77115923166275, 0.43207275147142354]
[210.223353266716, 52.40212540328503, 0.432226159304264]
[209.18175899982452, 52.013403832912445, 0.43237481316464255]
[208.0865135192871, 51.60404543578625, 0.4324348012817154]
[206.94344079494476, 51.17640361189842, 0.43235850734890846]
[205.76320749521255, 50.73452913761139, 0.43225732650535065]
[204.55474770069122, 50.281894624233246, 0.43224058083160344]
[203.32323282957077, 49.820529118180275, 0.4322531997513579]
[202.07045328617096, 49.35111093521118, 0.43233577636783593]
[200.7947223186493, 48.87306569516659, 0.43245310851489194]
[199.49091404676437, 48.384458899497986, 0.4325318295232137]
[198.15109419822693, 47.882209211587906, 0.4326537546439795]
[196.76756930351257, 47.363345712423325, 0.43268436139078403]
[195.33739858865738, 46.82704943418503, 0.4327769860847184]
[193.86423391103745, 46.27472573518753, 0.43270483332889853]
[192.35582154989243, 45.70920693874359, 0.43260687745714677]
[190.82002574205399, 45.13342043757439, 0.4325270082845236]
[189.2625692486763, 44.54952293634415, 0.43257422094757203]
[187.68627429008484, 43.958784341812134, 0.4325846132142033]
[186.09143024683, 43.36138841509819, 0.43266967935778666]
[184.47570896148682, 42.75684866309166, 0.43273903734007035]
[182.83547055721283, 42.14305239915848, 0.4328232991792902]
[181.1668558716774, 41.51687681674957, 0.43288707489773515]
[179.46769565343857, 40.87499389052391, 0.4328884062306315]
[177.7378563284874, 40.21477219462395, 0.43289644989636145]
[175.9797026515007, 39.535134851932526, 0.43281438486883417]
[174.19798529148102, 38.83678677678108, 0.4327922877491801]
[172.3976926803589, 38.12163108587265, 0.4327386422919517]
[170.58260637521744, 37.39221867918968, 0.4327581301022292]
[168.75408107042313, 36.65115714073181, 0.432758267461395]
[166.91096663475037, 35.900619834661484, 0.43278766264756996]
[165.05015403032303, 35.141578286886215, 0.432913509735954]
[163.16717195510864, 34.37351566553116, 0.43307218750123866]
[161.25719702243805, 33.59482076764107, 0.43314594010371366]
[159.31651318073273, 32.803746342659, 0.4332094037163188]
[157.34413635730743, 31.9993939101696, 0.43320818302709085]
[155.3421905040741, 31.18219229578972, 0.4332119150312792]
[153.31482791900635, 30.35361722111702, 0.43309154850430787]
[151.26642048358917, 29.515554070472717, 0.4331748788972618]
[149.20014083385468, 28.669704377651215, 0.43302298445632914]
[147.11759912967682, 27.817191690206528, 0.43313709680660395]
[145.01877343654633, 26.958591401576996, 0.4331464436763781]
[142.90219008922577, 26.09398326277733, 0.4332549378123076]
[140.7651286125183, 25.223030179739, 0.43330112992043723]
[138.60424900054932, 24.344738095998764, 0.43338871234209364]
[136.41819190979004, 23.456974864006042, 0.433404055437677]
[134.21116828918457, 22.55734157562256, 0.4333446836062649]
[131.9926916360855, 21.644479602575302, 0.43315763953432906]
[129.77263128757477, 20.718046963214874, 0.43289549893233925]
[127.55833148956299, 19.777978479862213, 0.43268803433602443]
[125.35606300830841, 18.82500621676445, 0.43263513753845473]
[123.17409074306488, 17.862166553735733, 0.43265481178423215]
[121.05437111854553, 16.91379204392433, 0.42474134592339396]
[119.09398877620697, 16.02996039390564, 0.43020148086361587]
[117.16348266601562, 15.169105887413025, 0.431066922377795]
[115.25865191221237, 14.312518775463104, 0.4319594440748915]
[113.3830224275589, 13.45310863852501, 0.4325474343204405]
[111.54170835018158, 12.591614246368408, 0.43243305501528084]
[109.773162484169, 11.751549512147903, 0.4307543287286535]
[108.05090707540512, 10.921756148338318, 0.4329515538411215]
[106.3584418296814, 10.093245089054108, 0.4319926020107232]
[104.71834182739258, 9.271659880876541, 0.4307869076146744]
[103.14412647485733, 8.462164402008057, 0.4318737029680051]
[101.60666799545288, 7.652672171592712, 0.43168865208281204]
[100.10974740982056, 6.847832202911377, 0.4311539505433757]
[98.65472239255905, 6.051468908786774, 0.43157942849029496]
[97.2460977435112, 5.271690875291824, 0.43110262452682946]
[95.87375766038895, 4.504354119300842, 0.43206368360552005]
[94.53004413843155, 3.748037725687027, 0.4314039504242828]
[93.21051800251007, 3.0054281055927277, 0.43203666017507203]
[91.91024380922318, 2.2808936834335327, 0.4317220569209894]
[90.62572473287582, 1.5790859758853912, 0.4320881298772292]
[89.35413002967834, 0.9063276946544647, 0.4319850094761932]
[88.09469377994537, 0.26768526434898376, 0.43208839388535125]
[86.85741710662842, -0.3326725661754608, 0.4314239879604429]
[85.65883833169937, -0.8888671398162842, 0.43092105828691274]
[84.51683467626572, -1.4064915478229523, 0.4351411850657314]
[83.44920241832733, -1.8797011822462082, 0.4440143355168402]
[82.42431825399399, -2.312916934490204, 0.4526559155801806]
[81.37989228963852, -2.7244046926498413, 0.43099380377680063]
[80.31849831342697, -3.104493334889412, 0.4326077848672867]
[79.21648842096329, -3.484056994318962, 0.43239909363910556]
[78.07947492599487, -3.899443954229355, 0.43135161232203245]
[76.92972886562347, -4.341837212443352, 0.430523875169456]
[75.77799999713898, -4.788964495062828, 0.4313283289084211]
[74.6311651468277, -5.231338024139404, 0.4332159094992676]
[74.06784754991531, -5.446528941392899, 0.43049980932846665]
[73.09456944465637, -5.813880503177643, 0.4254155126400292]
[72.21122494339943, -6.142260700464249, 0.4338372517377138]
[71.35025498270988, -6.4641270488500595, 0.4304918149719015]
[70.50541010499, -6.784226521849632, 0.43134173300495604]
[69.67211306095123, -7.097448140382767, 0.43063364882254973]
[68.84592434763908, -7.396427765488625, 0.43116888441727497]
[68.02434495091438, -7.676202028989792, 0.4312425483367406]
[67.20697230100632, -7.932624623179436, 0.4314339424308855]
[66.398670732975, -8.167734563350677, 0.43118281109491363]
[65.60710179805756, -8.386270485818386, 0.43083410273175105]
[64.84087827801704, -8.592058092355728, 0.43057344017142896]
[64.1217910349369, -8.780329801142216, 0.4301238409807411]
[63.442096292972565, -8.951376847922802, 0.43104407482314855]
[62.78936046361923, -9.105947628617287, 0.43059546779841185]
[62.159178495407104, -9.24287886172533, 0.43084007111610845]
[61.5470372736454, -9.36165351420641, 0.4306447925628163]
[60.94990345835686, -9.461935114115477, 0.4308500480328803]
[60.3649600148201, -9.545798819512129, 0.4307623881359177]
[59.789147317409515, -9.613714151084423, 0.43100239483464975]
[59.219471991062164, -9.664868332445621, 0.4308125974057475]
[58.65349066257477, -9.699284465052187, 0.431074399210047]
[58.089668810367584, -9.716557499021292, 0.43086002743802965]
[57.52757394313812, -9.716803669231012, 0.4311689759197179]
[53.58997729420662, -9.07414149492979, 0.43101106364338193]
[50.86137491464615, -7.65474983304739, 0.4332616246538237]
[48.72843170911074, -5.359053760766983, 0.4318693060802161]
[47.464591167867184, -2.0871739089488983, 0.4314256188517902]
[47.43606325238943, 2.175091475248337, 0.4312967020086944]
[47.54687139764428, 2.780664086341858, 0.4317748315806966]
[47.67474897950888, 3.3966067135334015, 0.4314755730156321]
[47.82010594010353, 4.023908317089081, 0.4315886382973986]
[47.98581111431122, 4.664465844631195, 0.43175940891887876]
[48.174717508256435, 5.320748656988144, 0.4316262493703107]
[48.388456366956234, 5.995372503995895, 0.43192682779044844]
[48.62855315953493, 6.691172480583191, 0.43178721562435385]
[48.8966298699379, 7.411018669605255, 0.4319164357621048]
[49.19570475816727, 8.156823605298996, 0.43196999352949206]
[49.52859649062157, 8.927543699741364, 0.43217160755739314]
[49.89867849647999, 9.721672594547272, 0.431953208259074]
[50.30886332690716, 10.537804752588272, 0.4321681787041598]
[50.75867287814617, 11.375393122434616, 0.4320908773697738]
[51.24458037316799, 12.233680576086044, 0.4322369624860585]
[51.76117059588432, 13.106934130191803, 0.43220081189792836]
[52.301940590143204, 13.984296590089798, 0.4320551403798163]
[52.86132964491844, 14.856856882572174, 0.43166535698401276]
[53.14645430445671, 15.289655834436417, 0.4314988861879101]
[53.72405889630318, 16.145538419485092, 0.43140607237546647]
[54.305652529001236, 16.98387935757637, 0.43130144874885445]
[54.88177654147148, 17.79790958762169, 0.4309044734254712]
[55.407303154468536, 18.53175187110901, 0.4282764045638032]
[55.87973566353321, 19.18602478504181, 0.4329260375816375]
[56.301995664834976, 19.77170506119728, 0.43618535646237433]
[56.6855538636446, 20.312655806541443, 0.4407089746091515]
[57.06074057519436, 20.85549283027649, 0.4335190588608384]
[57.41984798014164, 21.39699414372444, 0.4278383814962581]
[57.77161483466625, 21.961852610111237, 0.4335658274940215]
[58.14717346429825, 22.574203073978424, 0.4313734124880284]
[58.544453382492065, 23.23929876089096, 0.4317578428890556]
[58.94606323540211, 23.940322250127792, 0.4309289112861734]
[59.33873599767685, 24.66066837310791, 0.4309168276085984]
[59.71262711286545, 25.39035326242447, 0.43093337246682495]
[60.05916139483452, 26.11739894747734, 0.4311529035185231]
[60.370488584041595, 26.82107040286064, 0.4298410785268061]
[60.620725363492966, 27.422886729240417, 0.42754643061198294]
[60.83004346489906, 27.977918654680252, 0.43251299508847296]
[61.021139323711395, 28.51832190155983, 0.42901055607944727]
[61.19376852363348, 29.051326006650925, 0.43047615041723475]
[61.348146602511406, 29.58166053891182, 0.4300252783577889]
[61.474674452096224, 30.113712400197983, 0.4309526603319682]
[61.573775701224804, 30.649075746536255, 0.431246820371598]
[61.672122713178396, 34.89536535739899, 0.43093720469187247]
[61.576956920325756, 35.44328045845032, 0.43108368339017034]
[60.58749280869961, 38.67560352385044, 0.4323800515849143]
[60.365660451352596, 39.091277062892914, 0.4307834431529045]
[57.48793329298496, 43.055637910962105, 0.430843703696155]
[56.99310676753521, 43.52824103832245, 0.43111032822343986]
[56.488169461488724, 43.97735205292702, 0.4311373417440336]
[55.97533518075943, 44.40718939900398, 0.4312623732475913]
[51.615157663822174, 46.95673181116581, 0.431621133669978]
[50.9386305809021, 47.20334178954363, 0.4315030807920266]
[50.25092661380768, 47.44322904199362, 0.43118753842645674]
[49.55376872420311, 47.67291972786188, 0.4311696278891759]
[48.849338948726654, 47.886046908795834, 0.43101613300314057]
[48.139503449201584, 48.07589364051819, 0.43102834292221814]
[47.42598682641983, 48.23951831459999, 0.4309822023133165]
[46.70988640189171, 48.379303112626076, 0.43101192685389833]
[45.99108809232712, 48.49905717000365, 0.43103181739570573]
[45.26769179105759, 48.59983229637146, 0.43103282210176985]
[44.53768649697304, 48.67967941612005, 0.4310788657530793]
[43.80072957277298, 48.73346424289048, 0.43121098203846486]
[43.057968616485596, 48.75518341548741, 0.4310686064272886]
[42.30982002615929, 48.74328722152859, 0.4312507662061762]
[41.554406583309174, 48.70149178430438, 0.4313851505794446]
[40.78864827752113, 48.634562250226736, 0.4314777783874888]
[40.011144548654556, 48.54333422705531, 0.43156299184192903]
[39.22301760315895, 48.4254206456244, 0.4313918688276317]
[38.427091270685196, 48.278848849236965, 0.43140558558297926]
[37.626463294029236, 48.1030957326293, 0.4311883543850854]
[36.82388287782669, 47.89859852939844, 0.43135506540420465]
[36.02172362804413, 47.66612845659256, 0.4313076687831199]
[35.22216114401817, 47.406345307826996, 0.4313568723227945]
[34.4266913831234, 47.120173662900925, 0.43119057272269856]
[33.63639384508133, 46.80807061493397, 0.43129456498718355]
[32.85207858681679, 46.4704107940197, 0.4311468940213672]
[32.07449862360954, 46.10682237148285, 0.4313160712408717]
[31.30379229784012, 45.71737891435623, 0.4312781043790892]
[30.539266884326935, 45.3022435605526, 0.43147192358446773]
[29.77950006723404, 44.86151388287544, 0.4315298461206112]
[29.023137032985687, 44.39440879225731, 0.43159108647159883]
[28.26929211616516, 43.899635165929794, 0.4315971733958577]
[27.517547756433487, 43.375850051641464, 0.431672125676414]
[26.76782462000847, 42.822422325611115, 0.4316857598023489]
[26.020498514175415, 42.23934644460678, 0.4317727414381807]
[25.27640351653099, 41.62704721093178, 0.43176101248536725]
[24.536808103322983, 40.985977709293365, 0.43172286210756283]
[23.80320194363594, 40.316445887088776, 0.43171864374380675]
[23.076764464378357, 39.618528723716736, 0.43169739687982656]
[22.357759565114975, 38.891862750053406, 0.43178851035190746]
[21.645377665758133, 38.135206669569016, 0.43179718605051676]
[20.93792513012886, 37.34615898132324, 0.43189219620398944]
[20.233397752046585, 36.52096730470657, 0.4319431800795428]
[19.529712080955505, 35.65537962317467, 0.43202745436065015]
[18.825525164604187, 34.745941907167435, 0.4320893138683459]
[18.12130695581436, 33.791106790304184, 0.4320645384650561]
[17.419608771800995, 32.79152292013168, 0.4320563243582001]
[16.723823815584183, 31.749801754951477, 0.4320194280171563]
[16.037151515483856, 30.669222712516785, 0.4320416991940874]
[15.361831247806549, 29.552657067775726, 0.4320638421213516]
[14.699162662029266, 28.402044892311096, 0.4320765669144748]
[14.050271034240723, 27.21966391801834, 0.4321392620768165]
[13.41618874669075, 26.00831037759781, 0.43215690474335133]
[12.79746887087822, 24.770309686660767, 0.43216235632189637]
[12.193680554628372, 23.50699496269226, 0.4321752934010874]
[11.602835059165955, 22.217220187187195, 0.4322379068507871]
[11.02038362622261, 20.895301461219788, 0.4323484065098455]
[10.440135300159454, 19.530914962291718, 0.43252045297413133]
[9.856649488210678, 18.113611042499542, 0.43267087440472096]
[9.268690019845963, 16.640229761600494, 0.432670117716043]
[8.680802345275879, 15.122037410736084, 0.4325152598248678]
[8.100827425718307, 13.5795778632164, 0.4322308920236537]
[7.533696353435516, 12.027727365493774, 0.4318747178185731]
[6.981789797544479, 10.476108312606812, 0.43189011242066044]
[6.44785550236702, 8.937931478023529, 0.4319057834036357]
[5.97107221186161, 7.550747394561768, 0.42570670996792614]
[5.537770569324493, 6.295190274715424, 0.43414449552074075]
[5.116480693221092, 5.067537844181061, 0.431914105953183]
[4.715959414839745, 3.8575697541236877, 0.4318618528195657]
[4.338683396577835, 2.660382091999054, 0.4296122759114951]
[3.9833360463380814, 1.4742814302444458, 0.4326871258672327]
[3.6514301896095276, 0.3007841110229492, 0.4303751818370074]
[3.357905328273773, -0.8611536622047424, 0.43157248734496534]
[3.087425395846367, -2.0054171681404114, 0.431931204511784]
[2.819106772542, -3.126727879047394, 0.43169119843514636]
[2.547758087515831, -4.223426520824432, 0.43104966986720683]
[2.2759005576372147, -5.291411876678467, 0.4316297655168455]
[2.010818749666214, -6.308786511421204, 0.4303074081399245]
[1.7493094205856323, -7.291783154010773, 0.4316233451827429]
[1.4922645688056946, -8.248905092477798, 0.43066571647068486]
[1.2425722852349281, -9.181588351726532, 0.43135396757134004]
[0.9972747936844826, -10.089160025119781, 0.4309647655172739]
[0.7531662061810493, -10.968902051448822, 0.4311790660049155]
[0.5118372067809105, -11.810936987400055, 0.4302460689214058]
[0.27932414412498474, -12.594768315553665, 0.43049730835923583]
[0.05428019165992737, -13.347031682729721, 0.43079665991535876]
[-0.1654743254184723, -14.072377681732178, 0.4306585560334497]
[-0.3798801079392433, -14.775703758001328, 0.4306448994539096]
[-0.5886208936572075, -15.463628053665161, 0.4307821562542813]
[-0.7897852957248688, -16.14296007156372, 0.4309909126604907]
[-0.9808747917413712, -16.81885027885437, 0.4312160580448108]
[-1.159521423280239, -17.49464926123619, 0.43110938656900544]
[-1.324735164642334, -18.172757178544998, 0.43127454101340845]
[-1.4775367379188538, -18.855428010225296, 0.4312334173664567]
[-1.6191752925515175, -19.544851690530777, 0.4312873268427211]
[-1.7487798407673836, -20.242318719625473, 0.4313973748467106]
[-1.8631346970796585, -20.94715189933777, 0.4313037359243026]
[-1.9593578688800335, -21.657107651233673, 0.43104658907759585]
[-2.035962663590908, -22.369246065616608, 0.4309829661360709]
[-2.092262174934149, -23.08039367198944, 0.4308379307149153]
[-2.1275846073403955, -23.78677436709404, 0.4308834343410126]
[-2.141128887888044, -24.483577877283096, 0.4307621050029411]
[-2.13264415320009, -25.165415436029434, 0.43081872194306925]
[-2.103926781564951, -25.82757380604744, 0.4306582386052469]
[-2.056905521079898, -26.46715059876442, 0.43064812609463843]
[-1.993489421904087, -27.08303654193878, 0.43050337052045506]
[-1.9131024181842804, -27.67499566078186, 0.4305364832871419]
[-1.8151690624654293, -28.24399647116661, 0.43048030174395535]
[-1.6986404620110989, -28.79199692606926, 0.4303870780568104]
[-1.5636038407683372, -29.32239043712616, 0.4305901740590343]
[-1.4097848013043404, -29.838962197303772, 0.43061454451526515]
[-1.2374306172132492, -30.34571459889412, 0.43091660188656533]
[-1.0467643290758133, -30.847432792186737, 0.43113145875395276]
[1.185410588979721, -34.637832313776016, 0.4310409893096221]
[1.586367130279541, -35.11215436458588, 0.4311859357767389]
[2.0006362944841385, -35.57492357492447, 0.43092343882017303]
[2.4252153038978577, -36.03017081320286, 0.4310262005774348]
[2.8603297621011734, -36.48073646426201, 0.4309903158664383]
[3.3097073286771774, -36.92616720497608, 0.43111822220816975]
[3.7794139236211777, -37.364139407873154, 0.43126561923418194]
[4.276270687580109, -37.79521703720093, 0.4311863029652159]
[4.808099180459976, -38.220916733145714, 0.43143994371348526]
[5.380340576171875, -38.64266358315945, 0.43140402044082293]
[5.994884431362152, -39.05760797858238, 0.4314384630888526]
[6.647488176822662, -39.462043061852455, 0.43147218649846764]
[7.33093997836113, -39.851517990231514, 0.4312596429081168]
[8.038504660129547, -40.221680879592896, 0.4312146699585355]
[8.764790654182434, -40.56931222975254, 0.4310123432223918]
[9.506084144115448, -40.89184494316578, 0.43100668147963006]
[10.259580820798874, -41.188109800219536, 0.43107095656887395]
[11.023477286100388, -41.45833669602871, 0.43097866281459574]
[11.797002047300339, -41.704072661697865, 0.43122297310765134]
[12.580621212720871, -41.927197590470314, 0.4311411139933625]
[13.376508384943008, -42.12910521775484, 0.43145421794906724]
[14.189463704824448, -42.311004154384136, 0.4315863874471688]
[15.027719110250473, -42.474823355674744, 0.4317609921854455]
[15.901767700910568, -42.62131953984499, 0.4319228292697517]
[16.8189757168293, -42.750441536307335, 0.4320114471047418]
[17.779316842556, -42.86060140654445, 0.4319257909519365]
[18.77614587545395, -42.950163040310144, 0.43187179585038393]
[19.800737857818604, -43.01782984659076, 0.4317232524699648]
[20.845861554145813, -43.06266043521464, 0.4317316339693207]
[21.907130300998688, -43.084202248603106, 0.43173151486189454]
[22.981981933116913, -43.08246632083319, 0.43175515338225523]
[24.06946951150894, -43.057973069138825, 0.43185718706445186]
[25.17095398902893, -43.011779218912125, 0.43190087943003164]
[26.290462136268616, -42.944694727659225, 0.4320067656954052]
[26.858886539936066, -42.90356480330229, 0.4320464462689415]
[28.01864355802536, -42.80663473904133, 0.4322175687048002]
[29.219317197799683, -42.69096804410219, 0.43230579892951937]
[30.472558796405792, -42.55795021355152, 0.43254020496533485]
[31.782169222831726, -42.40972141176462, 0.4325091949394846]
[33.14185565710068, -42.249473072588444, 0.4325318164919736]
[34.54042011499405, -42.08126598596573, 0.4324392549115146]
[35.96808886528015, -41.908943846821785, 0.43237759320254554]
[37.419121503829956, -41.7352903932333, 0.4324035498138983]
[38.892063558101654, -41.56221924722195, 0.43249599781120196]
[40.38943541049957, -41.39083081483841, 0.4325864177662879]
[41.91704040765762, -41.221165753901005, 0.43269646250337246]
[43.48233675956726, -41.052635692059994, 0.4327440810786811]
[45.09112071990967, -40.884417317807674, 0.4328661520994501]
[46.744109988212585, -40.71599308401346, 0.43285243749141955]
[48.43658930063248, -40.54713490605354, 0.4327919904681039]
[50.16110050678253, -40.376987263560295, 0.4327458616189688]
[51.91061878204346, -40.20394644886255, 0.4326253917715803]
[53.680118918418884, -40.02542242407799, 0.43261889166296896]
[55.466815769672394, -39.837943725287914, 0.4326011406537873]
[57.27010244131088, -39.63778932392597, 0.43262142991989094]
[59.09213763475418, -39.421671353280544, 0.4326912023279874]
[60.937305092811584, -39.18712753802538, 0.4327695444917481]
[62.81028991937637, -38.93316426873207, 0.4329076807771344]
[64.71399611234665, -38.6602723300457, 0.43290805126162013]
[66.64819133281708, -38.37081451714039, 0.43289952039776836]
[68.61035221815109, -38.0681349337101, 0.4328660456230864]
[70.59722644090652, -37.755749598145485, 0.4329050575852307]
[72.60586059093475, -37.436746299266815, 0.43292247873250744]
[74.6343582868576, -37.113319143652916, 0.4329925361525966]
[76.6822772026062, -36.78677725791931, 0.43298947965604384]
[78.75064635276794, -36.45764243602753, 0.43302571759522834]
[80.84187376499176, -36.12566341459751, 0.43308906811785164]
[82.95896029472351, -35.789764046669006, 0.43314860801365285]
[85.10437083244324, -35.448418751358986, 0.43325019290932687]
[87.27922809123993, -35.10030135512352, 0.4332393074071206]
[89.48264646530151, -34.744998782873154, 0.4332185205651058]
[91.71248638629913, -34.3830279558897, 0.4332108141416029]
[93.96598982810974, -34.01553864777088, 0.43319350774436316]
[96.24047458171844, -33.64355739951134, 0.4331846495344962]
[98.53405380249023, -33.267545998096466, 0.4332203557396497]
[100.84569430351257, -32.88725373148918, 0.43324114306960837]
[103.17551529407501, -32.50210128724575, 0.43326311174678267]
[105.52469646930695, -32.11145335435867, 0.43334431054245215]
[107.89513802528381, -31.713871717453003, 0.43334171193055226]
[110.28828167915344, -31.306027248501778, 0.43337332544251694]
[112.70415997505188, -30.882898524403572, 0.4334513538706233]
[115.14147210121155, -30.440452456474304, 0.43335021235543536]
[117.598113656044, -29.976337373256683, 0.433433281876205]
[120.07191693782806, -29.491427540779114, 0.4333758684128952]
[122.56121671199799, -28.98912823200226, 0.43343734878226314]
[125.06515097618103, -28.47422569990158, 0.4334626952140752]
[127.5837082862854, -27.951316356658936, 0.4335443761992792]
[130.11749601364136, -27.423699915409088, 0.43359782572224503]
[132.66655218601227, -26.892378121614456, 0.43355839212654246]
[135.22987401485443, -26.35639214515686, 0.43360261318230187]
[137.80617773532867, -25.814011126756668, 0.43355997667276824]
[140.39489316940308, -25.264316201210022, 0.4335642179757997]
[142.99703431129456, -24.707235544919968, 0.4335891177893245]
[145.6148600578308, -24.142037451267242, 0.4336227786661766]
[148.25057566165924, -23.565844118595123, 0.43367855893666274]
[150.90536963939667, -22.974049031734467, 0.4336589200011076]
[153.5788447856903, -22.36215451359749, 0.43375919979735045]
[156.2694000005722, -21.728006660938263, 0.43345492793014273]
[158.97431313991547, -21.071965217590332, 0.43366673791751964]
[161.69118738174438, -20.396324276924133, 0.43355593704472994]
[164.4188038110733, -19.705553710460663, 0.4336809282831382]
[167.15708577632904, -19.004459112882614, 0.4336311933120669]
[169.9066984653473, -18.296849936246872, 0.43370095218051574]
[172.66865372657776, -17.584281772375107, 0.43370326832337014]
[175.44419384002686, -16.866402208805084, 0.43376300526688283]
[178.23513197898865, -16.142248690128326, 0.43376621440074814]
[181.0437355041504, -15.411318391561508, 0.43393727394141024]
[183.87209844589233, -14.67356476187706, 0.4338922893502968]
[186.720773935318, -13.929047048091888, 0.43397065651151934]
[189.58783102035522, -13.178536981344223, 0.4338999679018798]
[192.46869325637817, -12.423543512821198, 0.43388243207664345]
[195.35765087604523, -11.666001439094543, 0.43367745116120204]
[198.24925327301025, -10.907679051160812, 0.43358596690086415]
[201.13900697231293, -10.15007758140564, 0.43346298825053964]
[204.0226353406906, -9.394461005926132, 0.4334516889612132]
[206.895277261734, -8.642090082168579, 0.43343617548043767]
[209.7515344619751, -7.894177138805389, 0.43332404763350496]
[212.58575057983398, -7.1519947946071625, 0.43324547131123836]
[215.38636195659637, -6.417640954256058, 0.43252148118335754]
[218.09756195545197, -5.698915809392929, 0.4316171538666822]
[220.76145613193512, -4.979918599128723, 0.4333891655842308]
[223.3922984600067, -4.263895571231842, 0.43281866198958596]
[225.99760675430298, -3.5658238232135773, 0.43281199678312987]
[228.58232808113098, -2.890710860490799, 0.4330676005820351]
[231.14730548858643, -2.231215327978134, 0.43314950761850923]
[233.69075465202332, -1.572356402873993, 0.4328950168855954]
[236.20687687397003, -0.896491676568985, 0.4328135110990843]
[238.68922019004822, -0.19350877404212952, 0.4325422405163408]
[241.13580644130707, 0.5339909195899963, 0.43249461738741957]
[243.5498127937317, 1.271261304616928, 0.43292193227171083]
[244.74663138389587, 1.636256843805313, 0.4331920302065555]
[247.12432503700256, 2.3437406420707703, 0.4332170560792292]
[249.48226535320282, 3.011598289012909, 0.4334120982166496]
[251.80836403369904, 3.642008602619171, 0.4322625211207196]
[254.0963546037674, 4.256650060415268, 0.43250268550764304]
[256.3493368625641, 4.873595356941223, 0.4325513170915656]
[258.56774723529816, 5.495234787464142, 0.432420895776886]
[260.75445318222046, 6.1178871393203735, 0.43258145278377924]
[262.91267907619476, 6.735907942056656, 0.43251947164390003]
[265.045073390007, 7.344607800245285, 0.43250388316300814]
[267.1530293226242, 7.9416389763355255, 0.432446353675914]
[269.2367830276489, 8.527402997016907, 0.43247486364634824]
[271.2950793504715, 9.10460039973259, 0.43233432053239085]
[273.32570934295654, 9.67753803730011, 0.4322718746134342]
[275.3242156505585, 10.250143319368362, 0.43196239724056795]
[277.2848201394081, 10.823964804410934, 0.43211597927074763]
[279.2099941968918, 11.399533689022064, 0.43202237301011337]
[281.10086184740067, 11.975762814283371, 0.43202746756469423]
[282.95912033319473, 12.55193230509758, 0.43204575211711926]
[284.78731739521027, 13.129259407520294, 0.43199114524031756]
[286.5858915448189, 13.71102750301361, 0.4319667476702307]
[288.35502129793167, 14.299478650093079, 0.43199082645151066]
[290.0967319011688, 14.892876386642456, 0.4320066361492536]
[291.8145549297333, 15.484507143497467, 0.43225641160825035]
[293.5121746659279, 16.065567284822464, 0.43221504690518486]
[295.19205927848816, 16.62895229458809, 0.43218686318869004]
[296.85411286354065, 17.17242568731308, 0.4320927014487097]
[298.4958754181862, 17.69927504658699, 0.4319855715439189]
[300.1127582192421, 18.216471433639526, 0.4318539675186912]
[301.6946956515312, 18.729980766773224, 0.43127933811047114]
[303.2281036376953, 19.241163283586502, 0.43140066126943566]
[304.71872341632843, 19.75233167409897, 0.43174743046984076]
[306.17655247449875, 20.264723986387253, 0.4315861378709087]
[307.6035041809082, 20.77847468852997, 0.43164302526565734]
[309.0009809732437, 21.29337513446808, 0.43154372239951044]
[310.37025851011276, 21.80817937850952, 0.4316020243022649]
[311.7123421430588, 22.321164399385452, 0.43152677643229254]
[313.02770334482193, 22.830589324235916, 0.43155013550494914]
[314.31646025180817, 23.33526438474655, 0.4314546335663181]
[315.5785645842552, 23.835425958037376, 0.43149297966192535]
[316.8131810426712, 24.331883162260056, 0.43135485456878087]
[318.01908951997757, 24.824959844350815, 0.43141294400265906]
[319.195484995842, 25.31329084932804, 0.43132698455883656]
[320.33994567394257, 25.792861223220825, 0.4313724801468197]
[321.45559161901474, 26.262094914913177, 0.4313428178575123]
[322.5436331629753, 26.720392152667046, 0.4312822645624692]
[323.6025348305702, 27.168801471590996, 0.43113952975545544]
